ws,year,mo,precip,Ca,Mg,K,Na,Al,NH4,pH,SO4,NO3,Cl,PO4,SiO2
1,1963,6,64.0,0.30,0.07,0.10,0.07,-3.000,-3.000,-3.00,-3.00,-3.000,-3.00,-3.0000,-3.0
1,1963,7,71.3,0.29,0.06,0.11,0.07,-3.000,-3.000,-3.00,-3.00,-3.000,-3.00,-3.0000,-3.0
1,1963,8,145.8,0.19,0.04,0.08,0.04,-3.000,-3.000,-3.00,-3.00,-3.000,-3.00,-3.0000,-3.0
1,1963,9,39.1,0.20,0.08,0.52,0.09,-3.000,-3.000,-3.00,-3.00,-3.000,-3.00,-3.0000,-3.0
1,1963,10,30.7,0.61,0.13,0.89,0.08,-3.000,-3.000,-3.00,-3.00,-3.000,-3.00,-3.0000,-3.0
1,1963,11,206.9,0.18,0.09,0.40,0.14,-3.000,-3.000,-3.00,-3.00,-3.000,-3.00,-3.0000,-3.0
1,1963,12,77.1,0.12,0.02,0.40,0.09,-3.000,-3.000,-3.00,-3.00,-3.000,-3.00,-3.0000,-3.0
1,1964,1,119.9,0.08,0.02,0.03,0.13,-3.000,-3.000,-3.00,-3.00,-3.000,-3.00,-3.0000,-3.0
1,1964,2,43.2,0.13,0.03,0.06,0.08,-3.000,-3.000,-3.00,-3.00,-3.000,-3.00,-3.0000,-3.0
1,1964,3,141.3,0.22,0.05,0.05,0.08,-3.000,-3.000,-3.00,-3.00,-3.000,-3.00,-3.0000,-3.0
1,1964,4,109.8,0.54,0.09,0.06,0.09,-3.000,-3.000,-3.00,-3.00,-3.000,-3.00,-3.0000,-3.0
1,1964,5,99.4,0.49,0.09,0.22,0.07,-3.000,-3.000,-3.00,-3.00,-3.000,0.52,-3.0000,-3.0
1,1964,6,58.7,0.58,0.10,0.27,0.06,-3.000,0.300,4.25,4.20,0.770,0.38,-3.0000,-3.0
1,1964,7,127.4,0.29,0.04,0.21,0.07,-3.000,0.104,3.88,6.65,1.162,0.45,-3.0000,-3.0
1,1964,8,149.8,0.22,0.02,0.12,0.05,-3.000,0.133,4.38,2.11,0.134,0.14,-3.0000,-3.0
1,1964,9,35.7,0.62,0.37,0.22,0.21,-3.000,0.393,3.24,5.63,1.403,6.28,-3.0000,-3.0
1,1964,10,52.0,1.09,0.54,0.39,1.38,-3.000,0.100,4.07,1.48,0.032,12.89,-3.0000,-3.0
1,1964,11,112.9,0.28,0.30,0.15,0.50,-3.000,0.054,4.21,2.30,0.382,4.24,-3.0000,-3.0
1,1964,12,112.7,0.16,0.05,0.03,0.06,-3.000,0.079,4.51,1.78,0.821,0.17,-3.0000,-3.0
1,1965,1,61.4,0.11,0.03,0.03,0.14,-3.000,0.840,4.63,1.90,0.543,0.42,-3.0000,-3.0
1,1965,2,98.4,0.16,0.04,0.05,0.19,-3.000,0.096,4.41,1.68,0.334,0.65,-3.0000,-3.0
1,1965,3,27.4,0.44,0.10,0.15,0.29,-3.000,0.121,4.22,2.88,1.113,0.93,-3.0000,-3.0
1,1965,4,81.1,0.20,0.03,0.11,0.09,-3.000,0.543,4.22,3.83,1.506,0.51,-3.0000,-3.0
1,1965,5,23.7,0.65,0.30,0.23,0.46,-3.000,0.070,4.28,4.85,1.173,10.95,-3.0000,-3.0
1,1965,6,108.0,0.16,0.10,0.05,0.10,-3.000,0.042,4.13,3.95,0.364,4.92,-3.0000,-3.0
1,1965,7,94.3,0.16,0.21,0.07,0.20,-3.000,0.300,4.20,4.15,0.200,7.33,-3.0000,-3.0
1,1965,8,87.8,0.12,0.02,0.03,0.27,-3.000,0.133,4.08,4.26,1.117,0.93,-3.0000,-3.0
1,1965,9,197.6,0.12,0.02,0.02,0.12,-3.000,0.088,4.15,3.33,0.882,1.03,-3.0000,-3.0
1,1965,10,123.1,0.23,0.04,0.05,0.10,-3.000,0.169,4.26,2.67,1.252,1.82,-3.0000,-3.0
1,1965,11,147.2,0.22,0.03,0.06,0.07,-3.000,0.265,4.19,3.16,1.792,0.55,-3.0000,-3.0
1,1965,12,72.0,0.10,0.03,0.08,0.12,-3.000,0.365,4.11,3.43,2.642,0.47,-3.0000,-3.0
1,1966,1,64.9,0.15,0.02,0.05,0.12,-3.000,0.125,4.18,1.60,2.048,0.44,-3.0000,-3.0
1,1966,2,60.1,0.05,0.01,0.02,0.08,-3.000,0.144,4.33,1.56,0.670,0.19,-3.0000,-3.0
1,1966,3,114.0,0.15,0.03,0.03,0.14,-3.000,0.204,4.29,2.24,1.404,0.33,-3.0000,-3.0
1,1966,4,64.6,0.20,0.02,0.04,0.09,-3.000,0.544,3.98,4.51,3.128,0.32,-3.0000,-3.0
1,1966,5,90.0,0.88,0.05,0.06,0.47,-3.000,0.346,4.03,5.24,2.375,0.94,-3.0000,-3.0
1,1966,6,107.4,0.14,0.03,0.07,0.10,-3.000,0.182,4.13,3.96,1.415,0.37,-3.0000,-3.0
1,1966,7,97.8,0.31,0.05,0.06,0.11,-3.000,0.145,3.87,6.06,2.127,1.70,-3.0000,-3.0
1,1966,8,194.2,0.13,0.02,0.01,0.05,-3.000,0.133,4.07,3.58,1.063,0.86,-3.0000,-3.0
1,1966,9,117.1,0.18,0.03,0.02,0.08,-3.000,0.117,4.25,2.72,0.995,1.20,-3.0000,-3.0
1,1966,10,82.5,0.31,0.03,0.02,0.10,-3.000,0.123,3.98,2.63,0.988,4.47,-3.0000,-3.0
1,1966,11,137.9,0.13,0.03,0.04,0.16,-3.000,0.171,4.00,2.36,1.452,2.88,-3.0000,-3.0
1,1966,12,97.8,0.04,0.01,0.02,0.07,-3.000,0.030,4.31,1.01,0.791,0.86,-3.0000,-3.0
1,1967,1,58.0,0.14,0.04,0.08,0.20,-3.000,0.267,4.07,3.13,2.573,0.60,-3.0000,-3.0
1,1967,2,109.3,0.06,0.02,0.10,0.11,-3.000,0.125,4.44,1.59,1.458,0.41,-3.0000,-3.0
1,1967,3,54.2,0.26,0.04,0.05,0.09,-3.000,0.306,4.08,3.76,2.098,0.61,-3.0000,-3.0
1,1967,4,136.1,0.09,0.02,0.03,0.05,-3.000,0.197,4.14,2.76,1.468,0.59,-3.0000,-3.0
1,1967,5,110.6,0.15,0.04,0.07,0.06,-3.000,0.371,4.11,3.49,1.833,1.11,-3.0000,-3.0
1,1967,6,80.4,0.16,0.03,0.07,0.04,-3.000,0.424,4.03,5.40,1.553,0.75,-3.0000,-3.0
1,1967,7,112.3,0.12,0.04,0.03,0.35,-3.000,0.300,3.87,4.95,1.984,0.54,-3.0000,-3.0
1,1967,8,138.8,0.26,0.05,0.07,0.04,-3.000,0.170,4.02,3.98,1.322,0.25,-3.0000,-3.0
1,1967,9,135.7,0.05,0.02,0.03,0.06,-3.000,0.141,4.29,2.24,0.788,0.22,-3.0000,-3.0
1,1967,10,121.0,0.09,0.06,0.14,0.22,-3.000,0.266,4.25,2.79,1.648,0.59,-3.0000,-3.0
1,1967,11,112.4,0.15,0.15,0.04,0.15,-3.000,0.215,4.34,1.79,1.881,0.33,-3.0000,-3.0
1,1967,12,150.9,0.06,0.02,0.01,0.12,-3.000,0.090,4.39,1.87,1.489,0.30,-3.0000,-3.0
1,1968,1,70.4,0.10,0.02,0.05,0.10,-3.000,0.300,4.04,3.30,2.854,0.30,-3.0000,-3.0
1,1968,2,60.1,0.24,0.15,0.07,0.29,-3.000,0.065,4.21,1.91,2.268,0.33,-3.0000,-3.0
1,1968,3,89.4,0.22,0.07,0.04,0.32,-3.000,0.109,4.22,2.53,1.424,0.36,-3.0000,-3.0
1,1968,4,112.5,0.75,0.16,0.20,0.22,-3.000,0.243,4.32,2.57,1.132,0.38,-3.0000,-3.0
1,1968,5,207.6,0.08,0.02,0.07,0.04,-3.000,0.233,4.00,4.01,1.670,0.30,-3.0000,-3.0
1,1968,6,160.1,0.11,0.03,0.06,0.03,-3.000,0.277,4.05,3.83,1.234,0.65,-3.0000,-3.0
1,1968,7,58.3,0.19,0.04,0.08,0.05,-3.000,0.391,3.92,5.58,1.619,0.48,-3.0000,-3.0
1,1968,8,54.7,0.11,0.04,0.03,0.08,-3.000,0.589,3.93,4.24,1.785,1.09,-3.0000,-3.0
1,1968,9,68.4,0.12,0.07,0.04,0.20,-3.000,0.310,4.01,3.02,0.942,0.49,-3.0000,-3.0
1,1968,10,75.4,0.06,0.08,0.18,0.41,-3.000,0.126,4.29,1.33,0.475,1.03,-3.0000,-3.0
1,1968,11,128.1,0.09,0.02,0.04,0.03,-3.000,0.159,4.40,1.52,1.064,0.19,-3.0000,-3.0
1,1968,12,184.8,0.04,0.01,0.01,0.02,-3.000,0.133,4.41,1.12,0.979,0.14,-3.0000,-3.0
1,1969,1,71.0,0.08,0.02,0.04,0.15,-3.000,0.189,4.31,1.79,1.385,0.31,-3.0000,-3.0
1,1969,2,169.3,0.04,0.03,0.01,0.03,-3.000,0.160,4.70,0.74,0.394,0.10,-3.0000,-3.0
1,1969,3,82.3,0.23,0.04,0.06,0.12,-3.000,0.351,3.93,4.12,2.402,0.44,-3.0000,-3.0
1,1969,4,83.0,0.20,0.03,0.05,0.12,-3.000,0.294,3.96,3.75,2.093,0.47,-3.0000,-3.0
1,1969,5,109.0,0.32,0.04,0.10,0.27,-3.000,0.353,4.04,3.50,1.528,0.49,-3.0000,-3.0
1,1969,6,90.3,0.24,0.06,0.15,0.12,-3.000,0.488,4.09,3.27,1.260,0.33,-3.0000,-3.0
1,1969,7,191.2,0.11,0.02,0.03,0.06,-3.000,0.232,4.01,3.28,1.289,0.23,-3.0000,-3.0
1,1969,8,146.2,0.10,0.02,0.02,0.02,-3.000,0.328,4.16,2.00,0.601,0.66,-3.0000,-3.0
1,1969,9,44.9,0.13,0.02,0.13,0.04,-3.000,0.346,4.14,3.28,0.973,0.33,-3.0000,-3.0
1,1969,10,63.9,0.17,0.02,0.11,0.06,-3.000,0.240,4.16,2.70,0.785,0.52,-3.0000,-3.0
1,1969,11,133.0,0.09,0.05,0.06,0.33,-3.000,0.160,4.17,2.25,0.645,0.65,-3.0000,-3.0
1,1969,12,190.2,0.19,0.02,0.02,0.19,-3.000,0.127,4.16,1.22,2.370,0.24,-3.0000,-3.0
1,1970,1,26.2,0.12,0.03,0.04,0.18,-3.000,0.210,4.13,2.14,2.288,0.24,-3.0000,-3.0
1,1970,2,96.0,0.17,0.04,0.04,0.19,-3.000,0.187,4.22,1.82,1.917,0.28,-3.0000,-3.0
1,1970,3,105.7,0.07,0.02,0.02,0.06,-3.000,0.188,4.16,1.99,1.597,0.12,-3.0000,-3.0
1,1970,4,97.5,0.26,0.04,0.04,0.07,-3.000,0.284,4.18,2.50,1.598,0.13,-3.0000,-3.0
1,1970,5,91.0,0.34,0.07,0.20,0.15,-3.000,0.227,4.18,2.47,0.891,0.39,-3.0000,-3.0
1,1970,6,97.3,0.09,0.02,0.04,0.03,-3.000,0.672,3.96,3.82,1.159,0.28,-3.0000,-3.0
1,1970,7,64.0,0.27,0.07,0.26,0.08,-3.000,0.563,3.88,5.59,2.621,0.14,-3.0000,-3.0
1,1970,8,155.7,0.19,0.05,0.22,0.06,-3.000,0.509,3.96,4.17,2.067,0.15,-3.0000,-3.0
1,1970,9,137.9,0.05,0.01,0.08,0.03,-3.000,0.283,3.93,3.35,1.649,0.30,-3.0000,-3.0
1,1970,10,99.8,0.07,0.03,0.04,0.18,-3.000,0.506,3.70,3.89,3.239,0.91,-3.0000,-3.0
1,1970,11,90.0,0.08,0.04,0.05,0.32,-3.000,0.205,4.27,2.04,1.146,0.48,-3.0000,-3.0
1,1970,12,131.3,0.11,0.02,0.10,0.07,-3.000,0.120,4.28,1.55,1.297,0.59,-3.0000,-3.0
1,1971,1,80.6,0.11,0.02,0.05,0.07,-3.000,0.062,4.25,1.44,2.556,0.31,-3.0000,-3.0
1,1971,2,117.3,0.11,0.03,0.02,0.14,-3.000,0.345,4.40,1.67,1.460,0.29,-3.0000,-3.0
1,1971,3,93.0,0.12,0.03,0.03,0.05,-3.000,0.085,4.37,0.95,1.524,0.26,-3.0000,-3.0
1,1971,4,49.1,0.64,0.32,0.10,0.27,-3.000,0.446,3.91,4.77,3.051,0.42,-3.0000,-3.0
1,1971,5,110.8,0.20,0.04,0.10,0.09,-3.000,0.471,3.84,5.70,2.585,0.62,-3.0000,-3.0
1,1971,6,67.4,0.14,0.02,0.05,0.02,-3.000,0.418,3.97,4.92,1.657,0.34,-3.0000,-3.0
1,1971,7,144.3,0.10,0.02,0.02,0.05,-3.000,0.309,4.13,3.77,1.265,0.22,-0.2650,-3.0
1,1971,8,112.0,0.04,0.02,0.01,0.12,-3.000,0.070,4.74,0.90,0.230,0.25,-0.9950,-3.0
1,1971,9,75.2,0.03,0.02,0.02,0.10,-3.000,0.295,4.05,2.38,1.328,0.96,-0.9750,-3.0
1,1971,10,103.5,0.13,0.06,0.04,0.31,-3.000,0.100,4.03,2.40,1.790,1.10,0.0100,-3.0
1,1971,11,99.2,0.08,0.03,0.01,0.13,-3.000,0.092,4.11,2.65,2.267,0.40,0.0040,-3.0
1,1971,12,119.5,0.07,0.02,0.02,0.06,-3.000,0.140,4.28,1.98,1.894,0.27,0.0030,-3.0
1,1972,1,69.4,0.10,0.02,0.03,0.14,-3.000,0.169,4.21,2.32,2.103,0.35,0.0120,-3.0
1,1972,2,80.8,0.13,0.03,0.02,0.17,-3.000,0.170,4.21,1.37,2.503,0.35,0.0150,-3.0
1,1972,3,170.5,0.05,0.06,0.02,0.07,-3.000,0.180,4.27,2.13,1.604,0.18,0.0130,-3.0
1,1972,4,88.2,0.23,0.03,0.03,0.06,-3.000,0.483,4.01,4.22,2.506,0.20,0.0130,-3.0
1,1972,5,87.7,0.14,0.04,0.07,0.09,-3.000,0.426,3.96,3.47,2.285,0.40,0.0100,-3.0
1,1972,6,116.9,0.13,0.04,0.11,0.16,-3.000,0.242,4.02,2.93,1.408,0.81,0.0400,-3.0
1,1972,7,160.1,0.07,0.01,0.03,0.02,-3.000,0.255,4.05,3.47,1.398,0.17,0.0150,-3.0
1,1972,8,159.8,0.07,0.02,0.02,0.06,-3.000,0.276,3.98,4.15,1.973,0.22,0.0220,-3.0
1,1972,9,48.0,0.09,0.02,0.05,0.09,-3.000,0.346,3.95,4.61,2.349,0.81,0.0210,-3.0
1,1972,10,91.0,0.09,0.04,0.07,0.22,-3.000,0.159,4.23,2.23,1.663,0.64,0.0120,-3.0
1,1972,11,174.6,0.04,0.03,0.02,0.06,-3.000,0.069,4.30,1.81,1.190,0.23,0.0040,-3.0
1,1972,12,188.9,0.08,0.09,0.03,0.08,-3.000,0.046,4.31,2.13,1.282,0.22,0.0050,-3.0
1,1973,1,126.7,0.07,0.02,0.02,0.17,-3.000,0.108,4.40,1.69,1.260,0.31,0.0080,-3.0
1,1973,2,88.4,0.03,0.01,0.02,0.07,-3.000,0.046,4.22,1.15,0.959,0.99,0.0010,-3.0
1,1973,3,93.1,0.12,0.03,0.03,0.13,-3.000,0.101,4.22,2.25,1.362,0.84,0.0040,-3.0
1,1973,4,101.3,0.05,0.03,0.03,0.17,-3.000,0.069,4.32,1.70,1.339,0.29,0.0220,-3.0
1,1973,5,165.6,0.05,0.01,0.04,0.03,-3.000,0.134,4.19,2.41,1.513,0.42,0.0050,-3.0
1,1973,6,362.2,0.05,0.01,0.03,0.08,-3.000,0.160,4.19,3.38,1.532,0.18,0.0060,-3.0
1,1973,7,86.6,0.21,0.04,0.05,0.03,-3.000,0.431,4.05,4.54,1.903,0.24,0.0060,-3.0
1,1973,8,117.5,0.07,0.01,0.03,0.03,-3.000,0.204,4.11,3.88,1.386,0.27,0.0040,-3.0
1,1973,9,148.5,0.07,0.02,0.03,0.05,-3.000,0.256,3.97,5.00,2.117,0.23,0.0040,-3.0
1,1973,10,95.9,0.26,0.05,0.26,0.07,-3.000,0.439,4.17,3.10,2.574,0.43,0.0170,-3.0
1,1973,11,133.9,0.17,0.03,0.04,0.10,-3.000,0.349,4.09,3.24,3.028,0.21,0.0080,-3.0
1,1973,12,286.4,0.05,0.01,0.02,0.10,-3.000,0.055,4.64,0.88,0.683,0.22,0.0060,-3.0
1,1974,1,115.1,0.07,0.01,0.03,0.06,-3.000,0.147,4.31,1.93,1.703,0.23,0.0050,-3.0
1,1974,2,89.0,0.09,0.01,0.01,0.08,-3.000,0.088,4.38,1.64,1.327,0.20,0.0020,-3.0
1,1974,3,124.8,0.15,0.03,0.03,0.12,-3.000,0.140,4.37,1.91,1.816,0.24,0.0020,-3.0
1,1974,4,133.2,0.19,0.03,0.04,0.08,-3.000,0.224,4.13,2.68,1.774,0.29,0.0050,-3.0
1,1974,5,163.5,0.12,0.03,0.05,0.05,-3.000,0.271,4.09,3.42,1.485,0.25,0.0210,-3.0
1,1974,6,122.9,0.08,0.02,0.04,0.07,-3.000,0.122,4.16,2.53,1.107,0.29,0.0060,-3.0
1,1974,7,101.2,0.15,0.03,0.07,0.04,-3.000,0.322,4.02,4.48,1.597,0.19,0.0170,-3.0
1,1974,8,131.9,0.04,0.01,0.03,0.02,-3.000,0.152,4.06,3.98,1.168,0.13,0.0130,-3.0
1,1974,9,165.5,0.03,0.02,0.03,0.05,-3.000,0.131,4.16,2.86,1.124,0.41,0.0030,-3.0
1,1974,10,45.4,0.35,0.06,0.73,0.12,-3.000,0.585,3.88,6.62,2.950,0.71,0.0090,-3.0
1,1974,11,119.6,0.01,0.01,0.07,0.06,-3.000,0.115,4.33,1.57,1.254,0.25,0.0040,-3.0
1,1974,12,101.0,0.03,0.05,0.03,0.36,-3.000,0.100,4.33,1.96,1.605,0.64,0.0040,-3.0
1,1975,1,112.7,0.04,0.02,0.02,0.09,-3.000,0.075,4.42,1.40,1.593,0.24,0.0070,-3.0
1,1975,2,79.2,0.06,0.01,0.02,0.05,-3.000,0.103,4.34,1.60,1.778,0.21,0.0050,-3.0
1,1975,3,140.0,0.10,0.07,0.03,0.50,-3.000,0.164,4.26,2.55,1.943,0.89,0.0030,-3.0
1,1975,4,62.6,0.25,0.04,0.04,0.09,-3.000,0.542,4.12,4.10,2.528,0.34,0.0050,-3.0
1,1975,5,37.7,0.30,0.05,0.11,0.05,-3.000,0.499,3.78,5.17,3.640,0.62,0.0410,-3.0
1,1975,6,167.9,0.05,0.01,0.03,0.03,-3.000,0.132,4.15,2.64,1.380,0.19,0.0050,-3.0
1,1975,7,181.8,0.02,0.01,0.01,0.03,-3.000,0.118,4.17,2.55,1.350,0.14,0.0030,-3.0
1,1975,8,95.8,0.11,0.02,0.02,0.03,-3.000,0.167,3.97,4.11,1.733,0.21,0.0080,-3.0
1,1975,9,166.6,0.07,0.01,0.01,0.03,-3.000,0.097,4.23,2.40,0.945,0.16,0.0030,-3.0
1,1975,10,142.3,0.12,0.01,0.01,0.02,-3.000,0.012,4.81,0.78,0.181,0.10,0.0030,-3.0
1,1975,11,133.8,0.03,0.01,0.01,0.04,-3.000,0.088,4.30,1.37,1.388,0.20,0.0060,-3.0
1,1975,12,112.1,0.02,0.01,0.01,0.05,-3.000,0.059,4.51,1.12,0.917,0.23,0.0030,-3.0
1,1976,1,141.3,0.01,0.02,0.02,0.15,-3.000,0.108,4.17,2.08,2.197,0.39,0.0110,-3.0
1,1976,2,122.2,0.07,0.02,0.02,0.08,-3.000,0.138,4.34,1.83,1.590,0.17,0.0070,-3.0
1,1976,3,108.8,0.28,0.04,0.03,0.16,-3.000,0.268,4.13,2.90,3.122,0.38,0.0030,-3.0
1,1976,4,87.0,0.05,0.02,0.05,0.03,-3.000,0.186,4.31,2.91,0.840,0.13,0.0090,-3.0
1,1976,5,193.3,0.07,0.03,0.09,0.04,-3.000,0.263,4.21,3.20,1.345,0.16,0.0330,-3.0
1,1976,6,112.1,0.07,0.02,0.02,0.06,-3.000,0.132,4.19,3.07,1.332,0.22,0.0060,-3.0
1,1976,7,106.3,0.08,0.02,0.04,0.03,-3.000,0.173,4.12,3.46,1.361,0.30,0.0140,-3.0
1,1976,8,140.9,0.05,0.02,0.03,0.07,-3.000,0.164,4.16,2.88,1.213,0.19,0.0110,-3.0
1,1976,9,134.4,0.06,0.03,0.03,0.10,-3.000,0.208,4.08,3.69,1.969,0.22,0.0070,-3.0
1,1976,10,206.4,0.02,0.01,0.05,0.02,-3.000,0.094,4.40,1.69,1.125,0.13,0.0050,-3.0
1,1976,11,60.6,0.11,0.02,0.03,0.08,-3.000,0.279,4.08,2.60,2.778,0.58,0.0170,-3.0
1,1976,12,104.3,0.16,0.03,0.02,0.14,-3.000,0.135,4.24,1.30,2.494,0.54,0.0200,-3.0
1,1977,1,77.6,0.03,0.01,0.02,0.05,-3.000,0.117,4.32,1.09,2.216,0.61,0.0070,-3.0
1,1977,2,75.3,0.06,0.01,0.02,0.09,-3.000,0.398,4.12,2.13,2.963,0.74,0.0080,-3.0
1,1977,3,159.4,0.08,0.01,0.01,0.05,-3.000,0.096,4.50,1.16,0.884,0.42,0.0080,-3.0
1,1977,4,111.0,0.25,0.05,0.03,0.07,-3.000,0.214,4.24,2.35,2.796,0.23,0.0110,-3.0
1,1977,5,40.4,0.32,0.07,0.11,0.05,-3.000,0.241,4.07,4.46,2.518,0.38,0.0150,-3.0
1,1977,6,123.8,0.13,0.04,0.11,0.03,-3.000,0.201,4.00,4.47,2.053,0.26,0.0140,-3.0
1,1977,7,68.7,0.06,0.02,0.02,0.02,-3.000,0.199,3.90,4.75,2.609,0.25,0.0080,-3.0
1,1977,8,100.1,0.12,0.03,0.03,0.03,-3.000,0.334,3.71,7.49,3.958,0.18,0.0090,-3.0
1,1977,9,198.4,0.04,0.02,0.04,0.06,-3.000,0.094,4.25,2.09,1.200,0.11,0.0090,-3.0
1,1977,10,194.3,0.05,0.02,0.12,0.02,-3.000,0.066,4.40,1.43,0.931,0.27,0.0080,-3.0
1,1977,11,100.9,0.05,0.05,0.04,0.33,-3.000,0.096,4.25,1.83,1.408,0.56,0.0060,-3.0
1,1977,12,138.6,0.03,0.02,0.02,0.03,-3.000,0.056,4.50,1.02,1.038,0.13,0.0060,-3.0
1,1978,1,231.4,0.03,0.02,0.01,0.10,-3.000,0.023,4.64,0.88,0.598,0.29,0.0050,-3.0
1,1978,2,35.8,0.07,0.02,0.01,0.07,-3.000,0.027,4.43,0.85,0.881,0.40,0.0060,-3.0
1,1978,3,69.1,0.16,0.05,0.02,0.24,-3.000,0.105,4.08,2.93,2.634,0.61,0.0110,-3.0
1,1978,4,76.8,0.20,0.05,0.02,0.19,-3.000,0.482,3.89,4.43,3.432,0.65,0.0150,-3.0
1,1978,5,104.9,0.09,0.02,0.02,0.03,-3.000,0.242,4.11,3.14,1.670,0.17,0.0080,-3.0
1,1978,6,142.3,0.09,0.02,0.03,0.02,-3.000,0.235,4.06,3.90,1.681,0.13,0.0140,-3.0
1,1978,7,50.9,0.12,0.03,0.05,0.01,-3.000,0.235,3.95,4.74,1.924,0.18,0.0160,-3.0
1,1978,8,88.3,0.12,0.02,0.04,0.01,-3.000,0.231,3.99,4.38,1.559,0.15,0.0220,-3.0
1,1978,9,34.5,0.04,0.02,0.03,0.06,-3.000,0.560,3.94,4.76,2.072,0.31,0.0080,-3.0
1,1978,10,92.9,0.07,0.03,0.34,0.19,-3.000,0.161,4.11,2.42,2.085,0.41,0.0090,-3.0
1,1978,11,62.1,0.02,0.02,0.01,0.05,-3.000,0.071,4.36,1.42,1.084,0.23,0.0090,-3.0
1,1978,12,102.6,0.04,0.02,0.01,0.04,-3.000,0.065,4.37,1.09,1.924,0.26,0.0100,-3.0
1,1979,1,218.3,0.01,0.01,0.01,0.02,-3.000,0.028,4.50,0.60,1.129,0.13,0.0090,-3.0
1,1979,2,54.3,0.04,0.03,0.02,0.11,-3.000,0.111,4.13,2.78,1.444,0.19,0.0390,-3.0
1,1979,3,139.2,0.07,0.08,0.02,0.56,-3.000,0.219,4.04,3.06,2.167,1.11,0.0250,-3.0
1,1979,4,130.2,0.09,0.03,0.02,0.10,-3.000,0.212,4.17,2.79,1.684,0.37,0.0300,-3.0
1,1979,5,154.4,0.04,0.01,0.03,0.07,-3.000,0.231,4.18,2.69,1.964,0.15,0.0120,-3.0
1,1979,6,55.0,0.11,0.04,0.10,0.07,-3.000,0.100,4.12,3.11,1.808,0.17,0.0300,-3.0
1,1979,7,71.8,0.03,0.01,0.03,0.04,-3.000,0.121,4.04,2.72,1.448,0.19,0.0130,-3.0
1,1979,8,131.7,0.05,0.02,0.04,0.03,-3.000,0.183,4.11,3.12,1.515,0.14,0.0110,-3.0
1,1979,9,125.5,0.09,0.03,0.04,0.08,-3.000,0.060,4.36,1.43,0.812,0.26,0.0130,-3.0
1,1979,10,148.4,0.09,0.04,0.22,0.06,-3.000,0.125,4.36,1.92,1.288,0.25,0.0140,-3.0
1,1979,11,118.5,0.07,0.03,0.12,0.20,-3.000,0.273,4.08,2.79,2.801,0.43,0.0140,-3.0
1,1979,12,76.8,0.05,0.02,0.05,0.08,-3.000,0.139,4.31,1.92,1.530,0.19,0.0500,-3.0
1,1980,1,53.6,0.13,0.06,0.04,0.46,-3.000,0.114,4.34,1.31,2.009,0.81,0.0120,-3.0
1,1980,2,36.7,0.10,0.02,0.03,0.10,-3.000,0.069,4.25,1.25,2.727,0.32,0.0170,-3.0
1,1980,3,134.4,0.07,0.02,0.02,0.07,-3.000,0.163,4.33,1.50,1.614,0.19,0.0080,-3.0
1,1980,4,127.2,0.20,0.05,0.04,0.20,-3.000,0.310,4.20,2.91,1.880,0.32,0.0160,-3.0
1,1980,5,57.6,0.20,0.05,0.10,0.05,-3.000,0.403,4.20,3.08,1.799,0.18,0.0460,-3.0
1,1980,6,77.4,0.08,0.02,0.05,0.05,-3.000,0.212,4.11,2.86,1.507,0.17,0.0190,-3.0
1,1980,7,87.3,0.09,0.02,0.02,0.03,-3.000,0.211,4.10,3.50,1.658,0.17,0.0190,-3.0
1,1980,8,83.3,0.08,0.01,0.02,0.05,-3.000,0.297,4.01,4.40,2.024,0.18,0.0110,-3.0
1,1980,9,132.9,0.09,0.04,0.03,0.10,-3.000,0.293,4.04,3.88,2.131,0.18,0.0070,-3.0
1,1980,10,114.4,0.11,0.03,0.12,0.21,-3.000,0.138,4.29,1.88,1.507,0.40,0.0070,-3.0
1,1980,11,122.3,0.11,0.02,0.03,0.02,-3.000,0.169,4.42,1.10,1.769,0.10,0.0100,-3.0
1,1980,12,66.9,0.10,0.01,0.03,0.15,-3.000,0.188,4.26,1.32,2.650,0.32,0.0160,-3.0
1,1981,1,22.5,0.10,0.01,0.01,0.10,-3.000,0.085,4.07,1.03,4.564,0.54,0.0160,-3.0
1,1981,2,259.1,0.04,0.05,0.03,0.37,-3.000,0.083,4.61,0.98,0.618,0.62,0.0140,-3.0
1,1981,3,41.7,0.21,0.04,0.03,0.19,-3.000,0.249,4.16,2.01,3.505,0.30,0.0200,-3.0
1,1981,4,119.2,0.15,0.03,0.04,0.08,-3.000,0.350,4.15,3.13,1.864,0.16,0.0230,-3.0
1,1981,5,128.0,0.13,0.07,0.25,0.21,-3.000,0.286,4.25,3.11,1.400,0.35,0.2740,-3.0
1,1981,6,161.5,0.07,0.01,0.05,0.02,-3.000,0.347,4.06,4.03,1.724,0.11,0.0170,-3.0
1,1981,7,231.3,0.07,0.02,0.03,0.03,-3.000,0.140,4.31,2.28,1.136,0.10,0.0220,-3.0
1,1981,8,138.5,0.04,0.01,0.05,0.01,-3.000,0.262,4.16,3.48,0.993,0.07,0.0220,-3.0
1,1981,9,147.4,0.07,0.02,0.05,0.04,-3.000,0.341,4.17,3.12,1.534,0.11,0.0190,-3.0
1,1981,10,198.8,0.02,0.01,0.04,0.04,-3.000,0.099,4.44,1.35,1.011,0.10,0.0080,-3.0
1,1981,11,65.2,0.05,0.02,0.05,0.05,-3.000,0.173,4.34,1.80,1.522,0.13,0.0130,-3.0
1,1981,12,128.0,0.02,0.01,0.01,0.02,-3.000,0.042,4.64,0.63,0.973,0.06,0.0090,-3.0
1,1982,1,117.4,0.03,0.01,0.01,0.04,-3.000,0.057,4.59,0.72,1.078,0.11,0.0060,-3.0
1,1982,2,72.3,0.04,0.02,0.01,0.06,-3.000,0.068,4.43,1.20,1.726,0.13,0.0060,-3.0
1,1982,3,110.5,0.10,0.02,0.01,0.09,-3.000,0.157,4.27,2.10,1.797,0.13,0.0070,-3.0
1,1982,4,101.1,0.25,0.05,0.03,0.11,-3.000,0.329,4.22,2.59,2.827,0.20,0.0210,-3.0
1,1982,5,28.9,0.17,0.06,0.34,0.02,-3.000,0.282,4.29,2.71,1.304,0.13,0.7960,-3.0
1,1982,6,157.0,0.05,0.02,0.07,0.04,-3.000,0.175,4.40,1.84,1.139,0.10,0.0120,-3.0
1,1982,7,71.3,0.06,0.02,0.05,0.03,-3.000,0.182,3.93,2.75,1.388,0.12,0.0170,-3.0
1,1982,8,67.9,0.07,0.02,0.05,0.03,-3.000,0.279,4.16,3.07,1.913,0.11,0.0330,-3.0
1,1982,9,109.7,0.03,0.01,0.03,0.02,-3.000,0.229,4.15,3.22,1.266,0.08,0.0150,-3.0
1,1982,10,51.2,0.07,0.12,0.18,0.03,-3.000,0.242,4.13,2.73,1.776,0.11,0.0200,-3.0
1,1982,11,143.7,0.06,0.04,0.05,0.23,-3.000,0.146,4.32,2.07,1.765,0.30,0.0080,-3.0
1,1982,12,69.0,0.07,0.02,0.05,0.08,-3.000,0.165,4.33,1.85,1.511,0.22,0.0270,-3.0
1,1983,1,120.1,0.03,0.02,0.03,0.07,-3.000,0.062,4.75,0.72,0.553,0.13,0.0100,-3.0
1,1983,2,83.4,0.04,0.02,0.02,0.18,-3.000,0.221,4.19,2.87,1.458,0.27,0.0090,-3.0
1,1983,3,133.9,0.04,0.01,0.01,0.08,-3.000,0.068,4.72,0.84,0.538,0.16,0.0060,-3.0
1,1983,4,117.7,0.10,0.03,0.04,0.14,-3.000,0.284,4.25,2.42,1.654,0.20,0.0200,-3.0
1,1983,5,192.4,0.13,0.03,0.06,0.07,-3.000,0.376,4.21,3.15,1.959,0.16,0.0380,-3.0
1,1983,6,33.0,0.15,0.03,0.13,0.01,-3.000,0.240,4.24,2.95,1.562,0.09,0.0370,-3.0
1,1983,7,73.4,0.12,0.03,0.04,0.02,-3.000,0.235,4.23,2.65,1.175,0.13,0.0190,-3.0
1,1983,8,150.4,0.04,0.01,0.02,0.01,-3.000,0.181,4.21,2.56,1.227,0.07,0.0080,-3.0
1,1983,9,44.9,0.08,0.03,0.05,0.13,-3.000,0.146,4.46,1.84,0.789,0.24,0.0130,-3.0
1,1983,10,97.8,0.16,0.04,0.09,0.26,-3.000,0.050,4.55,1.02,0.610,0.35,0.0060,-3.0
1,1983,11,201.1,0.02,0.01,0.02,0.04,-3.000,0.076,4.45,1.16,1.000,0.09,0.0100,-3.0
1,1983,12,198.4,0.05,0.02,0.02,0.08,-3.000,0.031,4.68,0.63,0.655,0.15,0.0040,-3.0
1,1984,1,52.1,0.07,0.01,0.02,0.07,-3.000,0.125,4.26,1.50,2.263,0.18,0.0120,-3.0
1,1984,2,117.9,0.12,0.03,0.03,0.15,-3.000,0.142,4.30,1.77,1.691,0.26,0.0080,-3.0
1,1984,3,126.9,0.09,0.02,0.03,0.05,-3.000,0.024,4.62,0.68,0.698,0.11,0.0090,-3.0
1,1984,4,128.6,0.08,0.03,0.03,0.11,-3.000,0.123,4.39,1.48,0.950,0.21,0.0210,-3.0
1,1984,5,302.5,0.03,0.01,0.09,0.01,-3.000,0.045,4.86,0.49,0.377,0.06,0.0290,-3.0
1,1984,6,173.6,0.07,0.02,0.07,0.04,-3.000,0.260,4.29,2.61,1.240,0.11,0.0160,-3.0
1,1984,7,136.9,0.08,0.02,0.02,0.03,-3.000,0.286,4.06,3.94,1.995,0.12,0.0100,-3.0
1,1984,8,31.3,0.10,0.02,0.04,0.04,-3.000,0.323,3.84,6.13,3.374,0.16,0.0150,-3.0
1,1984,9,37.9,0.12,0.02,0.06,0.08,-3.000,0.255,4.24,2.81,1.588,0.13,0.0190,-3.0
1,1984,10,79.8,0.12,0.03,0.16,0.06,-3.000,0.195,4.30,2.26,1.844,0.11,0.0230,-3.0
1,1984,11,117.3,0.02,0.02,0.03,0.14,-3.000,0.066,4.52,1.02,0.843,0.25,0.0070,-3.0
1,1984,12,99.9,0.03,0.01,0.02,0.06,-3.000,0.062,4.63,0.74,0.847,0.10,0.0080,-3.0
1,1985,1,58.8,0.04,0.02,0.05,0.10,-3.000,0.125,4.17,1.07,3.860,0.23,0.0120,-3.0
1,1985,2,87.2,0.04,0.02,0.04,0.11,-3.000,0.100,4.30,1.77,1.631,0.24,0.0190,-3.0
1,1985,3,89.6,0.08,0.01,0.02,0.04,-3.000,0.153,4.52,1.25,1.193,0.12,0.0140,-3.0
1,1985,4,63.0,0.22,0.05,0.04,0.10,-3.000,0.409,4.24,3.01,2.314,0.23,0.0230,-3.0
1,1985,5,103.6,0.20,0.04,0.05,0.07,-3.000,0.410,4.13,3.84,2.310,0.17,0.0170,-3.0
1,1985,6,120.3,0.10,0.02,0.04,0.04,-3.000,0.264,4.24,2.98,1.532,0.13,0.0150,-3.0
1,1985,7,54.0,0.11,0.03,0.03,0.07,-3.000,0.053,4.31,2.04,0.967,0.15,0.0160,-3.0
1,1985,8,85.1,0.05,0.01,0.02,0.05,-3.000,0.201,4.08,3.62,1.891,0.12,0.0140,-3.0
1,1985,9,147.4,0.03,0.01,0.02,0.04,-3.000,0.026,4.79,0.63,0.382,0.11,0.0090,-3.0
1,1985,10,113.5,0.05,0.01,0.05,0.04,-3.000,0.183,4.17,2.70,1.699,0.12,0.0130,-3.0
1,1985,11,132.1,0.07,0.02,0.01,0.05,-3.000,0.075,4.52,0.88,1.403,0.11,0.0060,-3.0
1,1985,12,81.9,0.06,0.02,0.02,0.11,-3.000,0.176,4.33,1.12,2.488,0.23,0.0160,-3.0
1,1986,1,208.3,0.02,0.02,0.01,0.04,-3.000,0.041,4.76,0.52,0.513,0.10,0.0100,-3.0
1,1986,2,73.2,0.02,0.01,0.01,0.07,-3.000,0.044,4.45,1.12,1.107,0.15,0.0100,-3.0
1,1986,3,123.6,0.09,0.01,0.02,0.06,-3.000,0.214,4.27,2.20,1.802,0.12,0.0150,-3.0
1,1986,4,60.0,0.10,0.03,0.03,0.12,-3.000,0.234,4.15,3.15,2.071,0.24,0.0150,-3.0
1,1986,5,119.2,0.13,0.03,0.07,0.08,-3.000,0.309,4.43,1.91,1.404,0.16,0.0310,-3.0
1,1986,6,84.3,0.16,0.04,0.11,0.02,-3.000,0.244,4.24,2.91,1.467,0.11,0.0290,-3.0
1,1986,7,141.3,0.03,0.01,0.02,0.01,-3.000,0.112,4.29,2.03,1.223,0.06,0.0500,-3.0
1,1986,8,167.1,0.03,0.01,0.01,0.02,-3.000,0.351,4.05,4.11,1.861,0.10,0.0200,-3.0
1,1986,9,97.9,0.04,0.01,0.02,0.05,-3.000,0.183,4.09,3.12,1.842,0.14,0.0160,-3.0
1,1986,10,61.3,0.07,0.02,0.03,0.04,-3.000,0.212,4.23,2.73,1.640,0.08,0.0150,-3.0
1,1986,11,132.9,0.03,0.01,0.01,0.05,-3.000,0.078,4.46,1.05,1.108,0.13,0.0120,-3.0
1,1986,12,104.8,0.01,0.02,0.01,0.09,-3.000,0.071,4.67,0.66,0.632,0.17,0.0080,-3.0
1,1987,1,89.7,0.02,0.01,0.01,0.04,-3.000,0.140,4.41,0.97,1.678,0.12,0.0140,-3.0
1,1987,2,11.4,0.13,0.03,0.02,0.34,-3.000,0.196,4.13,1.12,4.739,0.62,0.0120,-3.0
1,1987,3,164.5,0.03,0.02,0.01,0.08,-3.000,0.036,4.70,0.68,0.502,0.20,0.0110,-3.0
1,1987,4,69.2,0.04,0.02,0.02,0.11,-3.000,0.070,4.69,0.70,0.583,0.27,0.0210,-3.0
1,1987,5,83.8,0.09,0.03,0.07,0.04,-3.000,0.311,4.34,2.54,0.987,0.08,0.0160,-3.0
1,1987,6,194.2,0.10,0.01,0.05,0.04,-3.000,0.223,4.42,1.72,0.934,0.13,0.0210,-3.0
1,1987,7,73.0,0.06,0.02,0.03,0.02,-3.000,0.325,4.14,3.40,1.597,0.10,0.0390,-3.0
1,1987,8,110.1,0.04,0.01,0.02,0.02,-3.000,0.223,4.20,2.70,1.299,0.06,0.0210,-3.0
1,1987,9,155.5,0.04,0.03,0.04,0.17,-3.000,0.060,4.46,1.27,0.807,0.32,0.0180,-3.0
1,1987,10,105.5,0.13,0.04,0.19,0.15,-3.000,0.224,4.18,2.28,2.241,0.31,0.0460,-3.0
1,1987,11,113.0,0.07,0.04,0.05,0.20,-3.000,0.244,4.25,1.96,1.859,0.37,0.0220,-3.0
1,1987,12,58.6,0.07,0.01,0.02,0.07,-3.000,0.200,4.24,1.48,2.486,0.15,0.0280,-3.0
1,1988,1,60.6,0.09,0.02,0.02,0.07,-3.000,0.092,4.51,0.88,1.346,0.29,0.0140,-3.0
1,1988,2,78.2,0.06,0.02,0.01,0.08,-3.000,0.078,4.59,0.75,0.980,0.17,0.0290,-3.0
1,1988,3,47.3,0.19,0.06,0.04,0.25,-3.000,0.415,4.06,2.83,4.209,0.43,0.1030,-3.0
1,1988,4,97.0,0.12,0.03,0.02,0.09,-3.000,0.325,4.16,2.86,2.349,0.22,0.0380,-3.0
1,1988,5,86.9,0.11,0.04,0.18,0.04,-3.000,0.258,4.20,2.42,1.793,0.20,0.0530,-3.0
1,1988,6,68.5,0.30,0.05,0.05,0.03,-3.000,0.400,4.23,2.74,2.175,0.15,0.0300,-3.0
1,1988,7,109.8,0.09,0.02,0.03,0.01,-3.000,0.232,4.10,3.16,1.483,0.11,0.0240,-3.0
1,1988,8,135.3,0.07,0.02,0.02,0.03,-3.000,0.093,4.31,1.79,0.886,0.09,0.0130,-3.0
1,1988,9,71.6,0.05,0.02,0.02,0.04,-3.000,0.236,4.22,2.48,1.618,0.11,0.0150,-3.0
1,1988,10,55.6,0.15,0.04,0.08,0.15,-3.000,0.660,3.99,3.99,3.901,0.30,0.0400,-3.0
1,1988,11,134.1,0.03,0.03,0.07,0.13,-3.000,0.076,4.46,1.17,2.539,0.25,0.0070,-3.0
1,1988,12,63.0,0.11,0.03,0.03,0.15,-3.000,0.154,4.43,1.35,1.414,0.25,0.0050,-3.0
1,1989,1,72.8,0.11,0.04,0.03,0.29,-3.000,0.291,4.23,1.90,2.984,0.55,0.0060,-3.0
1,1989,2,67.2,0.04,0.01,0.01,0.07,-3.000,0.165,4.38,1.41,2.036,0.14,0.0060,-3.0
1,1989,3,86.7,0.18,0.04,0.03,0.14,-3.000,0.217,4.25,2.55,2.005,0.20,0.0070,-3.0
1,1989,4,92.1,0.06,0.01,0.01,0.05,-3.000,0.250,4.24,1.96,1.721,0.11,0.0060,-3.0
1,1989,5,195.9,0.06,0.02,0.05,0.06,-3.000,0.130,4.40,1.70,0.922,0.13,0.0130,-3.0
1,1989,6,150.2,0.06,0.01,0.05,0.02,-3.000,0.294,4.27,2.39,1.486,0.09,0.0310,-3.0
1,1989,7,76.8,0.19,0.03,0.04,0.02,-3.000,0.644,4.19,3.70,1.919,0.12,0.0110,-3.0
1,1989,8,138.0,0.02,0.01,0.03,0.04,-3.000,0.301,4.23,2.72,1.366,0.09,0.0070,-3.0
1,1989,9,130.6,0.08,0.06,0.05,0.19,-3.000,0.152,4.22,2.38,1.608,0.35,0.0250,-3.0
1,1989,10,190.9,0.09,0.04,0.16,0.08,-3.000,0.072,4.50,1.02,0.918,0.17,0.0160,-3.0
1,1989,11,157.2,0.09,0.03,0.05,0.17,-3.000,0.147,4.41,1.38,1.649,0.31,0.0140,-3.0
1,1989,12,62.9,0.09,0.01,0.04,0.09,-3.000,0.125,4.29,1.22,2.527,0.19,0.0160,-3.0
1,1990,1,144.8,0.05,0.01,0.03,0.06,-3.000,0.203,4.29,1.59,1.793,0.15,0.0110,-3.0
1,1990,2,85.5,0.06,0.01,0.02,0.06,-3.000,0.128,4.34,1.06,1.614,0.20,0.0100,-3.0
1,1990,3,72.4,0.10,0.03,0.02,0.10,-3.000,0.232,4.30,2.05,1.336,0.21,0.0130,-3.0
1,1990,4,98.6,0.19,0.04,0.07,0.12,-3.000,0.439,4.03,3.71,2.568,0.21,0.0650,-3.0
1,1990,5,160.9,0.12,0.03,0.05,0.07,-3.000,0.184,4.42,1.65,1.095,0.19,0.0410,-3.0
1,1990,6,206.0,0.11,0.03,0.08,0.02,-3.000,0.385,4.24,2.76,1.770,0.12,0.0520,-3.0
1,1990,7,74.1,0.31,0.06,0.06,0.06,-3.000,0.528,4.20,3.80,2.065,0.15,0.0330,-3.0
1,1990,8,314.6,0.01,0.01,0.04,0.03,-3.000,0.081,4.40,1.38,0.791,0.09,0.0090,-3.0
1,1990,9,113.7,0.06,0.02,0.03,0.09,-3.000,0.384,4.06,3.87,2.681,0.21,0.0080,-3.0
1,1990,10,193.7,0.05,0.03,0.06,0.15,-3.000,0.171,4.44,1.77,1.188,0.27,0.0130,-3.0
1,1990,11,99.2,0.05,0.01,0.02,0.08,-3.000,0.122,4.42,1.53,1.118,0.08,0.0080,-3.0
1,1990,12,164.3,0.04,0.01,0.02,0.08,-3.000,0.073,4.50,1.16,0.981,0.07,0.0070,-3.0
1,1991,1,81.6,0.07,0.02,0.01,0.13,-3.000,0.151,4.37,1.32,1.823,0.21,0.0160,-3.0
1,1991,2,47.5,0.08,0.02,0.01,0.08,-3.000,0.210,4.23,1.96,2.333,0.14,0.0130,-3.0
1,1991,3,112.7,0.10,0.03,0.02,0.09,-3.000,0.176,4.35,1.67,1.540,0.10,0.0170,-3.0
1,1991,4,92.1,0.15,0.04,0.10,0.07,-3.000,0.366,4.11,3.20,2.156,0.17,0.0290,-3.0
1,1991,5,90.0,0.13,0.06,0.16,0.05,-3.000,0.621,4.27,2.92,1.872,0.17,0.1110,-3.0
1,1991,6,48.5,0.21,0.05,0.07,0.03,-3.000,0.429,4.33,2.90,1.870,0.09,0.0060,-3.0
1,1991,7,109.9,0.11,0.01,0.04,0.03,-3.000,0.350,4.23,2.79,1.774,0.09,0.0140,-3.0
1,1991,8,272.1,0.05,0.01,0.01,0.01,-3.000,0.115,4.45,1.50,0.803,0.02,0.0080,-3.0
1,1991,9,113.8,0.05,0.01,0.03,0.04,-3.000,0.185,4.30,1.93,1.128,0.07,0.0170,-3.0
1,1991,10,160.7,0.09,0.03,0.07,0.11,-3.000,0.264,4.18,2.66,1.590,0.20,0.0120,-3.0
1,1991,11,87.5,0.07,0.01,0.03,0.04,-3.000,0.086,4.53,0.93,0.987,0.07,0.0050,-3.0
1,1991,12,112.4,0.04,0.01,0.06,0.05,-3.000,0.149,4.33,1.06,2.199,0.10,0.0040,-3.0
1,1992,1,88.6,0.04,0.02,0.04,0.11,-3.000,0.059,4.51,0.98,0.982,0.19,0.0060,-3.0
1,1992,2,97.8,0.03,0.02,0.01,0.11,-3.000,0.217,4.29,1.37,2.529,0.24,0.0100,-3.0
1,1992,3,110.3,0.07,0.05,0.02,0.32,-3.000,0.187,4.21,2.36,1.666,0.51,0.0080,-3.0
1,1992,4,90.8,0.14,0.04,0.03,0.09,-3.000,0.382,4.17,2.92,2.057,0.27,0.0160,-3.0
1,1992,5,60.8,0.17,0.07,0.18,0.21,-3.000,0.299,4.40,2.15,1.808,0.38,0.0550,-3.0
1,1992,6,75.1,0.06,0.03,0.08,0.10,-3.000,0.147,4.24,2.40,1.567,0.18,0.0120,-3.0
1,1992,7,159.7,0.07,0.02,0.03,0.03,-3.000,0.228,4.25,2.41,1.553,0.08,0.0090,-3.0
1,1992,8,153.7,0.05,0.02,0.03,0.07,-3.000,0.287,4.09,3.48,1.796,0.15,0.0080,-3.0
1,1992,9,131.1,0.02,0.01,0.03,0.06,-3.000,0.116,4.46,1.38,0.971,0.12,0.0080,-3.0
1,1992,10,73.9,0.13,0.05,0.22,0.20,-3.000,0.329,4.14,2.65,2.886,0.40,0.0150,-3.0
1,1992,11,161.6,0.02,0.01,0.01,0.05,-3.000,0.109,4.43,1.19,1.000,0.10,0.0020,-3.0
1,1992,12,56.6,0.08,0.02,0.04,0.13,-3.000,0.250,4.29,1.74,2.100,0.21,0.0020,-3.0
1,1993,1,99.3,0.03,0.01,0.01,0.08,-3.000,0.115,4.45,0.87,1.430,0.12,0.0010,-3.0
1,1993,2,79.4,0.06,0.01,0.02,0.08,-3.000,0.124,4.56,0.69,1.438,0.19,0.0030,-3.0
1,1993,3,140.2,0.06,0.02,0.02,0.19,-3.000,0.124,4.33,1.06,1.794,0.33,0.0040,-3.0
1,1993,4,121.7,0.08,0.04,0.03,0.27,-3.000,0.129,4.43,1.38,0.950,0.44,0.0050,-3.0
1,1993,5,68.8,0.26,0.05,0.15,0.06,-3.000,1.030,3.94,5.68,3.344,0.21,0.0320,-3.0
1,1993,6,87.4,0.07,0.02,0.11,0.05,-3.000,0.237,4.16,2.73,1.891,0.14,0.0140,-3.0
1,1993,7,116.2,0.10,0.02,0.03,0.04,-3.000,0.235,4.19,2.54,1.721,0.11,0.0050,-3.0
1,1993,8,114.8,0.05,0.01,0.03,0.06,-3.000,0.338,4.06,4.02,1.776,0.10,0.0010,-3.0
1,1993,9,128.0,0.04,0.01,0.02,0.04,-3.000,0.171,4.16,2.78,1.369,0.09,0.0020,-3.0
1,1993,10,100.8,0.09,0.02,0.08,0.07,-3.000,0.215,4.34,1.82,1.653,0.13,0.0060,-3.0
1,1993,11,144.5,0.08,0.08,0.05,0.63,-3.000,0.155,4.41,1.60,1.808,1.18,0.0030,-3.0
1,1993,12,91.6,0.04,0.02,0.02,0.11,-3.000,0.208,4.32,1.40,2.293,0.19,0.0040,-3.0
1,1994,1,139.3,0.02,0.01,0.01,0.04,-3.000,0.040,4.62,0.36,1.153,0.13,0.0030,-3.0
1,1994,2,44.8,0.23,0.03,0.03,0.23,-3.000,0.077,4.36,0.95,2.202,0.38,0.0060,-3.0
1,1994,3,140.4,0.05,0.01,0.01,0.05,-3.000,0.144,4.50,1.09,1.288,0.10,0.0060,-3.0
1,1994,4,111.9,0.19,0.03,0.06,0.09,-3.000,0.581,4.07,3.65,2.936,0.18,0.0430,-3.0
1,1994,5,97.9,0.21,0.05,0.11,0.04,-3.000,0.655,4.14,3.44,3.044,0.15,0.0590,-3.0
1,1994,6,109.0,0.14,0.04,0.18,0.10,-3.000,0.432,4.17,3.34,2.246,0.23,0.0220,-3.0
1,1994,7,127.6,0.03,0.01,0.02,0.03,-3.000,0.239,4.14,3.22,1.596,0.08,0.0050,-3.0
1,1994,8,95.1,0.04,0.01,0.02,0.01,-3.000,0.171,4.37,1.92,0.920,0.06,0.0060,-3.0
1,1994,9,131.1,0.04,0.01,0.02,0.02,-3.000,0.187,4.41,1.69,1.028,0.10,0.0030,-3.0
1,1994,10,30.1,0.09,0.02,0.08,0.08,-3.000,0.463,3.82,3.74,5.661,0.22,0.0050,-3.0
1,1994,11,85.9,0.06,0.02,0.05,0.09,-3.000,0.117,4.45,1.23,1.137,0.17,0.0050,-3.0
1,1994,12,75.5,0.04,0.02,0.03,0.09,-3.000,0.083,4.42,1.16,1.338,0.17,0.0010,-3.0
1,1995,1,114.7,0.04,0.03,0.02,0.21,-3.000,0.079,4.38,0.99,1.646,0.37,0.0020,-3.0
1,1995,2,86.5,0.09,0.02,0.03,0.13,-3.000,0.176,4.33,1.14,2.227,0.20,0.0020,-3.0
1,1995,3,76.4,0.12,0.03,0.03,0.16,-3.000,0.393,4.09,2.44,3.323,0.25,0.0050,-3.0
1,1995,4,61.3,0.34,0.04,0.05,0.10,-3.000,0.661,4.03,3.94,3.959,0.20,0.0130,-3.0
1,1995,5,94.3,0.11,0.02,0.11,0.04,-3.000,0.205,4.51,1.24,1.009,0.09,0.1450,-3.0
1,1995,6,47.6,0.07,0.02,0.09,0.03,-3.000,0.312,4.36,1.68,1.374,0.14,0.0360,-3.0
1,1995,7,165.5,0.05,0.01,0.03,0.02,-3.000,0.362,4.17,2.91,1.925,0.12,0.0050,-3.0
1,1995,8,145.8,0.04,0.01,0.02,0.02,-3.000,0.139,4.42,1.29,0.764,0.07,0.0050,-3.0
1,1995,9,91.6,0.07,0.02,0.03,0.11,-3.000,0.356,4.07,3.12,2.088,0.21,0.0050,-3.0
1,1995,10,238.4,0.03,0.02,0.02,0.09,-3.000,0.086,4.57,0.79,0.567,0.24,0.0040,-3.0
1,1995,11,158.7,0.04,0.04,0.03,0.31,-3.000,0.103,4.45,0.99,1.138,0.59,0.0020,-3.0
1,1995,12,95.2,0.09,0.02,0.04,0.07,-3.000,0.191,4.41,1.01,1.934,0.13,0.0030,-3.0
1,1996,1,209.8,0.03,0.05,0.03,0.38,-3.000,0.066,4.52,0.96,0.927,0.64,0.0020,-3.0
1,1996,2,106.5,0.10,0.05,0.11,0.34,-3.000,0.204,4.28,1.54,2.077,0.58,0.0030,-3.0
1,1996,3,53.2,0.22,0.07,0.06,0.40,-3.000,0.169,4.30,1.50,2.830,0.66,0.0060,-3.0
1,1996,4,243.2,0.14,0.04,0.05,0.15,-3.000,0.274,4.25,2.13,2.152,0.31,0.0090,-3.0
1,1996,5,118.0,0.07,0.02,0.04,0.04,-3.000,0.171,4.51,1.12,1.229,0.10,0.0090,-3.0
1,1996,6,167.4,0.04,0.02,0.04,0.05,-3.000,0.332,4.40,2.18,1.474,0.11,0.0070,-3.0
1,1996,7,231.1,0.04,0.01,0.06,0.02,-3.000,0.186,4.45,1.96,1.067,0.06,0.0050,-3.0
1,1996,8,21.1,0.08,0.01,0.06,0.05,-3.000,0.254,4.13,3.54,2.359,0.16,0.0120,-3.0
1,1996,9,80.9,0.05,0.04,0.03,0.27,-3.000,0.139,4.25,2.13,1.651,0.48,0.0070,-3.0
1,1996,10,157.2,0.05,0.02,0.07,0.04,-3.000,0.093,4.55,0.86,0.767,0.09,0.0070,-3.0
1,1996,11,122.9,0.07,0.08,0.04,0.60,-3.000,0.148,4.42,1.56,1.071,1.08,0.0010,-3.0
1,1996,12,209.1,0.03,0.01,0.01,0.07,-3.000,0.102,4.39,0.97,1.278,0.15,0.0010,-3.0
1,1997,1,129.9,0.04,0.01,0.01,0.06,-3.000,0.095,4.41,0.93,1.440,0.13,0.0010,-3.0
1,1997,2,84.8,0.10,0.02,0.02,0.13,-3.000,0.183,4.27,1.50,1.774,0.22,0.0030,-3.0
1,1997,3,142.7,0.09,0.02,0.02,0.08,-3.000,0.216,4.28,1.58,1.954,0.15,0.0020,-3.0
1,1997,4,62.2,0.15,0.06,0.02,0.04,-3.000,0.244,4.41,1.60,1.441,0.09,0.0050,-3.0
1,1997,5,109.7,0.25,0.05,0.08,0.11,-3.000,0.507,4.08,3.40,2.874,0.22,0.0090,-3.0
1,1997,6,77.6,0.20,0.05,0.19,0.08,-3.000,0.620,4.08,3.91,3.127,0.20,0.0780,-3.0
1,1997,7,169.5,0.06,0.01,0.07,0.04,-3.000,0.245,4.41,1.83,1.165,0.10,0.0030,-3.0
1,1997,8,108.8,0.06,0.02,0.08,0.05,-3.000,0.295,4.28,2.34,1.752,0.13,0.0050,-3.0
1,1997,9,71.0,0.09,0.02,0.07,0.07,-3.000,0.287,4.33,2.16,1.479,0.16,0.0290,-3.0
1,1997,10,41.9,0.20,0.04,0.22,0.14,-3.000,0.554,4.16,2.91,3.812,0.33,0.0170,-3.0
1,1997,11,167.6,0.05,0.02,0.03,0.08,-3.000,0.119,4.57,0.81,1.148,0.19,0.0040,-3.0
1,1997,12,72.4,0.04,0.01,0.02,0.08,-3.000,0.136,4.46,1.05,1.602,0.16,0.0020,-3.0
1,1998,1,170.8,0.03,0.01,0.01,0.06,-3.000,0.061,4.66,0.71,0.992,0.12,0.0010,-3.0
1,1998,2,70.7,0.06,0.01,0.01,0.04,-3.000,0.033,4.66,0.68,0.863,0.06,0.0050,-3.0
1,1998,3,117.5,0.05,0.01,0.02,0.06,-3.000,0.086,4.48,0.76,1.429,0.12,0.0010,-3.0
1,1998,4,62.5,0.21,0.03,0.07,0.11,-3.000,0.391,4.35,2.06,2.130,0.21,0.0110,-3.0
1,1998,5,92.0,0.14,0.05,0.13,0.11,-3.000,0.401,4.44,2.01,1.442,0.26,0.0260,-3.0
1,1998,6,311.4,0.04,0.01,0.02,0.03,-3.000,0.130,4.55,1.10,0.804,0.06,0.0070,-3.0
1,1998,7,108.1,0.07,0.01,0.02,0.01,-3.000,0.118,4.44,1.38,0.796,0.04,0.0040,-3.0
1,1998,8,95.0,0.15,0.02,0.09,0.04,-3.000,0.346,4.03,3.53,2.620,0.11,0.0060,-3.0
1,1998,9,83.2,0.18,0.03,0.11,0.03,-3.000,0.482,4.10,3.72,2.075,0.08,0.0120,-3.0
1,1998,10,119.4,0.05,0.01,0.03,0.05,-3.000,0.178,4.28,1.73,1.664,0.11,0.0040,-3.0
1,1998,11,112.0,0.07,0.02,0.04,0.08,-3.000,0.280,4.28,1.64,2.150,0.19,0.0050,-3.0
1,1998,12,59.7,0.17,0.05,0.14,0.09,-3.000,0.461,4.12,2.38,3.564,0.23,0.0330,-3.0
1,1999,1,177.2,0.07,0.01,0.01,0.05,-3.000,0.037,4.51,0.62,1.282,0.10,0.0020,-3.0
1,1999,2,52.0,0.17,0.04,0.07,0.17,-3.000,0.274,4.26,2.08,2.222,0.28,0.0070,-3.0
1,1999,3,129.4,0.11,0.06,0.03,0.37,-3.000,0.085,4.64,1.06,0.849,0.67,0.0040,-3.0
1,1999,4,20.1,0.97,0.13,0.19,0.15,-3.000,1.322,3.95,5.68,6.766,0.25,0.1030,-3.0
1,1999,5,134.5,0.07,0.01,0.05,0.06,-3.000,0.080,4.69,0.85,0.644,0.12,0.0090,-3.0
1,1999,6,81.4,0.17,0.04,0.19,0.09,-3.000,0.350,4.31,2.34,1.837,0.18,0.0380,-3.0
1,1999,7,108.3,0.10,0.02,0.05,0.04,-3.000,0.230,4.34,1.75,1.194,0.07,0.0150,-3.0
1,1999,8,110.2,0.08,0.02,0.04,0.05,-3.000,0.451,4.10,3.33,2.031,0.13,0.0110,-3.0
1,1999,9,327.7,0.05,0.01,0.03,0.04,-3.000,0.075,4.77,0.70,0.454,0.07,0.0030,-3.0
1,1999,10,80.2,0.06,0.05,0.18,0.14,-3.000,0.091,4.50,1.18,1.143,0.24,0.0080,-3.0
1,1999,11,104.1,0.20,0.08,0.09,0.37,-3.000,0.445,4.28,2.18,2.252,0.64,0.0070,-3.0
1,1999,12,57.2,0.15,0.04,0.02,0.21,-3.000,0.254,4.18,1.91,2.322,0.40,0.0040,-3.0
1,2000,1,106.2,0.12,0.02,0.01,0.14,-3.000,0.265,4.27,1.57,2.011,0.28,0.0030,-3.0
1,2000,2,111.2,0.11,0.02,0.01,0.08,-3.000,0.255,4.30,1.35,1.649,0.18,0.0050,-3.0
1,2000,3,112.0,0.12,0.02,0.02,0.08,-3.000,0.254,4.32,1.68,1.455,0.26,0.0070,-3.0
1,2000,4,225.0,0.12,0.03,0.04,0.14,-3.000,0.218,4.49,1.30,1.018,0.25,0.0280,-3.0
1,2000,5,145.1,0.04,0.01,0.09,0.03,-3.000,0.094,4.31,1.49,1.323,0.09,0.0090,-3.0
1,2000,6,91.0,0.12,0.04,0.07,0.14,-3.000,0.408,4.22,2.57,1.778,0.26,0.0090,-3.0
1,2000,7,92.4,0.03,0.01,0.04,0.05,-3.000,0.098,4.55,0.89,0.904,0.11,0.0060,-3.0
1,2000,8,108.2,0.05,0.01,0.09,0.04,-3.000,0.357,4.31,2.35,1.595,0.09,0.0050,-3.0
1,2000,9,94.3,0.03,0.01,0.02,0.04,-3.000,0.186,4.38,1.82,1.181,0.07,0.0050,-3.0
1,2000,10,80.3,0.05,0.02,0.10,0.02,-3.000,0.138,4.48,1.29,0.973,0.09,0.0050,-3.0
1,2000,11,102.3,0.06,0.01,0.02,0.03,-3.000,0.147,4.40,1.17,1.732,0.16,0.0020,-3.0
1,2000,12,146.4,0.02,0.01,0.02,0.08,-3.000,0.053,4.73,0.60,0.815,0.17,0.0020,-3.0
1,2001,1,52.1,0.01,0.01,0.02,0.07,-3.000,0.180,4.30,1.23,2.529,0.19,0.0030,-3.0
1,2001,2,105.3,0.07,0.01,0.02,0.06,-3.000,0.188,4.43,1.19,1.978,0.13,0.0040,-3.0
1,2001,3,117.8,0.07,0.01,0.02,0.09,-3.000,0.078,4.60,0.62,1.381,0.15,0.0040,-3.0
1,2001,4,45.9,0.40,0.06,0.05,0.14,-3.000,0.470,4.20,3.44,2.814,0.20,0.0090,-3.0
1,2001,5,60.7,0.11,0.03,0.10,0.06,-3.000,0.378,4.33,2.11,1.692,0.12,0.0140,-3.0
1,2001,6,115.6,0.04,0.01,0.06,0.04,-3.000,0.141,4.54,1.13,0.889,0.08,0.0120,-3.0
1,2001,7,82.5,0.08,0.01,0.02,0.01,-3.000,0.172,4.47,1.49,1.011,0.05,0.0090,-3.0
1,2001,8,44.2,0.14,0.03,0.05,0.04,-3.000,0.266,4.21,2.78,1.857,0.10,0.0060,-3.0
1,2001,9,152.6,0.02,0.02,0.02,0.10,-3.000,0.129,4.59,0.98,0.721,0.19,0.0020,-3.0
1,2001,10,68.3,0.15,0.03,0.12,0.14,-3.000,0.380,4.25,2.40,2.280,0.24,0.0150,-3.0
1,2001,11,80.1,0.15,0.04,0.04,0.22,-3.000,0.337,4.22,2.17,2.820,0.40,0.0040,-3.0
1,2001,12,77.7,0.04,0.01,0.01,0.06,-3.000,0.183,4.36,1.29,1.866,0.12,0.0010,-3.0
1,2002,1,95.0,0.11,0.01,0.02,0.08,-3.000,0.237,4.45,1.00,2.093,0.16,0.0020,-3.0
1,2002,2,79.6,0.07,0.02,0.02,0.14,-3.000,0.168,4.48,1.20,1.375,0.22,0.0020,-3.0
1,2002,3,133.0,0.12,0.03,0.03,0.22,-3.000,0.238,4.48,1.41,1.568,0.37,0.0040,-3.0
1,2002,4,162.5,0.15,0.03,0.05,0.08,-3.000,0.286,4.40,1.77,1.780,0.14,0.0240,-3.0
1,2002,5,128.3,0.10,0.03,0.14,0.04,-3.000,0.298,4.59,1.38,1.132,0.07,0.0350,-3.0
1,2002,6,126.7,0.09,0.01,0.05,0.03,-3.000,0.487,4.30,2.63,1.722,0.08,0.0150,-3.0
1,2002,7,53.0,0.48,0.07,0.10,0.06,-3.000,0.513,4.47,2.49,2.074,0.12,0.0150,-3.0
1,2002,8,83.8,0.08,0.02,0.02,0.08,-3.000,0.119,4.68,0.77,0.738,0.16,0.0060,-3.0
1,2002,9,122.9,0.02,0.01,0.02,0.02,-3.000,0.104,4.75,0.74,0.425,0.04,0.0030,-3.0
1,2002,10,102.2,0.08,0.03,0.09,0.16,-3.000,0.245,4.33,1.77,1.693,0.31,0.0040,-3.0
1,2002,11,137.7,0.05,0.01,0.09,0.05,-3.000,0.196,4.56,0.86,1.362,0.11,0.0070,-3.0
1,2002,12,97.3,0.04,0.01,0.04,0.04,-3.000,0.105,4.70,0.60,0.880,0.08,0.0030,-3.0
1,2003,1,42.2,0.04,0.01,0.05,0.12,-3.000,0.108,4.39,0.84,1.859,0.22,0.0030,-3.0
1,2003,2,59.3,0.08,0.02,0.06,0.16,-3.000,0.125,4.60,0.85,1.302,0.22,0.0050,-3.0
1,2003,3,96.2,0.09,0.03,0.03,0.22,-3.000,0.236,4.34,1.69,1.775,0.38,0.0040,-3.0
1,2003,4,68.9,0.13,0.02,0.02,0.05,-3.000,0.209,4.40,1.50,1.484,0.10,0.0050,-3.0
1,2003,5,144.6,0.11,0.03,0.07,0.03,-3.000,0.244,4.47,1.65,1.138,0.07,0.0160,-3.0
1,2003,6,60.2,0.09,0.02,0.12,0.02,-3.000,0.248,4.37,2.12,1.127,0.06,0.0720,-3.0
1,2003,7,120.9,0.05,0.01,0.03,0.02,-3.000,0.251,4.37,1.94,1.230,0.06,0.0030,-3.0
1,2003,8,235.0,0.04,0.01,0.02,0.02,-3.000,0.117,4.61,1.10,0.674,0.06,0.0050,-3.0
1,2003,9,199.8,0.03,0.02,0.05,0.15,-3.000,0.144,4.58,1.23,0.656,0.25,0.0250,-3.0
1,2003,10,196.1,0.10,0.02,0.02,0.08,-3.000,0.213,4.58,1.03,1.264,0.16,0.0040,-3.0
1,2003,11,170.4,0.05,0.05,0.03,0.38,-3.000,0.129,4.46,1.28,1.024,0.71,0.0020,-3.0
1,2003,12,229.2,0.03,0.02,0.01,0.15,-3.000,0.040,4.72,0.65,0.722,0.28,0.0020,-3.0
1,2004,1,36.4,0.07,0.01,0.02,0.09,-3.000,0.226,4.27,1.63,2.389,0.18,0.0040,-3.0
1,2004,2,38.4,0.28,0.03,0.02,0.13,-3.000,0.149,4.53,1.32,1.874,0.22,0.0050,-3.0
1,2004,3,78.8,0.18,0.04,0.04,0.16,-3.000,0.782,4.02,3.65,4.591,0.24,0.0070,-3.0
1,2004,4,113.8,0.11,0.02,0.02,0.04,-3.000,0.196,4.71,0.98,0.776,0.09,0.0040,-3.0
1,2004,5,157.0,0.08,0.02,0.09,0.03,-3.000,0.218,4.52,1.39,1.133,0.05,0.0170,-3.0
1,2004,6,70.6,0.11,0.02,0.10,0.04,-3.000,0.226,4.30,2.26,1.341,0.11,0.0130,-3.0
1,2004,7,148.5,0.04,0.01,0.05,0.02,-3.000,0.175,4.35,1.77,1.093,0.07,0.0130,-3.0
1,2004,8,205.5,0.05,0.01,0.03,0.05,-3.000,0.122,4.54,1.72,0.776,0.09,0.0050,-3.0
1,2004,9,91.6,0.03,0.02,0.02,0.13,-3.000,0.048,4.68,0.63,0.518,0.22,0.0040,-3.0
1,2004,10,60.1,0.05,0.01,0.07,0.02,-3.000,0.063,4.58,0.76,0.630,0.05,0.0050,-3.0
1,2004,11,148.8,0.04,0.03,0.05,0.06,-3.000,0.089,4.63,0.91,0.836,0.12,0.0020,-3.0
1,2004,12,155.5,0.03,0.02,0.02,0.15,-3.000,0.095,4.55,0.89,1.171,0.29,0.0070,-3.0
1,2005,1,76.0,0.05,0.02,0.02,0.18,-3.000,0.137,4.43,1.10,1.671,0.28,0.0010,-3.0
1,2005,2,87.4,0.03,0.01,0.01,0.06,-3.000,0.057,4.56,0.91,1.025,0.10,0.0010,-3.0
1,2005,3,83.8,0.10,0.02,0.01,0.09,-3.000,0.151,4.65,0.89,1.238,0.17,0.0010,-3.0
1,2005,4,177.5,0.09,0.04,0.03,0.23,-3.000,0.225,4.51,1.58,1.009,0.42,0.0010,-3.0
1,2005,5,82.6,0.10,0.02,0.07,0.05,-3.000,0.252,4.53,1.37,1.157,0.08,0.0010,-3.0
1,2005,6,173.8,0.05,0.01,0.04,0.01,-3.000,0.242,4.51,1.71,0.997,0.04,0.0010,-3.0
1,2005,7,75.9,0.06,0.01,0.04,0.01,-3.000,0.218,4.46,1.97,0.864,0.06,0.0010,-3.0
1,2005,8,222.5,0.05,0.02,0.02,0.07,-3.000,0.162,4.52,1.60,0.771,0.14,0.0010,-3.0
1,2005,9,80.5,0.06,0.02,0.07,0.12,-3.000,0.154,4.50,1.63,0.965,0.21,0.0010,-3.0
1,2005,10,308.6,0.01,0.01,0.01,0.03,-3.000,0.005,5.25,0.13,0.074,0.06,0.0010,-3.0
1,2005,11,177.8,0.05,0.02,0.03,0.13,-3.000,0.115,4.49,1.25,1.060,0.26,0.0010,-3.0
1,2005,12,100.4,0.03,0.01,0.01,0.12,-3.000,0.098,4.63,0.77,1.044,0.22,0.0010,-3.0
1,2006,1,157.5,0.07,0.03,0.02,0.22,-3.000,0.088,4.57,0.98,1.134,0.39,0.0010,-3.0
1,2006,2,68.0,0.17,0.02,0.01,0.16,-3.000,0.110,4.50,1.01,1.866,0.26,0.0010,-3.0
1,2006,3,49.4,0.23,0.04,0.05,0.25,-3.000,0.658,4.09,3.66,3.387,0.46,0.0760,-3.0
1,2006,4,71.8,0.27,0.06,0.05,0.13,-3.000,0.342,4.42,2.27,1.550,0.24,0.0390,-3.0
1,2006,5,231.9,0.05,0.02,0.14,0.06,-3.000,0.023,5.00,0.53,0.098,0.12,0.0090,-3.0
1,2006,6,193.1,0.06,0.02,0.07,0.07,-3.000,0.092,4.74,0.94,0.605,0.11,0.0010,-3.0
1,2006,7,121.8,0.03,0.01,0.01,0.01,-3.000,0.078,4.73,1.76,0.315,0.02,0.0010,-3.0
1,2006,8,71.6,0.08,0.01,0.03,0.02,-3.000,0.123,4.38,1.89,0.767,0.06,0.0010,-3.0
1,2006,9,68.7,0.07,0.03,0.22,0.14,-3.000,0.145,4.52,1.48,0.963,0.27,0.0010,-3.0
1,2006,10,247.9,0.01,0.01,0.04,0.03,-3.000,0.082,4.69,0.71,0.710,0.06,0.0010,-3.0
1,2006,11,136.9,0.03,0.02,0.03,0.11,-3.000,0.028,4.84,0.65,0.384,0.21,0.0010,-3.0
1,2006,12,128.3,0.05,0.02,0.03,0.09,-3.000,0.135,4.48,1.09,1.425,0.16,0.0010,-3.0
1,2007,1,95.7,0.03,0.01,0.04,0.04,-3.000,0.067,4.69,0.69,0.929,0.07,0.0010,-3.0
1,2007,2,73.9,0.03,0.01,0.01,0.09,-3.000,0.026,4.82,0.29,0.741,0.16,0.0010,-3.0
1,2007,3,88.1,0.14,0.03,0.04,0.13,-3.000,0.278,4.52,1.63,1.391,0.18,0.0010,-3.0
1,2007,4,175.0,0.06,0.01,0.02,0.03,-3.000,0.109,4.78,0.72,0.647,0.06,0.0010,-3.0
1,2007,5,82.0,0.13,0.02,0.06,0.02,-3.000,0.349,4.68,1.63,0.835,0.06,0.0010,-3.0
1,2007,6,85.3,0.17,0.03,0.11,0.03,-3.000,0.475,4.48,2.32,1.434,0.08,0.0010,-3.0
1,2007,7,156.8,0.08,0.01,0.03,0.01,-3.000,0.309,4.58,1.63,0.879,0.04,0.0010,-3.0
1,2007,8,127.9,0.10,0.02,0.05,0.04,-3.000,0.415,4.29,2.97,1.150,0.08,0.0010,-3.0
1,2007,9,101.0,0.05,0.01,0.02,0.02,-3.000,0.279,4.50,1.63,0.779,0.06,0.0010,-3.0
1,2007,10,189.1,0.03,0.01,0.03,0.06,-3.000,0.089,4.66,0.89,0.632,0.12,0.0010,-3.0
1,2007,11,136.5,0.07,0.02,0.02,0.09,-3.000,0.368,4.32,1.98,1.787,0.18,0.0010,-3.0
1,2007,12,160.7,0.03,0.02,0.01,0.17,-3.000,0.069,4.66,0.69,0.911,0.31,0.0010,-3.0
1,2008,1,77.1,0.07,0.01,0.01,0.14,-3.000,0.102,4.54,0.79,1.414,0.24,0.0010,-3.0
1,2008,2,207.3,0.05,0.01,0.01,0.05,-3.000,0.086,4.59,0.80,0.981,0.11,0.0010,-3.0
1,2008,3,161.9,0.09,0.02,0.01,0.09,-3.000,0.152,4.66,0.83,1.108,0.13,0.0010,-3.0
1,2008,4,112.3,0.16,0.02,0.02,0.05,-3.000,0.260,4.50,1.55,1.188,0.09,0.0010,-3.0
1,2008,5,46.4,0.28,0.06,0.16,0.05,-3.000,0.397,4.63,2.08,1.242,0.11,0.0070,-3.0
1,2008,6,141.6,0.11,0.03,0.11,0.03,-3.000,0.205,4.45,2.17,1.219,0.09,0.0010,-3.0
1,2008,7,159.6,0.06,0.01,0.02,0.05,-3.000,0.220,4.51,1.55,0.887,0.10,0.0010,-3.0
1,2008,8,164.6,0.03,0.01,0.01,0.01,-3.000,0.082,4.67,0.82,0.621,0.03,0.0010,-3.0
1,2008,9,159.8,0.03,0.01,0.01,0.02,-3.000,0.065,4.80,0.62,0.309,0.05,0.0010,-3.0
1,2008,10,165.4,0.04,0.03,0.06,0.16,-3.000,0.102,4.63,1.12,0.787,0.32,0.0010,-3.0
1,2008,11,152.3,0.02,0.01,0.01,0.04,-3.000,0.082,4.70,0.69,0.719,0.09,0.0010,-3.0
1,2008,12,166.8,0.03,0.01,0.01,0.06,-3.000,0.046,4.85,0.39,0.597,0.10,0.0010,-3.0
1,2009,1,77.1,0.03,0.01,0.01,0.06,-3.000,0.041,4.78,0.29,0.860,0.09,0.0010,-3.0
1,2009,2,78.6,0.10,0.02,0.02,0.15,-3.000,0.220,4.50,1.12,1.551,0.24,0.0010,-3.0
1,2009,3,87.9,0.12,0.02,0.02,0.13,-3.000,0.223,4.60,1.23,1.159,0.17,0.0010,-3.0
1,2009,4,87.1,0.14,0.05,0.06,0.20,-3.000,0.173,4.58,1.36,1.238,0.30,0.0010,-3.0
1,2009,5,158.1,0.09,0.03,0.10,0.04,-3.000,0.043,4.99,0.74,0.249,0.10,0.0080,-3.0
1,2009,6,140.5,0.03,0.01,0.02,0.04,-3.000,0.048,5.02,0.44,0.329,0.07,0.0010,-3.0
1,2009,7,253.0,0.03,0.01,0.01,0.01,-3.000,0.083,4.78,0.80,0.585,0.04,0.0010,-3.0
1,2009,8,156.6,0.05,0.01,0.01,0.01,-3.000,0.042,4.85,0.61,0.419,0.04,0.0010,-3.0
1,2009,9,55.8,0.05,0.03,0.05,0.10,-3.000,0.019,5.12,0.35,0.292,0.21,0.0010,-3.0
1,2009,10,181.0,0.04,0.01,0.04,0.04,-3.000,0.096,4.78,0.68,0.736,0.08,0.0010,-3.0
1,2009,11,119.0,0.03,0.03,0.04,0.16,-3.000,0.005,5.11,0.27,0.251,0.33,0.0010,-3.0
1,2009,12,130.8,0.05,0.01,0.04,0.06,-3.000,0.039,4.92,0.36,0.499,0.12,0.0010,-3.0
1,2010,1,85.6,0.03,0.03,0.03,0.19,-3.000,0.031,4.81,0.55,0.648,0.37,0.0010,-3.0
1,2010,2,75.5,0.04,0.03,0.04,0.20,-3.000,0.018,5.09,0.28,0.455,0.40,0.0010,-3.0
1,2010,3,131.4,0.06,0.02,0.03,0.11,-3.000,0.044,4.97,0.44,0.363,0.22,0.0010,-3.0
1,2010,4,97.6,0.33,0.07,0.07,0.08,-3.000,0.465,4.98,1.94,1.525,0.12,0.0010,-3.0
1,2010,5,62.2,0.16,0.03,0.09,0.03,-3.000,0.227,4.98,0.90,0.968,0.05,0.0010,-3.0
1,2010,6,180.7,0.04,0.01,0.03,0.01,-3.000,0.161,4.71,1.13,0.699,0.04,0.0010,-3.0
1,2010,7,121.0,0.05,0.01,0.01,0.02,-3.000,0.091,4.72,0.86,0.657,0.05,0.0010,-3.0
1,2010,8,94.9,0.06,0.01,0.03,0.03,-3.000,0.126,4.68,0.92,0.800,0.09,0.0010,-3.0
1,2010,9,175.1,0.11,0.04,0.04,0.20,-3.000,0.159,4.68,1.23,0.989,0.40,0.0010,-3.0
1,2010,10,161.6,0.11,0.03,0.10,0.09,-3.000,0.088,5.08,0.49,0.625,0.20,0.0010,-3.0
1,2010,11,93.6,0.06,0.02,0.06,0.12,-3.000,0.093,4.73,0.81,0.743,0.19,0.0010,-3.0
1,2010,12,132.8,0.03,0.02,0.01,0.11,-3.000,0.005,5.02,0.25,0.368,0.22,0.0010,-3.0
1,2011,1,70.3,0.03,0.01,0.01,0.07,-3.000,0.037,4.77,0.24,0.937,0.12,0.0010,-3.0
1,2011,2,123.3,0.10,0.01,0.01,0.07,-3.000,0.080,4.80,0.56,0.966,0.11,0.0010,-3.0
1,2011,3,158.4,0.07,0.03,0.02,0.20,-3.000,0.061,4.99,0.48,0.510,0.39,0.0010,-3.0
1,2011,4,176.0,0.20,0.03,0.03,0.09,-3.000,0.227,4.85,0.98,0.776,0.16,0.0010,-3.0
1,2011,5,139.0,0.09,0.04,0.17,0.10,-3.000,0.075,4.74,0.88,0.645,0.22,0.0040,-3.0
1,2011,6,112.8,0.13,0.02,0.10,0.03,-3.000,0.177,4.87,0.80,0.892,0.08,0.0010,-3.0
1,2011,7,61.9,0.24,0.04,0.06,0.07,-3.000,0.260,4.48,1.97,1.647,0.18,0.0010,-3.0
1,2011,8,325.2,0.02,0.01,0.03,0.05,-3.000,0.039,5.02,0.39,0.124,0.11,0.0010,-3.0
1,2011,9,179.3,0.03,0.01,0.01,0.03,-3.000,0.026,4.94,0.28,0.132,0.07,0.0010,-3.0
1,2011,10,158.4,0.04,0.01,0.02,0.03,-3.000,0.042,5.05,0.31,0.355,0.08,0.0010,-3.0
1,2011,11,94.6,0.04,0.02,0.03,0.13,-3.000,0.026,5.04,0.33,0.386,0.25,0.0010,-3.0
1,2011,12,122.9,0.05,0.02,0.06,0.07,-3.000,0.102,4.70,0.66,1.092,0.12,0.0010,-3.0
1,2012,1,120.6,0.07,0.02,0.03,0.14,-3.000,0.103,4.74,0.59,1.094,0.24,0.0010,-3.0
1,2012,2,31.0,0.21,0.03,0.04,0.11,-3.000,0.249,4.72,1.05,1.839,0.15,0.0010,-3.0
1,2012,3,61.0,0.56,0.10,0.06,0.17,-3.000,0.656,4.85,2.10,2.581,0.22,0.0010,-3.0
1,2012,4,97.5,0.14,0.03,0.06,0.07,-3.000,0.092,4.90,0.63,0.692,0.13,0.0010,-3.0
1,2012,5,242.7,0.07,0.02,0.04,0.06,-3.000,0.091,4.97,0.58,0.608,0.13,0.0010,-3.0
1,2012,6,172.5,0.06,0.01,0.04,0.01,-3.000,0.009,5.15,0.34,0.179,0.05,0.0010,-3.0
1,2012,7,93.9,0.14,0.02,0.04,0.01,-3.000,0.124,5.05,0.60,0.718,0.05,0.0010,-3.0
1,2012,8,227.4,0.06,0.01,0.02,0.02,-3.000,0.037,4.96,0.58,0.554,0.04,0.0010,-3.0
1,2012,9,195.4,0.04,0.02,0.02,0.10,-3.000,0.053,5.01,0.51,0.485,0.19,0.0010,-3.0
1,2012,10,172.0,0.07,0.05,0.17,0.31,-3.000,0.017,5.18,0.36,0.265,0.57,0.0010,-3.0
1,2012,11,22.3,0.08,0.02,0.02,0.14,-3.000,0.147,4.88,0.62,0.757,0.26,0.0010,-3.0
1,2012,12,147.8,0.05,0.01,0.01,0.05,-3.000,0.103,4.84,0.50,0.817,0.09,0.0010,-3.0
1,2013,1,84.0,0.07,0.01,0.01,0.06,-3.000,0.106,4.78,0.53,1.244,0.13,-3.0000,-3.0
1,2013,2,70.4,0.06,0.02,0.01,0.17,-3.000,0.056,4.80,0.37,1.053,0.28,-3.0000,-3.0
1,2013,3,84.8,0.08,0.03,0.02,0.19,-3.000,0.080,4.98,0.46,0.654,0.32,-3.0000,-3.0
1,2013,4,68.1,0.16,0.03,0.05,0.12,-3.000,0.406,4.83,1.16,1.414,0.17,-3.0000,-3.0
1,2013,5,119.3,0.09,0.04,0.14,0.18,-3.000,0.157,5.13,0.56,0.714,0.22,-3.0000,-3.0
1,2013,6,187.6,0.10,0.02,0.13,0.27,-3.000,0.178,4.89,0.69,0.920,0.13,-3.0000,-3.0
1,2013,7,183.0,0.05,0.03,0.11,0.31,-3.000,0.086,4.94,0.43,0.583,0.14,-3.0000,-3.0
1,2013,8,93.7,0.05,0.05,0.05,0.07,-3.000,0.138,4.86,0.55,0.646,0.12,-3.0000,-3.0
1,2013,9,125.4,0.07,0.01,0.04,0.04,-3.000,0.136,5.04,0.51,0.573,0.09,-3.0000,-3.0
1,2013,10,72.1,0.06,0.02,0.07,0.05,-3.000,0.182,4.77,0.56,0.854,0.14,-3.0000,-3.0
1,2013,11,132.8,0.04,0.01,0.04,0.08,-3.000,0.104,4.90,0.37,0.715,0.09,-3.0000,-3.0
1,2013,12,94.0,0.05,0.01,0.03,0.11,-3.000,0.104,4.74,0.52,0.881,0.14,-3.0000,-3.0
1,2014,1,110.6,0.07,0.02,0.05,0.16,-3.000,0.084,4.77,0.43,0.907,0.24,-3.0000,-3.0
1,2014,2,80.8,0.08,0.01,0.04,0.16,-3.000,0.096,4.95,0.40,0.778,0.23,-3.0000,-3.0
1,2014,3,112.4,0.06,0.01,0.04,0.11,-3.000,0.204,4.99,0.55,0.704,0.14,-3.0000,-3.0
1,2014,4,81.9,0.09,0.02,0.04,0.13,-3.000,0.143,4.95,0.50,0.536,0.14,-3.0000,-3.0
1,2014,5,127.0,0.14,0.05,0.12,0.38,-3.000,0.231,4.89,0.70,1.030,0.45,-3.0000,-3.0
