ws,year,mo,flow,Ca,Mg,K,Na,Al,NH4,pH,SO4,NO3,Cl,PO4,SiO2
1,1963,6,6.7,2.19,0.35,0.05,0.92,-3.000,-3.000,-3.00,-3.00,-3.000,-3.00,-3.0000,-3.0
1,1963,7,0.6,2.15,0.37,0.08,0.93,-3.000,-3.000,-3.00,-3.00,-3.000,-3.00,-3.0000,-3.0
1,1963,8,1.2,2.01,0.40,0.30,1.12,-3.000,-3.000,-3.00,-3.00,-3.000,-3.00,-3.0000,-3.0
1,1963,9,0.1,1.95,0.48,1.32,1.41,-3.000,-3.000,-3.00,-3.00,-3.000,-3.00,-3.0000,-3.0
1,1963,10,0.8,1.95,0.48,1.32,1.41,-3.000,-3.000,-3.00,-3.00,-3.000,-3.00,-3.0000,-3.0
1,1963,11,79.9,2.27,0.45,0.49,0.84,-3.000,-3.000,-3.00,-3.00,-3.000,-3.00,-3.0000,-3.0
1,1963,12,58.6,1.63,0.40,0.28,0.83,-3.000,-3.000,-3.00,-3.00,-3.000,-3.00,-3.0000,-3.0
1,1964,1,58.2,1.73,0.39,0.22,0.98,-3.000,-3.000,-3.00,-3.00,-3.000,-3.00,-3.0000,-3.0
1,1964,2,19.7,1.76,0.39,0.23,0.95,-3.000,-3.000,-3.00,-3.00,-3.000,-3.00,-3.0000,-3.0
1,1964,3,103.3,1.79,0.42,0.32,0.80,-3.000,-3.000,-3.00,-3.00,-3.000,-3.00,-3.0000,-3.0
1,1964,4,247.8,1.75,0.38,0.30,0.71,-3.000,-3.000,-3.00,-3.00,-3.000,-3.00,-3.0000,-3.0
1,1964,5,71.1,1.90,0.38,0.23,0.81,-3.000,-3.000,-3.00,-3.00,-3.000,-3.00,-3.0000,-3.0
1,1964,6,3.4,1.49,0.37,0.16,0.81,-3.000,-3.000,-3.00,-3.00,-3.000,-3.00,-3.0000,-3.0
1,1964,7,4.9,1.48,0.37,0.18,0.80,-3.000,-3.000,-3.00,-3.00,-3.000,-3.00,-3.0000,-3.0
1,1964,8,10.1,1.48,0.37,0.18,0.80,-3.000,-3.000,-3.00,-3.00,-3.000,-3.00,-3.0000,-3.0
1,1964,9,0.7,1.48,0.37,0.18,0.80,-3.000,-3.000,-3.00,-3.00,-3.000,-3.00,-3.0000,-3.0
1,1964,10,3.2,1.48,0.37,0.18,0.80,-3.000,-3.000,-3.00,-3.00,-3.000,-3.00,-3.0000,-3.0
1,1964,11,48.4,1.48,0.37,0.18,0.80,-3.000,-3.000,-3.00,-3.00,-3.000,-3.00,-3.0000,-3.0
1,1964,12,81.7,1.48,0.37,0.18,0.80,-3.000,-3.000,-3.00,-3.00,-3.000,-3.00,-3.0000,-3.0
1,1965,1,24.6,1.48,0.37,0.18,0.80,-3.000,-3.000,-3.00,-3.00,-3.000,-3.00,-3.0000,-3.0
1,1965,2,27.1,1.48,0.37,0.18,0.80,-3.000,-3.000,-3.00,-3.00,-3.000,-3.00,-3.0000,-3.0
1,1965,3,46.9,1.48,0.37,0.18,0.80,-3.000,-3.000,-3.00,-3.00,-3.000,-3.00,-3.0000,-3.0
1,1965,4,162.6,1.48,0.37,0.18,0.80,-3.000,-3.000,-3.00,-3.00,-3.000,-3.00,-3.0000,-3.0
1,1965,5,29.1,1.42,0.37,0.22,0.85,-3.000,-3.000,-3.00,-3.00,-3.000,-3.00,-3.0000,-3.0
1,1965,6,8.2,1.31,0.38,0.06,0.95,-3.000,-3.000,5.02,-3.00,-3.000,-3.00,-3.0000,-3.0
1,1965,7,2.2,1.50,0.38,0.06,0.99,-3.000,-3.000,5.20,-3.00,-3.000,-3.00,-3.0000,-3.0
1,1965,8,0.2,1.35,0.42,0.04,1.23,-3.000,-3.000,4.76,-3.00,-3.000,-3.00,-3.0000,-3.0
1,1965,9,33.3,1.62,0.42,0.05,1.11,-3.000,-3.000,5.16,-3.00,-3.000,-3.00,-3.0000,-3.0
1,1965,10,72.8,1.67,0.39,0.18,0.82,-3.000,-3.000,5.20,-3.00,-3.000,-3.00,-3.0000,-3.0
1,1965,11,85.4,1.54,0.41,0.20,0.88,-3.000,-3.000,5.01,-3.00,-3.000,-3.00,-3.0000,-3.0
1,1965,12,27.5,1.64,0.42,0.18,0.96,-3.000,-3.000,4.98,-3.00,-3.000,-3.00,-3.0000,-3.0
1,1966,1,39.5,1.72,0.44,0.19,0.89,-3.000,-3.000,5.00,-3.00,-3.000,-3.00,-3.0000,-3.0
1,1966,2,19.3,1.75,0.44,0.20,1.01,-3.000,-3.000,5.07,-3.00,-3.000,-3.00,-3.0000,-3.0
1,1966,3,136.1,1.68,0.44,0.24,0.87,-3.000,-3.000,4.98,-3.00,-3.000,-3.00,-3.0000,-3.0
1,1966,4,163.9,1.64,0.41,0.27,0.77,-3.000,-3.000,4.69,-3.00,-3.000,-3.00,-3.0000,-3.0
1,1966,5,92.5,1.48,0.39,0.27,0.79,-3.000,-3.000,4.68,-3.00,-3.000,-3.00,-3.0000,-3.0
1,1966,6,29.3,1.52,0.40,0.11,0.89,-3.000,-3.000,4.91,-3.00,-3.000,-3.00,-3.0000,-3.0
1,1966,7,4.9,1.58,0.43,0.05,0.98,-3.000,-3.000,4.76,-3.00,-3.000,-3.00,-3.0000,-3.0
1,1966,8,20.3,1.68,0.40,0.27,0.73,-3.000,-3.000,4.79,-3.00,-3.000,-3.00,-3.0000,-3.0
1,1966,9,21.4,1.47,0.39,0.02,0.80,-3.000,-3.000,4.70,-3.00,-3.000,-3.00,-3.0000,-3.0
1,1966,10,46.2,1.40,0.41,0.19,0.89,-3.000,-3.000,4.75,-3.00,-3.000,-3.00,-3.0000,-3.0
1,1966,11,121.8,1.54,0.38,0.16,0.82,-3.000,-3.000,4.83,-3.00,-3.000,-3.00,-3.0000,-3.0
1,1966,12,53.0,1.55,0.41,0.14,0.88,-3.000,-3.000,4.96,-3.00,-3.000,-3.00,-3.0000,-3.0
1,1967,1,22.5,1.71,0.42,0.15,0.95,-3.000,-3.000,4.43,-3.00,-3.000,-3.00,-3.0000,-3.0
1,1967,2,16.8,1.71,0.43,0.15,1.00,-3.000,-3.000,4.42,-3.00,-3.000,-3.00,-3.0000,-3.0
1,1967,3,55.1,1.69,0.41,0.25,0.86,-3.000,-3.000,4.46,-3.00,-3.000,-3.00,-3.0000,-3.0
1,1967,4,258.4,1.72,0.40,0.31,0.69,-3.000,-3.000,4.51,-3.00,-3.000,-3.00,-3.0000,-3.0
1,1967,5,110.1,1.63,0.39,0.29,0.77,-3.000,-3.000,4.40,-3.00,-3.000,-3.00,-3.0000,-3.0
1,1967,6,18.2,1.60,0.38,0.15,0.91,-3.000,-3.000,4.56,-3.00,-3.000,-3.00,-3.0000,-3.0
1,1967,7,6.3,1.60,0.39,0.09,1.00,-3.000,-3.000,4.60,-3.00,-3.000,-3.00,-3.0000,-3.0
1,1967,8,8.5,1.67,0.36,0.08,0.89,-3.000,-3.000,4.65,-3.00,-3.000,-3.00,-3.0000,-3.0
1,1967,9,23.5,1.68,0.41,0.08,1.07,-3.000,-3.000,4.83,-3.00,-3.000,-3.00,-3.0000,-3.0
1,1967,10,94.8,1.75,0.40,0.17,0.83,-3.000,-3.000,4.79,-3.00,-3.000,-3.00,-3.0000,-3.0
1,1967,11,67.8,1.80,0.44,0.18,0.87,-3.000,-3.000,4.54,-3.00,-3.000,-3.00,-3.0000,-3.0
1,1967,12,75.5,1.77,0.44,0.18,0.85,-3.000,-3.000,5.02,-3.00,-3.000,-3.00,-3.0000,-3.0
1,1968,1,17.0,1.68,0.45,0.16,0.99,-3.000,-3.000,5.05,-3.00,-3.000,-3.00,-3.0000,-3.0
1,1968,2,40.3,1.67,0.47,0.19,0.99,-3.000,-3.000,4.87,-3.00,-3.000,-3.00,-3.0000,-3.0
1,1968,3,208.0,1.73,0.44,0.29,0.90,-3.000,-3.000,4.87,-3.00,-3.000,-3.00,-3.0000,-3.0
1,1968,4,177.2,1.61,0.44,0.40,0.84,-3.000,-3.000,4.85,-3.00,-3.000,-3.00,-3.0000,-3.0
1,1968,5,133.0,1.48,0.42,0.32,0.87,-3.000,-3.000,4.82,-3.00,-3.000,-3.00,-3.0000,-3.0
1,1968,6,95.3,1.35,0.39,0.16,0.81,-3.000,-3.000,4.78,-3.00,-3.000,-3.00,-3.0000,-3.0
1,1968,7,16.3,1.35,0.37,0.07,0.86,-3.000,-3.000,4.74,-3.00,-3.000,-3.00,-3.0000,-3.0
1,1968,8,0.6,1.65,0.48,0.14,1.37,-3.000,-3.000,4.87,-3.00,-3.000,-3.00,-3.0000,-3.0
1,1968,9,1.1,1.48,0.50,0.12,1.77,-3.000,-3.000,5.05,-3.00,-3.000,-3.00,-3.0000,-3.0
1,1968,10,2.3,1.34,0.52,0.40,1.88,-3.000,-3.000,5.05,-3.00,-3.000,-3.00,-3.0000,-3.0
1,1968,11,23.1,1.71,0.50,0.38,1.16,-3.000,-3.000,4.76,-3.00,-3.000,-3.00,-3.0000,-3.0
1,1968,12,57.5,1.87,0.45,0.28,0.93,-3.000,-3.000,4.68,-3.00,-3.000,-3.00,-3.0000,-3.0
1,1969,1,26.6,1.82,0.43,0.20,0.97,-3.000,-3.000,4.82,-3.00,-3.000,-3.00,-3.0000,-3.0
1,1969,2,35.1,1.83,0.43,0.19,0.99,-3.000,-3.000,4.78,-3.00,-3.000,-3.00,-3.0000,-3.0
1,1969,3,56.5,1.75,0.44,0.26,0.90,-3.000,-3.000,4.84,-3.00,-3.000,-3.00,-3.0000,-3.0
1,1969,4,425.7,1.68,0.39,0.39,0.69,-3.000,-3.000,4.50,-3.00,-3.000,-3.00,-3.0000,-3.0
1,1969,5,113.2,1.62,0.36,0.28,0.86,-3.000,-3.000,4.62,-3.00,-3.000,-3.00,-3.0000,-3.0
1,1969,6,14.2,1.56,0.34,0.11,0.85,-3.000,-3.000,4.83,-3.00,-3.000,-3.00,-3.0000,-3.0
1,1969,7,55.9,1.76,0.37,0.23,0.86,-3.000,-3.000,4.85,-3.00,-3.000,-3.00,-3.0000,-3.0
1,1969,8,49.7,1.76,0.34,0.10,0.74,-3.000,-3.000,4.74,-3.00,-3.000,-3.00,-3.0000,-3.0
1,1969,9,5.8,1.70,0.38,0.06,0.97,-3.000,-3.000,4.73,-3.00,-3.000,-3.00,-3.0000,-3.0
1,1969,10,10.0,1.68,0.45,0.38,1.10,-3.000,-3.000,4.74,-3.00,-3.000,-3.00,-3.0000,-3.0
1,1969,11,135.5,2.27,0.49,0.27,0.92,-3.000,-3.000,4.41,-3.00,-3.000,-3.00,-3.0000,-3.0
1,1969,12,118.2,2.29,0.48,0.21,0.95,-3.000,-3.000,4.38,-3.00,-3.000,-3.00,-3.0000,-3.0
1,1970,1,23.0,2.30,0.49,0.24,0.93,-3.000,-3.000,4.42,-3.00,-3.000,-3.00,-3.0000,-3.0
1,1970,2,73.1,2.30,0.50,0.30,0.89,-3.000,-3.000,4.33,-3.00,-3.000,-3.00,-3.0000,-3.0
1,1970,3,29.9,2.20,0.50,0.26,0.94,-3.000,-3.000,4.82,-3.00,-3.000,-3.00,-3.0000,-3.0
1,1970,4,248.0,2.26,0.47,0.35,0.76,-3.000,-3.000,4.73,-3.00,-3.000,-3.00,-3.0000,-3.0
1,1970,5,71.3,2.09,0.43,0.33,0.82,-3.000,0.039,4.82,5.76,4.186,0.45,-3.0000,-3.0
1,1970,6,6.2,1.74,0.40,0.11,1.00,-3.000,0.055,4.80,7.23,0.454,0.61,-3.0000,4.5
1,1970,7,5.7,1.68,0.37,0.06,0.89,-3.000,0.046,4.80,7.49,0.095,0.61,-3.0000,5.0
1,1970,8,8.5,1.83,0.41,0.21,0.86,-3.000,0.019,4.85,7.80,0.510,0.56,-3.0000,5.0
1,1970,9,19.1,1.71,0.42,0.11,0.99,-3.000,0.015,4.90,7.94,0.295,0.55,-3.0000,5.0
1,1970,10,61.3,1.75,0.43,0.22,0.77,-3.000,0.033,4.72,7.65,1.376,0.61,-3.0000,4.8
1,1970,11,74.2,2.19,0.46,0.19,0.88,-3.000,0.104,4.85,6.86,3.069,0.76,-3.0000,5.3
1,1970,12,40.1,2.18,0.47,0.18,0.95,-3.000,0.069,4.87,6.84,3.615,0.71,-3.0000,5.2
1,1971,1,21.5,2.11,0.47,0.18,0.99,-3.000,0.050,4.93,7.23,3.800,0.65,-3.0000,5.3
1,1971,2,35.2,2.09,0.48,0.19,0.95,-3.000,0.030,4.86,7.17,4.485,0.71,-3.0000,5.4
1,1971,3,37.0,2.11,0.48,0.21,0.97,-3.000,0.024,4.78,6.70,4.717,0.73,-3.0000,5.1
1,1971,4,291.7,2.10,0.43,0.28,0.72,-3.000,0.020,4.69,6.61,5.886,0.65,-3.0000,4.0
1,1971,5,130.3,1.88,0.36,0.28,0.65,-3.000,0.017,4.61,6.74,3.411,0.53,-3.0000,3.8
1,1971,6,9.2,1.75,0.37,0.08,0.85,-3.000,0.019,4.81,7.11,0.413,0.56,-3.0000,4.4
1,1971,7,3.5,1.62,0.38,0.05,0.91,-3.000,0.013,4.80,7.33,0.065,0.59,-3.0000,4.6
1,1971,8,7.4,1.62,0.37,0.06,0.92,-3.000,0.014,4.95,7.45,0.179,0.56,-3.0000,4.6
1,1971,9,4.3,1.54,0.39,0.06,1.09,-3.000,0.007,4.86,7.08,0.036,0.45,-3.0000,5.2
1,1971,10,32.8,1.75,0.40,0.23,0.91,-3.000,0.010,4.92,7.17,0.208,0.55,-3.0000,4.8
1,1971,11,19.0,1.79,0.42,0.16,0.92,-3.000,0.009,4.93,7.17,0.713,0.87,-3.0000,4.9
1,1971,12,49.4,1.91,0.43,0.19,0.86,-3.000,0.008,4.80,7.14,2.043,0.53,-3.0000,4.3
1,1972,1,32.1,1.94,0.42,0.17,0.88,-3.000,0.007,4.82,6.72,2.463,0.60,-3.0000,4.7
1,1972,2,22.3,1.92,0.43,0.17,0.94,-3.000,0.006,4.78,6.88,2.392,0.62,-3.0000,5.0
1,1972,3,121.0,2.03,0.42,0.23,0.84,-3.000,0.009,4.66,6.55,3.759,0.60,0.0010,4.7
1,1972,4,230.4,1.90,0.38,0.28,0.70,-3.000,0.008,4.60,7.02,3.828,0.56,0.0010,4.2
1,1972,5,152.7,1.74,0.33,0.30,0.62,-3.000,0.011,4.62,7.09,3.060,0.41,0.0030,3.9
1,1972,6,41.5,1.65,0.32,0.10,0.75,-3.000,0.010,4.82,7.68,0.299,0.41,0.0010,4.6
1,1972,7,53.6,1.63,0.31,0.04,0.69,-3.000,0.021,4.74,7.65,0.139,0.51,0.0010,4.4
1,1972,8,41.9,1.82,0.33,0.10,0.69,-3.000,0.021,4.76,7.27,1.816,0.43,0.0020,4.9
1,1972,9,7.0,1.65,0.34,0.04,0.86,-3.000,0.018,4.76,8.37,0.389,0.49,0.0080,4.9
1,1972,10,18.0,1.80,0.43,0.46,0.83,-3.000,0.010,4.86,7.86,0.964,0.68,0.0020,4.9
1,1972,11,100.1,1.94,0.39,0.28,0.81,-3.000,0.006,4.73,7.63,2.356,0.71,0.0010,4.6
1,1972,12,57.1,1.89,0.36,0.16,0.82,-3.000,0.005,4.59,7.59,2.641,0.61,0.0010,4.6
1,1973,1,107.9,1.87,0.37,0.24,0.76,-3.000,0.009,4.66,7.29,3.280,0.63,0.0020,4.2
1,1973,2,99.4,1.85,0.36,0.25,0.75,-3.000,0.017,4.72,6.58,3.390,0.59,0.0010,4.4
1,1973,3,206.4,1.85,0.35,0.32,0.72,-3.000,0.034,4.60,6.36,4.022,0.57,0.0010,3.9
1,1973,4,96.6,1.73,0.33,0.29,0.71,-3.000,0.026,4.69,6.59,2.740,0.44,0.0030,4.1
1,1973,5,124.2,1.68,0.27,0.27,0.76,-3.000,0.020,4.76,7.24,1.661,0.48,0.0020,4.4
1,1973,6,256.8,1.64,0.28,0.21,0.60,-3.000,0.020,4.65,6.95,1.116,0.39,0.0030,3.7
1,1973,7,72.8,1.67,0.28,0.15,0.59,-3.000,0.025,4.75,6.96,0.980,0.37,0.0030,3.9
1,1973,8,6.6,1.61,0.33,0.02,0.93,-3.000,0.024,4.88,7.33,0.273,0.49,0.0020,4.7
1,1973,9,27.3,1.72,0.37,0.06,0.91,-3.000,0.027,4.97,7.79,1.403,0.45,0.0010,4.6
1,1973,10,38.7,1.82,0.41,0.18,0.86,-3.000,0.034,4.96,7.18,1.973,0.48,0.0020,4.6
1,1973,11,103.4,2.04,0.43,0.19,0.84,-3.000,0.037,4.83,6.67,4.335,0.52,0.0010,4.6
1,1973,12,264.7,1.99,0.40,0.25,0.67,-3.000,0.035,4.65,5.99,5.610,0.49,0.0020,3.6
1,1974,1,47.2,2.03,0.41,0.24,0.72,-3.000,0.022,4.79,6.59,5.288,0.47,0.0020,4.0
1,1974,2,37.8,2.08,0.44,0.23,0.77,-3.000,0.029,4.82,6.56,5.337,0.48,0.0020,4.3
1,1974,3,108.6,1.93,0.41,0.27,0.65,-3.000,0.038,4.85,6.27,5.433,0.45,0.0020,3.8
1,1974,4,232.1,1.79,0.36,0.31,0.58,-3.000,0.034,4.84,6.53,4.408,0.39,0.0020,3.5
1,1974,5,140.8,1.71,0.33,0.29,0.58,-3.000,0.040,4.89,6.75,2.748,0.41,0.0020,3.7
1,1974,6,46.0,1.62,0.35,0.18,0.65,-3.000,0.032,4.95,6.46,1.243,0.45,0.0020,3.8
1,1974,7,18.3,1.60,0.31,0.06,0.68,-3.000,0.033,4.94,6.76,0.323,0.55,0.0030,4.1
1,1974,8,7.2,1.51,0.33,0.07,0.73,-3.000,0.041,4.91,7.19,0.618,0.40,0.0020,4.4
1,1974,9,47.9,1.59,0.33,0.08,0.57,-3.000,0.029,4.92,8.43,0.962,0.31,0.0020,4.1
1,1974,10,36.8,1.61,0.36,0.20,0.67,-3.000,0.028,4.97,7.87,0.851,0.35,0.0020,4.3
1,1974,11,87.4,1.78,0.39,0.23,0.72,-3.000,0.010,4.97,6.83,2.334,0.41,0.0020,4.3
1,1974,12,77.9,1.83,0.39,0.24,0.69,-3.000,0.017,4.87,6.78,3.719,0.52,0.0020,4.4
1,1975,1,28.0,1.90,0.41,0.20,0.87,-3.000,0.010,4.90,6.26,3.403,0.51,0.0020,5.0
1,1975,2,24.7,1.85,0.42,0.19,0.95,-3.000,0.018,4.93,6.43,3.190,0.50,0.0020,5.2
1,1975,3,145.2,2.06,0.42,0.63,0.72,-3.000,0.031,4.86,6.09,6.155,0.89,0.0050,3.6
1,1975,4,196.9,1.86,0.37,0.30,0.68,-3.000,0.020,4.88,6.52,4.810,0.62,0.0010,3.8
1,1975,5,45.4,1.82,0.36,0.28,0.69,-3.000,0.020,4.73,6.49,3.419,0.55,0.0010,4.1
1,1975,6,93.2,1.64,0.34,0.10,0.67,-3.000,0.020,4.85,6.87,1.356,0.55,0.0030,4.4
1,1975,7,54.6,1.61,0.30,0.08,0.61,-3.000,0.019,4.78,7.48,0.946,0.51,0.0030,3.9
1,1975,8,3.6,1.66,0.35,0.04,0.92,-3.000,0.010,4.84,7.53,0.718,0.52,0.0020,4.6
1,1975,9,55.6,1.71,0.33,0.11,0.64,-3.000,0.015,4.84,7.32,1.091,0.35,0.0020,4.3
1,1975,10,126.7,1.72,0.33,0.19,0.66,-3.000,0.010,4.88,6.91,1.202,0.42,0.0030,4.3
1,1975,11,109.6,1.68,0.32,0.19,0.77,-3.000,0.020,4.88,6.81,2.799,0.49,0.0040,4.5
1,1975,12,50.8,1.84,0.35,0.15,0.77,-3.000,0.020,4.94,6.57,3.448,0.51,0.0020,4.4
1,1976,1,66.6,1.79,0.36,0.19,0.76,-3.000,0.019,4.89,6.56,4.866,0.49,0.0030,4.1
1,1976,2,91.8,1.80,0.37,0.20,0.74,-3.000,0.020,4.87,6.49,5.611,0.46,0.0020,4.1
1,1976,3,212.8,1.81,0.36,0.26,0.66,-3.000,0.012,4.83,5.84,5.897,0.39,0.0010,3.9
1,1976,4,163.1,1.77,0.34,0.31,0.59,-3.000,0.014,4.84,6.29,5.113,0.35,0.0020,3.8
1,1976,5,160.3,1.57,0.30,0.29,0.59,-3.000,0.017,4.89,6.35,2.870,0.37,0.0040,4.0
1,1976,6,13.4,1.49,0.30,0.10,0.74,-3.000,0.015,4.94,6.78,0.828,0.43,0.0030,4.2
1,1976,7,9.8,1.48,0.30,0.05,0.76,-3.000,0.013,4.95,6.80,0.522,0.44,0.0030,4.6
1,1976,8,40.6,1.48,0.38,0.11,0.67,-3.000,0.008,4.93,6.62,1.199,0.33,0.0010,4.3
1,1976,9,34.2,1.59,0.32,0.19,0.64,-3.000,0.009,4.86,7.08,2.212,0.35,0.0020,4.1
1,1976,10,157.9,1.57,0.30,0.26,0.63,-3.000,0.010,4.92,6.19,2.064,0.39,0.0010,4.2
1,1976,11,68.1,1.61,0.31,0.16,0.68,-3.000,0.010,4.92,5.93,2.581,0.50,0.0010,4.7
1,1976,12,49.7,1.69,0.34,0.18,0.76,-3.000,0.014,4.93,5.70,3.772,0.47,0.0010,3.3
1,1977,1,13.2,1.65,0.37,0.14,0.91,-3.000,0.006,5.02,5.92,3.040,0.47,0.0020,4.8
1,1977,2,9.5,1.77,0.36,0.14,1.03,-3.000,0.007,5.03,6.19,3.230,0.45,0.0060,5.5
1,1977,3,297.8,1.69,0.33,0.33,0.67,-3.000,0.009,4.81,4.93,5.692,0.47,0.0040,4.1
1,1977,4,149.8,1.54,0.29,0.26,0.62,-3.000,0.006,4.88,5.58,4.034,0.38,0.0030,4.1
1,1977,5,24.4,1.45,0.29,0.23,0.76,-3.000,0.005,4.97,5.62,1.862,0.38,0.0030,4.6
1,1977,6,20.4,1.37,0.30,0.08,0.81,-3.000,0.005,4.93,6.00,0.251,0.49,0.0030,4.5
1,1977,7,2.7,1.47,0.32,0.03,0.88,-3.000,0.005,4.90,6.82,0.129,0.42,0.0060,5.2
1,1977,8,2.6,1.41,0.36,0.05,1.13,-3.000,0.012,4.92,7.21,0.730,0.37,0.0040,6.8
1,1977,9,44.7,1.46,0.29,0.17,0.65,-3.000,0.009,4.88,6.57,0.753,0.27,0.0030,4.2
1,1977,10,182.9,1.43,0.27,0.18,0.56,-3.000,0.010,4.87,6.65,0.360,0.34,0.0080,4.2
1,1977,11,69.0,1.53,0.30,0.15,0.74,-3.000,0.013,4.94,7.02,0.964,0.45,0.0030,4.8
1,1977,12,78.4,1.49,0.30,0.12,0.70,-3.000,0.008,4.97,6.59,1.563,0.38,0.0040,4.5
1,1978,1,185.9,1.46,0.29,0.46,0.55,-3.000,0.005,4.85,5.84,2.394,0.45,0.0060,3.3
1,1978,2,23.2,1.51,0.30,0.18,0.73,-3.000,0.005,4.96,6.33,1.858,0.37,0.0020,4.3
1,1978,3,27.2,1.52,0.33,0.22,0.86,-3.000,0.007,4.95,6.22,2.202,0.53,0.0030,4.6
1,1978,4,224.4,1.46,0.28,0.22,0.63,-3.000,0.010,4.87,5.84,2.456,0.44,0.0020,3.9
1,1978,5,88.8,1.37,0.25,0.23,0.66,-3.000,0.010,4.89,6.26,1.180,0.38,0.0030,4.1
1,1978,6,77.9,1.42,0.27,0.10,0.68,-3.000,0.010,4.91,6.27,0.319,0.44,0.0030,4.2
1,1978,7,0.8,1.37,0.30,0.03,0.81,-3.000,0.010,4.88,6.63,0.164,0.48,0.0020,4.2
1,1978,8,0.7,1.42,0.37,0.08,1.07,-3.000,0.010,4.85,7.17,0.709,0.55,0.0030,4.4
1,1978,9,0.1,1.44,0.46,0.73,1.37,-3.000,0.010,4.86,8.45,1.896,0.72,0.0030,4.6
1,1978,10,2.8,1.35,0.49,1.16,1.47,-3.000,0.013,4.95,8.61,1.753,0.84,0.0030,5.0
1,1978,11,5.3,1.45,0.49,0.91,1.30,-3.000,0.016,4.99,7.52,1.722,0.80,0.0040,5.5
1,1978,12,12.5,1.70,0.43,0.35,1.01,-3.000,0.012,5.03,6.63,2.172,0.86,0.0020,5.0
1,1979,1,85.1,1.48,0.33,0.44,0.65,-3.000,0.015,4.91,5.92,3.143,0.57,0.0060,3.8
1,1979,2,20.1,1.45,0.34,0.18,0.87,-3.000,0.013,4.98,6.46,1.950,0.47,0.0020,4.7
1,1979,3,326.8,1.35,0.28,0.29,0.68,-3.000,0.010,4.80,5.83,2.286,0.65,0.0030,3.4
1,1979,4,166.5,1.31,0.26,0.25,0.63,-3.000,0.010,4.71,5.88,1.243,0.51,0.0050,3.4
1,1979,5,116.2,1.23,0.24,0.16,0.68,-3.000,0.009,4.90,6.53,0.441,0.50,0.0040,4.0
1,1979,6,19.5,1.20,0.24,0.07,0.63,-3.000,0.009,4.90,6.22,0.162,0.50,0.0030,3.6
1,1979,7,3.0,1.28,0.27,0.08,0.75,-3.000,0.010,4.90,6.03,0.172,0.53,0.0030,3.9
1,1979,8,2.4,1.29,0.31,0.08,0.86,-3.000,0.014,4.88,6.45,0.348,0.50,0.0020,4.7
1,1979,9,21.5,1.32,0.28,0.05,0.76,-3.000,0.017,4.89,6.48,0.054,0.52,0.0030,4.4
1,1979,10,111.9,1.28,0.25,0.20,0.67,-3.000,0.013,4.89,6.36,0.204,0.55,0.0030,4.4
1,1979,11,114.0,1.46,0.27,0.22,0.80,-3.000,0.011,4.86,6.39,1.386,0.56,0.0020,4.3
1,1979,12,64.6,1.48,0.30,0.20,0.87,-3.000,0.012,4.84,6.22,2.411,0.62,0.0020,4.7
1,1980,1,32.8,1.56,0.31,0.21,0.90,-3.000,0.012,4.81,6.12,3.144,0.69,0.0020,4.8
1,1980,2,5.6,1.66,0.36,0.18,1.04,-3.000,0.027,4.87,6.36,2.261,0.63,0.0010,5.8
1,1980,3,79.3,1.59,0.35,0.40,0.74,-3.000,0.030,4.82,5.39,4.405,0.63,0.0040,3.8
1,1980,4,200.2,1.56,0.33,0.51,0.70,-3.000,0.023,4.76,5.19,4.890,0.64,0.0050,3.7
1,1980,5,58.8,1.61,0.33,0.37,0.79,-3.000,0.013,4.79,5.79,3.222,0.77,0.0030,4.5
1,1980,6,11.1,1.46,0.31,0.08,0.87,-3.000,0.015,4.85,6.32,0.278,0.75,0.0020,4.5
1,1980,7,2.1,1.33,0.36,0.03,0.93,-3.000,0.013,4.78,6.36,0.259,0.70,0.0020,4.7
1,1980,8,0.8,1.34,0.35,0.07,0.99,-3.000,0.020,4.77,6.35,0.990,0.57,0.0020,4.9
1,1980,9,3.8,1.41,0.44,0.08,1.07,-3.000,0.028,4.81,6.69,1.346,0.60,0.0020,4.8
1,1980,10,37.9,1.58,0.38,0.36,0.82,-3.000,0.016,4.87,6.45,1.968,0.81,0.0010,4.5
1,1980,11,75.7,1.31,0.33,0.19,0.90,-3.000,0.024,4.91,6.35,2.295,0.74,0.0010,4.7
1,1980,12,51.4,1.42,0.32,0.18,0.85,-3.000,0.018,4.81,6.46,2.552,0.70,0.0010,4.6
1,1981,1,8.9,1.55,0.37,0.15,1.10,-3.000,0.039,4.79,6.44,2.755,0.69,0.0010,5.1
1,1981,2,287.8,1.52,0.32,0.36,0.82,-3.000,0.027,4.73,5.99,3.631,0.87,0.0030,3.9
1,1981,3,57.2,1.44,0.32,0.29,0.81,-3.000,0.013,4.76,6.13,2.461,0.79,0.0010,4.2
1,1981,4,111.3,1.39,0.30,0.26,0.82,-3.000,0.012,4.75,6.33,1.617,0.76,0.0010,4.5
1,1981,5,104.6,1.37,0.29,0.28,0.87,-3.000,0.012,4.78,6.48,0.873,0.71,0.0010,4.6
1,1981,6,61.5,1.37,0.28,0.07,0.82,-3.000,0.011,4.78,6.36,0.154,0.69,0.0010,4.3
1,1981,7,89.9,1.31,0.25,0.05,0.73,-3.000,0.017,4.75,6.29,0.141,0.60,0.0020,4.4
1,1981,8,83.1,1.27,0.24,0.07,0.64,-3.000,0.016,4.73,6.37,0.262,0.44,0.0040,4.2
1,1981,9,38.3,1.25,0.26,0.06,0.78,-3.000,0.018,4.83,6.33,0.277,0.49,0.0020,4.5
1,1981,10,166.6,1.30,0.26,0.26,0.66,-3.000,0.027,4.82,6.40,1.041,0.53,0.0020,4.2
1,1981,11,55.2,1.28,0.26,0.12,0.79,-3.000,0.022,4.90,6.67,0.523,0.54,0.0020,4.7
1,1981,12,33.0,1.28,0.28,0.09,0.83,-3.000,0.012,4.92,6.49,0.818,0.48,0.0010,5.0
1,1982,1,41.2,1.29,0.29,0.12,0.80,-3.000,0.018,4.92,6.33,1.239,0.44,0.0020,4.7
1,1982,2,33.5,1.30,0.30,0.13,0.86,-3.000,0.016,4.93,6.47,1.167,0.46,0.0010,5.1
1,1982,3,80.7,1.35,0.30,0.18,0.81,-3.000,0.014,4.88,6.11,1.954,0.45,0.0010,4.9
1,1982,4,350.7,1.18,0.24,0.28,0.57,-3.000,0.022,4.81,5.56,1.989,0.33,0.0050,3.6
1,1982,5,37.8,1.18,0.24,0.19,0.67,-3.000,0.020,4.88,5.83,0.647,0.33,0.0030,4.2
1,1982,6,32.7,1.18,0.25,0.06,0.75,-3.000,0.014,4.94,5.93,0.099,0.36,0.0020,4.2
1,1982,7,7.7,1.19,0.25,0.05,0.72,-3.000,0.012,4.84,5.97,0.138,0.37,0.0030,4.1
1,1982,8,1.6,1.19,0.30,0.14,0.92,-3.000,0.019,4.78,6.23,0.425,0.39,0.0030,4.5
1,1982,9,3.6,1.15,0.32,0.28,0.97,-3.000,0.016,4.90,6.29,0.897,0.36,0.0040,4.4
1,1982,10,9.0,1.21,0.32,0.13,0.91,-3.000,0.010,4.97,6.45,0.010,0.36,0.0030,4.7
1,1982,11,81.8,1.30,0.29,0.20,0.78,-3.000,0.026,4.93,6.31,0.843,0.46,0.0030,4.7
1,1982,12,76.1,1.27,0.28,0.12,0.79,-3.000,0.016,4.92,6.26,0.937,0.47,0.0020,5.0
1,1983,1,87.3,1.23,0.26,0.24,0.70,-3.000,0.010,4.86,6.07,1.863,0.49,0.0050,4.1
1,1983,2,71.6,1.19,0.25,0.24,0.69,-3.000,0.011,4.84,5.88,1.651,0.45,0.0020,4.0
1,1983,3,138.7,1.18,0.25,0.19,0.74,-3.000,0.016,4.89,6.14,1.262,0.52,0.0020,4.1
1,1983,4,140.6,1.12,0.24,0.21,0.69,-3.000,0.012,4.88,5.72,0.819,0.50,0.0030,3.9
1,1983,5,156.6,1.10,0.23,0.22,0.72,-3.000,0.014,4.87,5.97,0.462,0.51,0.0040,4.0
1,1983,6,36.8,1.10,0.23,0.16,0.74,-3.000,0.012,4.84,5.77,0.190,0.48,0.0050,4.0
1,1983,7,0.8,1.19,0.28,0.12,0.84,-3.000,0.015,4.87,5.85,0.290,0.50,0.0030,4.1
1,1983,8,1.6,1.17,0.30,0.25,0.84,-3.000,0.018,4.89,5.84,0.429,0.52,0.0030,4.0
1,1983,9,0.3,1.16,0.32,0.42,0.87,-3.000,0.015,4.89,5.75,0.290,0.61,0.0040,4.0
1,1983,10,3.6,1.14,0.34,0.49,1.00,-3.000,0.014,4.92,5.77,0.060,0.72,0.0040,4.4
1,1983,11,103.4,1.19,0.28,0.32,0.75,-3.000,0.015,4.94,5.56,0.068,0.70,0.0030,4.3
1,1983,12,166.7,1.07,0.21,0.19,0.63,-3.000,0.015,4.91,5.51,0.267,0.53,0.0030,3.8
1,1984,1,17.6,1.13,0.25,0.13,0.82,-3.000,0.013,4.97,5.75,0.289,0.53,0.0030,4.6
1,1984,2,135.4,1.10,0.24,0.15,0.74,-3.000,0.010,4.91,5.63,0.661,0.53,0.0010,4.0
1,1984,3,75.1,1.07,0.23,0.15,0.75,-3.000,0.010,4.94,5.52,0.362,0.45,0.0010,4.1
1,1984,4,228.6,1.03,0.21,0.19,0.62,-3.000,0.015,4.91,5.26,0.301,0.41,0.0060,3.7
1,1984,5,236.1,1.02,0.21,0.17,0.66,-3.000,0.010,4.92,5.69,0.059,0.35,0.0060,3.8
1,1984,6,96.6,1.04,0.21,0.08,0.62,-3.000,0.014,4.89,5.56,0.010,0.34,0.0040,3.9
1,1984,7,65.0,1.03,0.19,0.04,0.55,-3.000,0.010,4.83,5.33,0.019,0.34,0.0060,3.7
1,1984,8,1.2,1.06,0.25,0.10,0.95,-3.000,0.011,4.83,6.12,0.027,0.46,0.0060,4.7
1,1984,9,0.0,1.02,0.32,0.25,1.30,-3.000,0.010,4.85,6.95,0.016,0.58,0.0070,5.5
1,1984,10,2.2,1.02,0.33,0.38,1.32,-3.000,0.014,4.87,6.99,0.241,0.67,0.0070,5.5
1,1984,11,39.7,1.10,0.31,0.48,1.03,-3.000,0.020,4.92,6.33,0.555,0.73,0.0050,4.8
1,1984,12,76.5,1.09,0.25,0.22,0.74,-3.000,0.020,4.88,5.68,0.798,0.59,0.0030,4.1
1,1985,1,24.1,1.10,0.25,0.20,0.80,-3.000,0.019,4.87,5.85,0.834,0.57,0.0020,4.5
1,1985,2,71.8,1.15,0.26,0.28,0.78,-3.000,0.019,4.79,5.44,2.384,0.57,0.0030,4.2
1,1985,3,107.5,1.07,0.24,0.23,0.78,-3.000,0.020,4.84,5.45,1.588,0.56,0.0040,4.1
1,1985,4,99.5,1.07,0.24,0.23,0.76,-3.000,0.019,4.81,5.45,1.311,0.54,0.0050,4.0
1,1985,5,63.9,1.09,0.25,0.20,0.83,-3.000,0.017,4.86,5.81,0.367,0.55,0.0020,4.3
1,1985,6,23.4,1.13,0.25,0.05,0.81,-3.000,0.015,4.94,5.89,0.020,0.55,0.0050,4.2
1,1985,7,6.2,1.18,0.26,0.04,0.75,-3.000,0.018,4.92,5.79,0.019,0.53,0.0060,4.1
1,1985,8,0.8,1.19,0.27,0.04,0.80,-3.000,0.015,4.94,5.85,0.015,0.50,0.0060,4.3
1,1985,9,20.2,1.11,0.23,0.32,0.54,-3.000,0.026,4.82,5.43,0.533,0.52,0.0080,3.5
1,1985,10,79.1,1.03,0.23,0.15,0.68,-3.000,0.016,4.87,5.72,0.073,0.48,0.0050,3.9
1,1985,11,100.0,1.06,0.23,0.11,0.75,-3.000,0.017,4.93,5.71,0.210,0.49,0.0040,4.4
1,1985,12,45.1,1.06,0.23,0.10,0.76,-3.000,0.012,4.93,5.68,0.412,0.47,0.0030,4.2
1,1986,1,194.4,1.05,0.24,0.35,0.56,-3.000,0.024,4.78,4.75,1.580,0.35,0.0080,3.2
1,1986,2,23.3,1.06,0.25,0.18,0.74,-3.000,0.025,4.97,5.52,0.627,0.40,0.0060,4.2
1,1986,3,198.3,0.99,0.23,0.18,0.65,-3.000,0.020,4.89,5.23,0.931,0.34,0.0050,3.7
1,1986,4,109.3,1.00,0.23,0.18,0.63,-3.000,0.019,4.88,5.24,0.512,0.34,0.0040,3.7
1,1986,5,83.0,1.00,0.23,0.11,0.78,-3.000,0.020,4.93,5.55,0.044,0.41,0.0050,4.2
1,1986,6,18.0,1.03,0.23,0.05,0.76,-3.000,0.022,4.97,5.48,0.035,0.43,0.0050,4.1
1,1986,7,18.0,1.07,0.23,0.04,0.73,-3.000,0.027,5.05,5.46,0.050,0.39,0.0050,4.0
1,1986,8,73.4,1.04,0.22,0.04,0.63,-3.000,0.030,4.95,5.44,0.048,0.33,0.0060,4.0
1,1986,9,36.5,1.00,0.23,0.04,0.72,-3.000,0.024,5.08,5.60,0.027,0.32,0.0050,4.1
1,1986,10,49.2,1.02,0.25,0.13,0.79,-3.000,0.027,5.10,5.87,0.029,0.32,0.0060,4.3
1,1986,11,87.9,1.05,0.24,0.12,0.78,-3.000,0.026,5.05,5.51,0.563,0.34,0.0060,4.4
1,1986,12,66.2,1.01,0.23,0.09,0.75,-3.000,0.025,5.03,5.43,0.666,0.34,0.0050,4.3
1,1987,1,21.1,1.05,0.26,0.09,0.86,-3.000,0.023,5.17,5.61,0.402,0.36,0.0040,4.6
1,1987,2,10.8,1.05,0.28,0.09,0.96,-3.000,0.023,5.22,5.77,0.299,0.38,0.0050,4.9
1,1987,3,236.0,1.05,0.25,0.19,0.72,-3.000,0.020,4.96,4.97,1.757,0.40,0.0030,4.0
1,1987,4,90.7,1.04,0.24,0.23,0.68,-3.000,0.026,4.90,4.97,1.451,0.39,0.0040,3.9
1,1987,5,46.2,1.05,0.26,0.16,0.80,-3.000,0.020,5.17,5.37,0.225,0.43,0.0080,4.2
1,1987,6,93.7,1.02,0.22,0.06,0.73,-3.000,0.019,4.87,5.20,0.042,0.40,0.0060,4.0
1,1987,7,19.7,1.01,0.22,0.04,0.71,-3.000,0.015,4.80,5.18,0.044,0.37,0.0050,4.0
1,1987,8,5.9,1.04,0.27,0.02,0.91,-3.000,0.021,4.83,5.53,0.055,0.40,0.0030,4.5
1,1987,9,51.3,0.99,0.22,0.10,0.75,-3.000,0.020,4.83,5.26,0.023,0.38,0.0050,3.8
1,1987,10,64.8,0.98,0.24,0.22,0.79,-3.000,0.025,4.86,5.39,0.038,0.41,0.0020,4.2
1,1987,11,78.7,1.05,0.26,0.25,0.76,-3.000,0.017,4.77,5.36,0.831,0.54,0.0070,4.3
1,1987,12,50.7,1.05,0.25,0.18,0.80,-3.000,0.018,4.79,5.41,0.725,0.55,0.0060,4.5
1,1988,1,18.2,1.06,0.27,0.11,0.93,-3.000,0.032,4.92,5.69,0.469,0.57,0.0050,4.8
1,1988,2,32.4,1.13,0.30,0.13,0.92,-3.000,0.027,4.87,5.49,0.639,0.58,0.0050,4.5
1,1988,3,96.5,1.14,0.30,0.28,0.79,-3.000,0.024,4.90,5.02,2.166,0.55,0.0080,4.0
1,1988,4,133.5,1.07,0.27,0.21,0.78,-3.000,0.020,4.90,5.36,1.184,0.49,0.0060,3.9
1,1988,5,62.7,1.04,0.26,0.19,0.87,-3.000,0.025,4.92,5.54,0.253,0.51,0.0080,4.2
1,1988,6,9.6,1.07,0.27,0.09,0.93,-3.000,0.017,4.92,5.50,0.064,0.52,0.0080,4.1
1,1988,7,4.1,1.05,0.28,0.05,0.90,-3.000,0.015,4.88,5.55,0.045,0.52,0.0070,4.1
1,1988,8,4.7,1.06,0.26,0.08,0.77,-3.000,0.020,4.82,5.55,0.105,0.49,0.0070,3.9
1,1988,9,12.0,1.06,0.27,0.08,0.77,-3.000,0.019,4.81,5.63,0.124,0.48,0.0070,4.0
1,1988,10,9.3,1.07,0.35,0.17,1.15,-3.000,0.011,4.87,6.20,0.044,0.56,0.0030,4.5
1,1988,11,91.3,1.15,0.31,0.21,0.88,-3.000,0.024,4.82,5.76,0.545,0.70,0.0030,4.0
1,1988,12,23.1,1.14,0.30,0.12,0.98,-3.000,0.020,4.83,5.85,0.741,0.62,0.0020,4.4
1,1989,1,12.2,1.16,0.31,0.12,1.06,-3.000,0.012,4.88,5.80,0.819,0.59,0.0020,4.6
1,1989,2,16.6,1.19,0.34,0.14,1.11,-3.000,0.017,4.87,5.96,0.816,0.62,0.0030,4.6
1,1989,3,99.9,1.17,0.30,0.21,0.92,-3.000,0.019,4.85,5.30,1.974,0.61,0.0020,3.9
1,1989,4,185.2,1.12,0.27,0.24,0.83,-3.000,0.023,4.75,5.30,1.993,0.56,0.0020,3.8
1,1989,5,158.8,1.04,0.25,0.27,0.78,-3.000,0.019,4.80,5.47,1.080,0.51,0.0030,3.9
1,1989,6,80.8,1.03,0.24,0.09,0.80,-3.000,0.029,4.82,5.61,0.154,0.55,0.0020,4.0
1,1989,7,5.7,1.01,0.24,0.03,0.84,-3.000,0.015,4.85,5.55,0.010,0.54,0.0010,4.0
1,1989,8,12.6,1.05,0.26,0.05,0.82,-3.000,0.015,4.85,5.64,0.010,0.46,0.0040,4.1
1,1989,9,18.1,1.05,0.27,0.07,0.88,-3.000,0.021,4.74,5.76,0.195,0.46,0.0040,4.2
1,1989,10,143.5,1.16,0.27,0.24,0.78,-3.000,0.030,4.77,5.69,0.475,0.55,0.0040,4.1
1,1989,11,130.8,1.10,0.20,0.15,0.82,-3.000,0.017,4.77,5.55,1.059,0.54,0.0050,4.4
1,1989,12,17.7,1.11,0.27,0.11,0.94,-3.000,0.014,4.79,5.49,1.400,0.54,0.0060,4.6
1,1990,1,67.6,1.17,0.30,0.15,0.93,-3.000,0.020,4.73,5.23,2.557,0.56,0.0030,4.3
1,1990,2,67.6,1.18,0.29,0.18,0.90,-3.000,0.019,4.71,5.22,3.047,0.52,0.0030,4.2
1,1990,3,186.6,1.17,0.27,0.23,0.81,-3.000,0.019,4.68,4.82,3.700,0.45,0.0040,3.9
1,1990,4,115.4,1.13,0.26,0.23,0.79,-3.000,0.011,4.83,4.90,3.007,0.45,0.0030,4.0
1,1990,5,120.2,1.12,0.25,0.27,0.77,-3.000,0.035,4.86,5.13,1.815,0.45,0.0040,4.0
1,1990,6,86.4,1.10,0.24,0.07,0.72,-3.000,0.016,4.86,5.44,0.273,0.43,0.0090,3.9
1,1990,7,23.1,1.02,0.22,0.05,0.69,-3.000,0.033,4.83,5.42,0.085,0.42,0.0100,3.8
1,1990,8,177.9,1.03,0.23,0.11,0.63,-3.000,0.041,4.81,4.96,0.523,0.37,0.0100,3.8
1,1990,9,8.8,0.97,0.25,0.03,0.82,-3.000,0.019,4.88,5.60,0.033,0.43,0.0040,4.3
1,1990,10,153.7,1.11,0.26,0.15,0.70,-3.000,0.021,4.90,5.45,0.689,0.46,0.0030,4.2
1,1990,11,90.1,1.09,0.24,0.12,0.72,-3.000,0.017,4.83,5.28,1.343,0.49,0.0060,4.2
1,1990,12,147.8,1.03,0.23,0.14,0.66,-3.000,0.009,4.78,4.93,2.251,0.43,0.0060,3.8
1,1991,1,31.3,1.05,0.25,0.11,0.78,-3.000,0.010,4.85,5.14,2.271,0.43,0.0060,4.3
1,1991,2,29.6,1.13,0.28,0.12,0.80,-3.000,0.026,4.85,5.16,2.517,0.41,0.0060,4.2
1,1991,3,140.9,1.13,0.27,0.17,0.70,-3.000,0.025,4.79,4.80,3.324,0.37,0.0040,3.8
1,1991,4,113.6,1.05,0.26,0.18,0.65,-3.000,0.028,4.78,5.02,2.223,0.43,0.0030,3.8
1,1991,5,50.7,1.20,0.28,0.15,0.72,-3.000,0.028,4.86,5.32,0.909,0.45,0.0020,4.1
1,1991,6,4.7,1.04,0.27,0.05,0.73,-3.000,0.022,4.90,5.47,0.049,0.51,0.0020,4.1
1,1991,7,2.7,1.15,0.30,0.26,0.74,-3.000,0.011,4.88,5.14,1.208,0.45,0.0070,3.4
1,1991,8,80.1,1.06,0.23,0.10,0.48,-3.000,0.028,4.79,5.45,0.011,0.34,0.0050,3.4
1,1991,9,20.1,0.99,0.25,0.03,0.71,-3.000,0.026,4.82,5.36,0.010,0.36,0.0040,4.0
1,1991,10,132.7,0.96,0.23,0.09,0.60,-3.000,0.031,4.80,5.36,0.010,0.33,0.0040,4.1
1,1991,11,59.0,0.99,0.23,0.12,0.72,-3.000,0.019,4.82,5.46,0.234,0.38,0.0020,4.3
1,1991,12,71.3,1.04,0.24,0.11,0.70,-3.000,0.028,4.76,5.45,0.912,0.37,0.0010,4.1
1,1992,1,69.8,1.01,0.24,0.11,0.69,-3.000,0.016,4.87,5.35,0.915,0.36,0.0010,4.1
1,1992,2,15.0,1.06,0.28,0.13,0.81,-3.000,0.025,4.95,5.38,0.882,0.39,0.0020,4.4
1,1992,3,123.6,1.06,0.27,0.19,0.73,-3.000,0.026,4.96,5.20,1.337,0.43,0.0010,4.0
1,1992,4,163.2,0.95,0.23,0.22,0.63,-3.000,0.030,4.91,5.03,1.019,0.46,0.0050,3.5
1,1992,5,52.4,0.99,0.24,0.20,0.68,-3.000,0.020,4.93,5.08,0.433,0.50,0.0030,3.8
1,1992,6,15.2,1.01,0.24,0.08,0.75,-3.000,0.027,4.94,5.23,0.010,0.51,0.0020,3.9
1,1992,7,19.2,1.04,0.24,0.04,0.67,-3.000,0.034,4.91,5.14,0.010,0.48,0.0030,3.8
1,1992,8,42.9,0.98,0.22,0.03,0.67,-3.000,0.037,4.82,5.25,0.010,0.41,0.0030,4.0
1,1992,9,58.3,0.95,0.21,0.03,0.63,-3.000,0.038,4.85,5.26,0.010,0.37,0.0030,4.1
1,1992,10,47.6,0.96,0.25,0.13,0.72,-3.000,0.031,4.90,5.50,0.010,0.39,0.0030,4.2
1,1992,11,143.1,0.92,0.22,0.10,0.68,-3.000,0.049,4.83,5.31,0.126,0.46,0.0010,4.1
1,1992,12,36.3,0.92,0.22,0.08,0.74,-3.000,0.046,4.91,5.43,0.187,0.42,0.0010,4.4
1,1993,1,41.1,0.94,0.23,0.09,0.77,-3.000,0.042,4.87,5.37,0.296,0.40,0.0010,4.2
1,1993,2,14.7,0.95,0.24,0.10,0.83,-3.000,0.046,4.89,5.41,0.206,0.42,0.0010,4.4
1,1993,3,144.6,0.91,0.22,0.18,0.69,-3.000,0.034,4.73,4.82,1.157,0.41,0.0030,3.7
1,1993,4,235.9,0.83,0.19,0.20,0.58,-3.000,0.027,4.83,4.73,0.605,0.37,0.0020,3.4
1,1993,5,26.7,0.91,0.21,0.12,0.75,-3.000,0.010,4.76,5.10,0.021,0.45,0.0010,4.1
1,1993,6,23.0,0.93,0.21,0.06,0.73,-3.000,0.005,4.84,5.08,0.011,0.44,0.0020,3.8
1,1993,7,2.5,1.11,0.28,0.16,0.90,-3.000,0.005,4.99,5.24,0.103,0.56,0.0020,4.3
1,1993,8,6.1,0.97,0.25,0.03,0.82,-3.000,0.005,4.80,5.35,0.011,0.45,0.0010,4.3
1,1993,9,17.6,0.96,0.23,0.05,0.69,-3.000,0.018,4.78,5.32,0.010,0.42,0.0010,3.8
1,1993,10,49.1,0.92,0.24,0.15,0.69,-3.000,0.032,4.81,5.51,0.010,0.43,0.0020,4.0
1,1993,11,134.1,0.93,0.22,0.19,0.71,-3.000,0.014,4.87,5.25,0.182,0.66,0.0010,4.1
1,1993,12,79.2,0.95,0.21,0.13,0.74,-3.000,0.018,4.83,5.17,0.229,0.81,0.0010,4.1
1,1994,1,18.9,0.94,0.24,0.13,0.87,-3.000,0.031,4.97,5.27,0.188,0.69,0.0010,4.4
1,1994,2,26.6,0.93,0.23,0.11,0.83,-3.000,0.026,4.97,5.11,0.254,0.60,0.0010,4.2
1,1994,3,55.1,0.94,0.22,0.12,0.82,-3.000,0.005,4.96,5.19,0.247,0.59,0.0010,4.1
1,1994,4,307.8,0.84,0.19,0.16,0.67,-3.000,0.008,4.84,4.93,0.480,0.45,0.0010,3.4
1,1994,5,71.2,0.87,0.19,0.15,0.71,-3.000,0.013,4.91,5.06,0.038,0.41,0.0010,3.7
1,1994,6,14.2,0.94,0.21,0.06,0.81,-3.000,0.009,4.97,5.10,0.010,0.47,0.0010,3.8
1,1994,7,6.8,0.95,0.23,0.03,0.88,-3.000,0.008,4.98,5.05,0.010,0.52,0.0010,4.4
1,1994,8,7.5,0.99,0.22,0.05,0.77,-3.000,0.005,4.99,4.89,0.010,0.44,0.0010,4.1
1,1994,9,21.5,0.96,0.24,0.06,0.84,-3.000,0.018,5.05,5.10,0.010,0.47,0.0020,4.2
1,1994,10,20.7,0.97,0.26,0.11,0.90,-3.000,0.009,5.02,5.33,0.010,0.47,0.0020,4.3
1,1994,11,39.5,1.00,0.26,0.15,0.95,-3.000,0.006,5.02,5.44,0.041,0.48,0.0020,4.5
1,1994,12,86.9,1.01,0.24,0.13,0.86,-3.000,0.016,4.96,5.16,0.567,0.50,0.0010,4.5
1,1995,1,113.2,0.98,0.22,0.15,0.80,-3.000,0.009,4.84,4.90,1.348,0.55,0.0010,4.2
1,1995,2,17.7,0.97,0.24,0.13,0.92,-3.000,0.016,4.94,5.15,0.807,0.52,0.0010,4.7
1,1995,3,134.2,0.96,0.23,0.17,0.84,-3.000,0.015,4.81,4.90,1.319,0.52,0.0010,4.3
1,1995,4,55.6,0.93,0.22,0.16,0.84,-3.000,0.005,4.84,5.11,0.701,0.51,0.0010,4.3
1,1995,5,61.6,0.94,0.22,0.17,0.90,-3.000,0.018,4.92,5.23,0.137,0.52,0.0010,4.4
1,1995,6,15.9,0.95,0.23,0.09,0.92,-3.000,0.018,4.91,5.18,0.031,0.54,0.0010,4.3
1,1995,7,11.9,0.94,0.24,0.11,0.87,-3.000,0.005,4.82,4.96,0.170,0.58,0.0020,4.2
1,1995,8,60.9,1.04,0.21,0.06,0.72,-3.000,0.013,4.79,4.84,0.235,0.49,0.0020,4.2
1,1995,9,4.3,0.88,0.25,0.03,1.05,-3.000,0.020,4.82,5.50,0.010,0.53,0.0010,4.8
1,1995,10,168.6,0.93,0.22,0.24,0.78,-3.000,0.021,4.79,5.02,0.175,0.70,0.0020,4.1
1,1995,11,167.1,0.87,0.20,0.17,0.78,-3.000,0.011,4.74,4.84,0.399,0.73,0.0010,4.2
1,1995,12,21.8,0.90,0.23,0.09,0.92,-3.000,0.008,4.85,5.07,0.395,0.64,0.0010,4.5
1,1996,1,253.5,0.87,0.22,0.17,0.84,-3.000,0.012,4.78,4.72,1.038,0.67,0.0010,3.9
1,1996,2,108.4,0.86,0.22,0.18,0.86,-3.000,0.005,4.87,4.73,0.907,0.76,0.0010,3.9
1,1996,3,93.0,0.83,0.21,0.18,0.83,-3.000,0.005,4.95,4.66,0.849,0.72,0.0010,3.9
1,1996,4,248.1,0.75,0.18,0.18,0.73,-3.000,0.005,4.93,4.43,0.615,0.58,0.0010,3.5
1,1996,5,154.1,0.73,0.17,0.21,0.70,-3.000,0.005,4.97,4.35,0.309,0.54,0.0020,3.4
1,1996,6,63.4,0.81,0.18,0.07,0.76,-3.000,0.008,5.01,4.51,0.010,0.53,0.0010,3.7
1,1996,7,132.2,0.76,0.16,0.05,0.62,-3.000,0.005,4.94,4.27,0.010,0.40,0.0020,3.5
1,1996,8,6.1,0.81,0.18,0.03,0.77,-3.000,0.005,4.99,4.57,0.010,0.46,0.0010,4.0
1,1996,9,1.0,0.78,0.22,0.05,0.98,-3.000,0.005,4.98,4.96,0.010,0.59,0.0010,4.3
1,1996,10,47.0,0.79,0.22,0.67,0.74,-3.000,0.005,5.06,4.67,0.054,0.68,0.0020,3.6
1,1996,11,132.8,0.81,0.19,0.20,0.74,-3.000,0.005,4.90,4.58,0.029,0.79,0.0010,3.8
1,1996,12,189.4,0.75,0.17,0.17,0.68,-3.000,0.006,4.83,4.18,0.418,0.64,0.0010,3.4
1,1997,1,31.6,0.78,0.19,0.13,0.77,-3.000,0.008,4.95,4.46,0.348,0.56,0.0010,3.7
1,1997,2,45.9,0.80,0.20,0.13,0.81,-3.000,0.020,4.95,4.44,0.525,0.53,0.0010,3.9
1,1997,3,76.2,0.78,0.19,0.15,0.78,-3.000,0.009,4.91,4.41,0.571,0.51,0.0010,3.7
1,1997,4,274.6,0.70,0.17,0.18,0.65,-3.000,0.005,4.90,4.10,0.707,0.38,0.0010,3.2
1,1997,5,113.3,0.69,0.16,0.17,0.67,-3.000,0.005,4.92,4.28,0.192,0.34,0.0010,3.5
1,1997,6,14.7,0.82,0.20,0.10,0.79,-3.000,0.005,5.05,4.40,0.135,0.43,0.0010,3.8
1,1997,7,40.7,0.81,0.18,0.11,0.59,-3.000,0.015,4.90,4.03,0.175,0.40,0.0030,3.4
1,1997,8,3.4,0.82,0.23,0.08,0.87,-3.000,0.010,5.01,4.41,0.176,0.46,0.0010,4.2
1,1997,9,4.4,0.80,0.23,0.04,0.96,-3.000,0.015,5.02,4.64,0.021,0.45,0.0010,4.6
1,1997,10,7.7,0.73,0.27,0.24,1.03,-3.000,0.031,5.15,4.95,0.063,0.48,0.0020,4.8
1,1997,11,77.2,0.64,0.22,0.28,0.74,-3.000,0.014,5.05,4.58,0.147,0.50,0.0020,4.1
1,1997,12,23.1,0.85,0.23,0.07,0.86,-3.000,0.010,5.07,4.77,0.149,0.45,0.0010,4.4
1,1998,1,105.5,0.79,0.21,0.24,0.64,-3.000,0.005,5.04,4.03,1.056,0.37,0.0030,3.6
1,1998,2,55.5,0.79,0.21,0.11,0.80,-3.000,0.005,5.01,4.60,0.324,0.42,0.0010,4.3
1,1998,3,226.8,0.73,0.18,0.15,0.67,-3.000,0.015,4.95,4.14,0.562,0.32,0.0010,3.7
1,1998,4,89.1,0.73,0.17,0.15,0.66,-3.000,0.014,4.97,4.19,0.380,0.32,0.0010,3.9
1,1998,5,57.4,0.78,0.19,0.12,0.76,-3.000,0.011,4.98,4.45,0.049,0.37,0.0010,4.4
1,1998,6,208.4,0.73,0.16,0.13,0.53,-3.000,0.005,4.86,3.81,0.115,0.30,0.0010,3.5
1,1998,7,36.9,0.77,0.16,0.05,0.57,-3.000,0.005,4.93,3.96,0.010,0.29,0.0010,3.8
1,1998,8,9.8,0.80,0.21,0.08,0.88,-3.000,0.005,4.99,4.42,0.010,0.40,0.0010,4.7
1,1998,9,9.1,0.82,0.22,0.24,0.91,-3.000,0.005,5.07,4.65,0.015,0.39,0.0020,4.7
1,1998,10,62.5,0.98,0.25,0.24,0.86,-3.000,0.005,4.99,4.05,1.592,0.45,0.0020,4.6
1,1998,11,82.4,0.98,0.24,0.14,0.92,-3.000,0.005,4.98,4.14,1.959,0.44,0.0010,4.8
1,1998,12,50.6,0.97,0.24,0.14,0.91,-3.000,0.007,4.91,4.07,2.453,0.46,0.0010,4.8
1,1999,1,94.9,1.06,0.27,0.21,0.81,-3.000,0.005,4.85,3.75,3.570,0.43,0.0020,4.2
1,1999,2,40.9,1.01,0.25,0.17,0.88,-3.000,0.005,4.89,3.84,3.448,0.44,0.0010,4.4
1,1999,3,190.4,0.99,0.25,0.30,0.77,-3.000,0.005,4.83,3.53,4.385,0.55,0.0020,3.8
1,1999,4,85.0,0.96,0.23,0.24,0.77,-3.000,0.005,4.81,3.64,3.587,0.50,0.0020,4.1
1,1999,5,79.4,0.94,0.23,0.27,0.79,-3.000,0.015,4.91,3.85,1.952,0.54,0.0030,4.0
1,1999,6,12.4,0.81,0.21,0.05,0.84,-3.000,0.006,4.97,4.29,0.255,0.56,0.0020,4.1
1,1999,7,7.6,0.78,0.20,0.05,0.90,-3.000,0.005,4.99,4.30,0.043,0.53,0.0020,4.3
1,1999,8,4.7,0.75,0.23,0.06,1.15,-3.000,0.005,5.06,4.58,0.155,0.53,0.0020,4.7
1,1999,9,168.6,0.93,0.21,0.28,0.60,-3.000,0.172,4.83,3.70,1.443,0.39,0.0070,3.9
1,1999,10,71.9,2.24,0.22,0.27,1.01,-3.000,0.005,5.40,5.05,0.449,0.52,0.0050,5.7
1,1999,11,94.6,2.89,0.20,0.22,1.03,-3.000,0.005,6.13,5.44,1.428,0.68,0.0040,7.6
1,1999,12,45.4,2.52,0.21,0.10,1.03,-3.000,0.005,6.04,5.26,1.689,0.65,0.0030,6.8
1,2000,1,28.8,2.45,0.22,0.10,1.02,-3.000,0.005,6.03,5.12,2.061,0.65,0.0030,6.3
1,2000,2,32.1,2.60,0.26,0.19,0.96,-3.000,0.005,5.92,4.93,3.229,0.62,0.0030,6.5
1,2000,3,186.5,2.41,0.25,0.27,0.93,-3.000,0.005,5.62,4.74,3.384,0.58,0.0030,7.9
1,2000,4,216.3,2.03,0.22,0.45,0.77,-3.000,0.005,5.39,4.71,1.898,0.53,0.0040,8.5
1,2000,5,104.9,1.96,0.19,0.23,0.87,-3.000,0.005,5.70,5.14,0.673,0.50,0.0030,8.6
1,2000,6,15.8,1.93,0.19,0.06,0.98,-3.000,0.005,5.86,5.42,0.162,0.51,0.0020,8.2
1,2000,7,3.5,2.05,0.18,0.09,0.94,-3.000,0.005,5.86,5.19,0.561,0.48,0.0020,8.4
1,2000,8,10.8,2.02,0.18,0.05,0.90,-3.000,0.005,5.86,5.44,0.067,0.40,0.0020,8.4
1,2000,9,19.9,2.12,0.16,0.16,0.71,-3.000,0.017,5.85,5.01,0.519,0.33,0.0030,8.2
1,2000,10,23.1,1.88,0.20,0.25,0.89,-3.000,0.005,5.94,5.62,0.110,0.44,0.0020,7.5
1,2000,11,57.4,1.73,0.22,0.16,0.89,-3.000,0.005,5.74,5.51,0.264,0.45,0.0030,7.8
1,2000,12,111.9,1.80,0.22,0.23,0.72,-3.000,0.005,5.44,4.85,1.467,0.42,0.0030,7.4
1,2001,1,10.0,1.67,0.21,0.10,0.92,-3.000,0.005,5.60,5.15,1.074,0.43,0.0010,7.5
1,2001,2,8.1,1.65,0.24,0.12,1.03,-3.000,0.005,5.69,5.24,0.858,0.44,0.0020,7.5
1,2001,3,13.8,1.66,0.26,0.13,1.02,-3.000,0.008,5.74,5.35,0.905,0.47,0.0020,7.3
1,2001,4,226.4,1.64,0.21,0.22,0.70,-3.000,0.005,5.30,4.68,1.700,0.31,0.0020,8.2
1,2001,5,16.0,1.52,0.20,0.11,0.83,-3.000,0.005,5.53,5.06,0.363,0.38,0.0030,8.1
1,2001,6,45.8,1.54,0.19,0.10,0.67,-3.000,0.005,5.36,4.81,0.500,0.36,0.0030,8.0
1,2001,7,1.2,1.42,0.19,0.06,0.92,-3.000,0.005,5.49,4.71,0.246,0.43,0.0030,7.5
1,2001,8,0.0,0.00,0.00,0.00,0.00,-3.000,-3.000,5.46,-3.00,-3.000,-3.00,-3.0000,-3.0
1,2001,9,11.4,1.59,0.19,0.34,0.67,-3.000,0.005,5.44,4.47,0.671,0.51,0.0040,6.5
1,2001,10,7.8,1.44,0.24,0.11,1.02,-3.000,0.005,5.41,5.47,0.010,0.57,0.0010,7.5
1,2001,11,31.8,1.50,0.23,0.15,0.90,-3.000,0.007,5.36,5.44,0.058,0.62,0.0020,7.6
1,2001,12,38.5,1.47,0.22,0.10,0.88,-3.000,0.008,5.33,5.34,0.109,0.63,0.0010,8.0
1,2002,1,15.2,1.40,0.23,0.06,0.98,-3.000,0.005,5.40,5.34,0.145,0.55,0.0010,7.4
1,2002,2,46.1,1.39,0.22,0.10,0.88,-3.000,0.013,5.32,5.08,0.401,0.57,0.0010,7.4
1,2002,3,98.5,1.41,0.21,0.15,0.82,-3.000,0.006,5.22,4.95,0.695,0.61,0.0010,8.0
1,2002,4,191.9,1.35,0.18,0.19,0.73,-3.000,0.005,5.14,4.81,0.651,0.47,0.0030,8.3
1,2002,5,77.7,1.23,0.17,0.14,0.76,-3.000,0.005,5.21,4.89,0.082,0.44,0.0020,7.7
1,2002,6,60.9,1.24,0.17,0.08,0.71,-3.000,0.005,5.20,4.77,0.010,0.39,0.0030,7.3
1,2002,7,5.5,1.20,0.18,0.11,0.75,-3.000,0.005,5.23,4.47,0.060,0.47,0.0020,6.5
1,2002,8,1.3,1.14,0.19,0.18,0.74,-3.000,0.005,5.24,4.37,0.095,0.49,0.0030,5.9
1,2002,9,1.8,0.93,0.17,0.13,0.94,-3.000,0.005,5.15,4.49,0.031,0.52,0.0030,6.2
1,2002,10,18.7,1.16,0.21,0.10,0.86,-3.000,0.005,5.24,5.05,0.014,0.52,0.0010,6.5
1,2002,11,93.9,1.25,0.20,0.19,0.71,-3.000,0.005,5.17,4.99,0.013,0.56,0.0020,6.7
1,2002,12,39.3,1.20,0.19,0.09,0.83,-3.000,0.005,5.22,5.03,0.053,0.49,0.0010,6.8
1,2003,1,21.5,1.22,0.21,0.08,0.93,-3.000,0.005,5.28,5.14,0.073,0.49,0.0010,6.8
1,2003,2,9.8,1.19,0.24,0.09,1.05,-3.000,0.005,5.33,5.34,0.154,0.52,0.0020,7.0
1,2003,3,185.2,1.43,0.21,0.23,0.78,-3.000,0.005,5.14,4.59,1.650,0.53,0.0030,6.9
1,2003,4,91.6,1.33,0.19,0.18,0.76,-3.000,0.005,5.18,4.89,0.577,0.49,0.0020,7.0
1,2003,5,110.6,1.31,0.19,0.16,0.81,-3.000,0.005,5.23,5.06,0.233,0.48,0.0010,7.4
1,2003,6,30.6,1.28,0.19,0.06,0.86,-3.000,0.005,5.24,5.03,0.016,0.48,0.0020,7.3
1,2003,7,4.3,1.21,0.20,0.04,0.80,-3.000,0.005,5.24,4.68,0.046,0.49,0.0010,6.7
1,2003,8,112.1,1.42,0.16,0.10,0.56,-3.000,0.005,5.14,4.61,0.017,0.29,0.0030,7.9
1,2003,9,88.4,1.29,0.16,0.13,0.65,-3.000,0.005,5.20,4.49,0.015,0.38,0.0030,6.2
1,2003,10,165.2,1.32,0.18,0.20,0.70,-3.000,0.005,5.16,4.74,0.312,0.49,0.0010,6.4
1,2003,11,173.1,1.42,0.18,0.16,0.71,-3.000,0.005,5.15,4.60,0.513,0.69,0.0010,6.6
1,2003,12,225.5,1.35,0.17,0.11,0.68,-3.000,0.005,5.11,4.41,0.751,0.62,0.0010,6.1
1,2004,1,37.2,1.29,0.18,0.10,0.75,-3.000,0.005,5.18,4.66,0.434,0.58,0.0010,6.2
1,2004,2,8.6,1.21,0.22,0.09,0.95,-3.000,0.005,5.28,4.94,0.275,0.57,0.0010,6.6
1,2004,3,88.7,1.38,0.21,0.15,0.80,-3.000,0.005,5.18,4.48,1.499,0.58,0.0010,6.1
1,2004,4,142.0,1.30,0.19,0.16,0.74,-3.000,0.005,5.15,4.45,0.998,0.52,0.0010,6.0
1,2004,5,120.9,1.23,0.17,0.12,0.76,-3.000,0.005,5.20,4.61,0.231,0.49,0.0010,6.6
1,2004,6,28.3,1.19,0.17,0.04,0.77,-3.000,0.006,5.21,4.50,0.018,0.43,0.0010,6.3
1,2004,7,29.8,1.19,0.16,0.03,0.74,-3.000,0.005,5.14,4.44,0.016,0.44,0.0030,6.1
1,2004,8,61.7,1.21,0.16,0.03,0.68,-3.000,0.005,5.18,4.51,0.010,0.36,0.0020,6.1
1,2004,9,57.0,1.22,0.15,0.02,0.68,-3.000,0.005,5.21,4.57,0.010,0.35,0.0030,6.0
1,2004,10,19.3,1.16,0.20,0.08,0.90,-3.000,0.005,5.29,4.85,0.010,0.42,0.0010,6.2
1,2004,11,128.2,1.25,0.19,0.17,0.74,-3.000,0.005,5.24,4.65,0.356,0.46,0.0010,6.0
1,2004,12,145.4,1.23,0.17,0.11,0.69,-3.000,0.005,5.24,4.44,0.241,0.45,0.0010,5.6
1,2005,1,40.3,1.25,0.18,0.09,0.76,-3.000,0.005,5.31,4.60,0.286,0.48,0.0010,5.8
1,2005,2,29.3,1.22,0.19,0.10,0.82,-3.000,0.005,5.33,4.60,0.198,0.47,0.0010,5.8
1,2005,3,75.5,1.24,0.19,0.14,0.74,-3.000,0.005,5.30,4.35,0.681,0.47,0.0010,5.5
1,2005,4,276.7,1.25,0.16,0.18,0.63,-3.000,0.005,5.23,4.11,0.609,0.47,0.0010,5.2
1,2005,5,73.7,1.20,0.16,0.13,0.74,-3.000,0.005,5.30,4.37,0.096,0.49,0.0010,5.5
1,2005,6,89.4,1.20,0.16,0.05,0.76,-3.000,0.005,5.32,4.42,0.010,0.47,0.0010,5.6
1,2005,7,21.4,1.19,0.16,0.02,0.77,-3.000,0.005,5.33,4.53,0.010,0.47,0.0010,5.7
1,2005,8,32.9,1.12,0.16,0.05,0.79,-3.000,0.005,5.33,4.32,0.010,0.42,0.0010,5.8
1,2005,9,32.9,1.15,0.16,0.04,0.79,-3.000,0.005,5.32,4.38,0.010,0.42,0.0010,5.9
1,2005,10,239.8,1.23,0.14,0.07,0.64,-3.000,0.005,5.28,4.27,0.010,0.41,0.0010,5.3
1,2005,11,163.7,1.19,0.16,0.11,0.70,-3.000,0.005,5.32,4.39,0.044,0.42,0.0010,5.3
1,2005,12,77.9,1.22,0.16,0.09,0.69,-3.000,0.005,5.29,4.24,0.315,0.46,0.0010,5.1
1,2006,1,180.5,1.22,0.16,0.11,0.64,-3.000,0.005,5.28,4.07,0.514,0.44,0.0010,4.7
1,2006,2,70.0,1.22,0.16,0.12,0.66,-3.000,0.005,5.29,4.08,0.457,0.45,0.0010,4.8
1,2006,3,65.4,1.26,0.18,0.17,0.68,-3.000,0.005,5.26,3.94,0.808,0.49,0.0010,5.0
1,2006,4,68.2,1.23,0.18,0.15,0.72,-3.000,0.005,5.31,4.24,0.342,0.50,0.0010,5.3
1,2006,5,191.0,1.20,0.15,0.20,0.65,-3.000,0.005,5.28,3.84,0.219,0.42,0.0010,5.5
1,2006,6,76.0,1.14,0.16,0.07,0.71,0.005,0.005,5.38,4.04,0.010,0.41,0.0010,5.5
1,2006,7,41.4,1.15,0.15,0.03,0.70,0.025,0.005,5.35,3.93,0.010,0.40,0.0010,5.6
1,2006,8,6.4,1.11,0.16,0.02,0.86,0.018,0.005,5.38,4.12,0.010,0.44,0.0010,6.3
1,2006,9,3.4,0.98,0.18,0.07,1.10,0.019,0.005,5.34,4.59,0.010,0.45,0.0010,6.6
1,2006,10,139.5,1.29,0.18,0.28,0.65,0.057,0.005,5.27,4.03,0.777,0.50,0.0010,5.5
1,2006,11,157.2,1.29,0.15,0.22,0.62,0.059,0.005,5.26,3.93,0.580,0.42,0.0010,5.6
1,2006,12,124.4,1.30,0.17,0.13,0.72,0.043,0.005,5.35,4.11,0.979,0.41,0.0010,5.7
1,2007,1,86.3,1.27,0.16,0.13,0.67,0.052,0.005,5.29,3.84,1.367,0.36,0.0010,5.3
1,2007,2,11.2,1.21,0.20,0.12,0.86,0.025,0.005,5.41,4.24,0.908,0.40,0.0010,5.9
1,2007,3,121.0,1.44,0.20,0.18,0.72,0.045,0.005,5.23,3.62,2.573,0.40,0.0010,5.1
1,2007,4,199.6,1.31,0.16,0.20,0.58,0.047,0.005,5.19,3.51,1.926,0.33,0.0010,4.6
1,2007,5,66.0,1.20,0.16,0.13,0.70,0.028,0.005,5.35,3.96,0.514,0.35,0.0010,5.3
1,2007,6,20.4,1.18,0.16,0.05,0.74,0.017,0.005,5.42,4.11,0.033,0.39,0.0010,5.4
1,2007,7,35.3,1.13,0.16,0.03,0.69,0.015,0.005,5.41,3.99,0.010,0.33,0.0010,5.5
1,2007,8,18.2,1.13,0.16,0.02,0.73,0.011,0.005,5.41,4.13,0.010,0.32,0.0010,6.0
1,2007,9,17.4,1.14,0.17,0.04,0.78,0.015,0.005,5.42,4.24,0.010,0.29,0.0010,5.9
1,2007,10,119.2,1.23,0.17,0.31,0.64,0.034,0.005,5.33,4.06,0.144,0.39,0.0010,5.5
1,2007,11,127.2,1.23,0.17,0.10,0.71,0.024,0.005,5.37,4.21,0.278,0.36,0.0010,5.7
1,2007,12,56.5,1.31,0.18,0.10,0.73,0.030,0.005,5.31,4.04,0.870,0.52,0.0010,5.2
1,2008,1,103.0,1.28,0.18,0.10,0.72,0.029,0.005,5.35,4.03,0.776,0.45,0.0010,5.3
1,2008,2,67.7,1.24,0.18,0.11,0.74,0.023,0.005,5.37,4.09,0.666,0.43,0.0010,5.4
1,2008,3,105.2,1.27,0.18,0.14,0.69,0.024,0.005,5.35,3.87,0.995,0.38,0.0010,5.3
1,2008,4,369.4,1.22,0.15,0.16,0.57,0.039,0.005,5.31,3.62,1.007,0.29,0.0010,4.9
1,2008,5,47.7,1.14,0.15,0.13,0.62,0.033,0.005,5.41,3.77,0.303,0.30,0.0010,5.1
1,2008,6,21.7,1.12,0.17,0.06,0.69,0.011,0.005,5.46,3.87,0.012,0.32,0.0010,5.2
1,2008,7,45.3,1.12,0.15,0.04,0.59,0.004,0.005,5.45,3.79,0.010,0.29,0.0010,5.3
1,2008,8,120.8,1.23,0.14,0.07,0.47,0.026,0.005,5.32,3.52,0.010,0.22,0.0010,5.0
1,2008,9,41.6,1.11,0.14,0.04,0.61,-3.000,0.005,5.48,3.72,0.039,0.25,0.0010,5.3
1,2008,10,133.9,1.16,0.16,0.09,0.59,-3.000,0.005,5.50,3.85,0.047,0.34,0.0010,5.4
1,2008,11,143.4,1.19,0.15,0.08,0.59,-3.000,0.005,5.39,3.86,0.189,0.39,0.0010,5.4
1,2008,12,125.2,1.19,0.15,0.09,0.53,-3.000,0.005,5.29,3.56,0.648,0.30,0.0010,4.8
1,2009,1,29.6,1.15,0.16,0.06,0.64,-3.000,0.005,5.42,3.85,0.376,0.31,0.0010,5.3
1,2009,2,51.8,1.17,0.18,0.08,0.69,-3.000,0.005,5.46,3.87,0.558,0.35,0.0010,5.3
1,2009,3,175.8,1.21,0.16,0.12,0.58,-3.000,0.005,5.36,3.59,1.040,0.33,0.0010,4.8
1,2009,4,155.5,1.15,0.15,0.13,0.55,-3.000,0.005,5.35,3.52,0.731,0.30,0.0010,4.9
1,2009,5,109.4,1.12,0.15,0.09,0.61,-3.000,0.005,5.50,3.67,0.055,0.32,0.0010,5.2
1,2009,6,78.5,1.12,0.14,0.04,0.58,0.038,0.005,5.55,3.60,0.010,0.29,0.0010,5.0
1,2009,7,147.1,1.10,0.13,0.06,0.50,0.044,0.005,5.46,3.44,0.010,0.23,0.0010,4.9
1,2009,8,88.6,1.11,0.12,0.03,0.51,0.053,0.005,5.47,3.39,0.010,0.21,0.0010,5.1
1,2009,9,8.3,1.07,0.15,0.04,0.68,0.031,0.005,5.56,3.62,0.010,0.26,0.0010,5.5
1,2009,10,120.8,1.11,0.16,0.27,0.52,0.065,0.005,5.48,3.52,0.207,0.35,0.0010,4.8
1,2009,11,120.7,1.09,0.15,0.10,0.57,0.044,0.005,5.48,3.55,0.014,0.35,0.0010,5.3
1,2009,12,111.4,1.12,0.15,0.06,0.57,0.042,0.005,5.46,3.51,0.147,0.35,0.0010,5.3
1,2010,1,106.7,1.16,0.16,0.15,0.60,0.006,0.005,5.43,3.28,0.541,0.45,0.0010,4.8
1,2010,2,33.9,1.12,0.17,0.11,0.62,0.005,0.005,5.51,3.48,0.368,0.37,0.0010,5.1
1,2010,3,235.4,1.11,0.15,0.14,0.55,0.005,0.005,5.42,3.20,0.564,0.40,0.0010,4.6
1,2010,4,126.8,1.07,0.14,0.13,0.58,0.005,0.005,5.50,3.30,0.168,0.37,0.0010,5.0
1,2010,5,58.4,1.09,0.14,0.09,0.63,0.005,0.005,5.57,3.47,0.062,0.36,0.0010,5.2
1,2010,6,43.1,1.16,0.14,0.08,0.55,-3.000,0.005,5.48,3.12,0.138,0.31,0.0010,4.9
1,2010,7,18.5,1.13,0.15,0.02,0.64,-3.000,0.005,5.59,3.26,0.027,0.29,0.0010,5.5
1,2010,8,11.6,1.06,0.15,0.03,0.74,-3.000,0.005,5.59,3.41,0.010,0.39,0.0010,5.8
1,2010,9,39.6,1.25,0.15,0.20,0.55,-3.000,0.005,5.46,2.85,0.551,0.37,0.0010,4.9
1,2010,10,149.9,1.24,0.15,0.18,0.56,-3.000,0.005,5.44,3.17,0.192,0.54,0.0010,5.0
1,2010,11,101.2,1.12,0.17,0.10,0.66,-3.000,0.005,5.47,3.58,0.146,0.47,0.0010,5.5
1,2010,12,158.7,1.23,0.16,0.10,0.59,-3.000,0.005,5.37,3.25,0.909,0.46,0.0010,5.1
1,2011,1,48.4,1.19,0.16,0.07,0.68,-3.000,0.005,5.50,3.46,0.838,0.42,0.0010,5.4
1,2011,2,22.7,1.11,0.18,0.08,0.77,-3.000,0.005,5.62,3.66,0.414,0.40,0.0010,5.7
1,2011,3,205.7,1.28,0.16,0.14,0.61,-3.000,0.005,5.35,2.97,1.655,0.48,0.0010,4.7
1,2011,4,375.5,1.16,0.14,0.19,0.51,0.078,0.005,5.31,2.81,1.135,0.35,0.0010,4.2
1,2011,5,147.0,1.08,0.13,0.13,0.59,0.052,0.005,5.45,3.09,0.400,0.37,0.0010,5.0
1,2011,6,35.6,1.07,0.15,0.05,0.66,0.031,0.005,5.58,3.26,0.010,0.40,0.0010,5.2
1,2011,7,5.9,1.12,0.15,0.03,0.70,0.023,0.005,5.67,3.19,0.010,0.41,0.0010,5.6
1,2011,8,142.3,1.11,0.13,0.07,0.49,0.064,0.005,5.44,2.78,0.214,0.30,0.0010,4.9
1,2011,9,88.5,1.08,0.13,0.05,0.53,0.069,0.005,5.53,3.00,0.080,0.29,0.0010,5.2
1,2011,10,154.7,1.08,0.13,0.09,0.57,0.066,0.005,5.57,3.04,0.131,0.30,0.0010,5.4
1,2011,11,80.9,1.25,0.17,0.15,0.66,0.077,0.005,5.52,2.97,1.453,0.36,0.0010,5.5
1,2011,12,133.8,1.38,0.17,0.11,0.67,0.077,0.005,5.45,2.91,2.011,0.36,0.0010,5.3
1,2012,1,84.5,1.41,0.18,0.11,0.69,0.086,0.005,5.44,2.90,2.603,0.36,0.0010,5.3
1,2012,2,37.7,1.39,0.19,0.11,0.74,0.078,0.005,5.49,2.99,2.407,0.37,0.0010,5.4
1,2012,3,160.8,1.53,0.19,0.15,0.67,0.082,0.005,5.35,2.65,3.548,0.37,0.0010,5.0
1,2012,4,87.3,1.52,0.19,0.22,0.69,0.084,0.005,5.36,2.70,3.047,0.41,0.0010,5.3
1,2012,5,204.4,1.36,0.13,0.18,0.59,0.071,0.005,5.38,2.72,2.294,0.36,0.0020,5.2
1,2012,6,107.0,1.19,0.13,0.06,0.56,0.071,0.005,5.50,2.88,1.084,0.35,0.0020,5.0
1,2012,7,7.6,1.03,0.13,0.03,0.66,0.039,0.009,5.76,2.96,0.059,0.36,0.0030,5.8
1,2012,8,69.8,1.54,0.16,0.19,0.42,0.115,0.019,5.28,2.60,2.298,0.25,0.0040,5.0
1,2012,9,83.7,1.39,0.14,0.13,0.50,0.118,0.009,5.30,2.88,1.702,0.38,0.0040,5.0
1,2012,10,180.7,1.12,0.16,0.16,0.66,0.051,0.004,5.78,3.14,0.756,0.34,0.0010,5.3
1,2012,11,54.0,1.12,0.16,0.16,0.67,0.050,0.004,5.79,3.14,0.790,0.34,0.0010,5.3
1,2012,12,113.0,1.12,0.16,0.16,0.67,0.050,0.004,5.79,3.14,0.790,0.34,0.0010,5.3
1,2013,1,92.9,1.70,0.20,0.23,0.66,-3.000,0.005,5.25,2.38,4.505,0.44,-3.0000,-3.0
1,2013,2,42.1,1.67,0.21,0.17,0.74,-3.000,0.005,5.33,2.57,4.275,0.44,-3.0000,-3.0
1,2013,3,113.2,1.75,0.20,0.24,0.65,-3.000,0.007,5.22,2.52,5.006,0.58,-3.0000,-3.0
1,2013,4,158.9,1.66,0.18,0.16,0.74,-3.000,0.005,5.25,2.61,4.101,0.51,-3.0000,-3.0
1,2013,5,69.2,1.25,0.16,0.12,0.71,-3.000,0.012,5.55,2.85,1.764,0.54,-3.0000,-3.0
1,2013,6,74.4,1.17,0.15,0.08,0.73,-3.000,0.013,5.64,2.80,0.854,0.48,-3.0000,-3.0
1,2013,7,85.8,1.14,0.13,0.04,0.71,-3.000,0.007,5.68,2.82,0.527,0.56,-3.0000,-3.0
1,2013,8,15.7,1.08,0.13,0.03,0.77,-3.000,0.018,5.81,2.90,0.379,0.47,-3.0000,-3.0
1,2013,9,20.4,1.16,0.14,0.09,0.73,-3.000,0.009,5.72,2.79,0.991,0.37,-3.0000,-3.0
1,2013,10,13.7,0.96,0.17,0.17,0.87,-3.000,0.010,5.95,3.33,0.093,0.49,-3.0000,-3.0
1,2013,11,104.5,1.50,0.21,0.35,0.74,-3.000,0.006,5.47,2.47,3.517,0.41,-3.0000,-3.0
1,2013,12,58.9,1.61,0.21,0.15,0.81,-3.000,0.010,5.43,2.47,4.183,0.40,-3.0000,-3.0
1,2014,1,102.4,1.80,0.22,0.15,0.71,-3.000,0.008,5.32,2.37,5.997,0.39,-3.0000,-3.0
1,2014,2,13.7,1.65,0.23,0.14,0.84,-3.000,0.009,5.49,2.69,3.919,0.43,-3.0000,-3.0
1,2014,3,18.6,1.50,0.22,0.15,0.83,-3.000,0.009,5.58,2.76,3.463,0.42,-3.0000,-3.0
1,2014,4,289.9,1.72,0.19,0.27,0.63,-3.000,0.009,5.18,2.13,5.117,0.38,-3.0000,-3.0
1,2014,5,101.4,1.54,0.18,0.20,0.64,-3.000,0.020,5.44,2.47,3.017,0.47,-3.0000,-3.0
