ws,year,mo,precip,Ca,Mg,K,Na,Al,NH4,pH,SO4,NO3,Cl,PO4,SiO2
2,1963,6,65.2,0.30,0.07,0.10,0.07,-3.000,-3.000,-3.00,-3.00,-3.000,-3.00,-3.0000,-3.0
2,1963,7,70.8,0.29,0.06,0.11,0.07,-3.000,-3.000,-3.00,-3.00,-3.000,-3.00,-3.0000,-3.0
2,1963,8,145.3,0.19,0.04,0.08,0.04,-3.000,-3.000,-3.00,-3.00,-3.000,-3.00,-3.0000,-3.0
2,1963,9,39.6,0.20,0.08,0.51,0.09,-3.000,-3.000,-3.00,-3.00,-3.000,-3.00,-3.0000,-3.0
2,1963,10,31.0,0.60,0.13,0.89,0.08,-3.000,-3.000,-3.00,-3.00,-3.000,-3.00,-3.0000,-3.0
2,1963,11,205.3,0.18,0.09,0.40,0.14,-3.000,-3.000,-3.00,-3.00,-3.000,-3.00,-3.0000,-3.0
2,1963,12,76.7,0.12,0.02,0.40,0.09,-3.000,-3.000,-3.00,-3.00,-3.000,-3.00,-3.0000,-3.0
2,1964,1,116.9,0.08,0.02,0.04,0.13,-3.000,-3.000,-3.00,-3.00,-3.000,-3.00,-3.0000,-3.0
2,1964,2,43.1,0.13,0.03,0.06,0.08,-3.000,-3.000,-3.00,-3.00,-3.000,-3.00,-3.0000,-3.0
2,1964,3,141.8,0.22,0.05,0.05,0.08,-3.000,-3.000,-3.00,-3.00,-3.000,-3.00,-3.0000,-3.0
2,1964,4,109.8,0.54,0.09,0.06,0.09,-3.000,-3.000,-3.00,-3.00,-3.000,-3.00,-3.0000,-3.0
2,1964,5,100.5,0.49,0.09,0.22,0.07,-3.000,-3.000,-3.00,-3.00,-3.000,0.52,-3.0000,-3.0
2,1964,6,59.4,0.58,0.10,0.27,0.06,-3.000,0.300,4.25,4.20,0.770,0.38,-3.0000,-3.0
2,1964,7,128.0,0.29,0.04,0.21,0.07,-3.000,0.104,3.88,6.65,1.162,0.45,-3.0000,-3.0
2,1964,8,149.1,0.23,0.02,0.11,0.05,-3.000,0.134,4.38,2.11,0.134,0.14,-3.0000,-3.0
2,1964,9,35.7,0.62,0.37,0.22,0.21,-3.000,0.391,3.25,5.62,1.403,6.28,-3.0000,-3.0
2,1964,10,50.1,1.09,0.53,0.39,1.37,-3.000,0.100,4.06,1.49,0.033,12.78,-3.0000,-3.0
2,1964,11,112.9,0.28,0.30,0.15,0.50,-3.000,0.054,4.21,2.30,0.385,4.23,-3.0000,-3.0
2,1964,12,112.9,0.16,0.06,0.03,0.06,-3.000,0.077,4.50,1.83,0.912,0.17,-3.0000,-3.0
2,1965,1,61.0,0.11,0.03,0.03,0.13,-3.000,0.845,4.65,1.87,0.532,0.41,-3.0000,-3.0
2,1965,2,97.3,0.17,0.04,0.06,0.19,-3.000,0.095,4.40,1.67,0.333,0.65,-3.0000,-3.0
2,1965,3,27.7,0.44,0.10,0.15,0.29,-3.000,0.121,4.22,2.88,1.113,0.93,-3.0000,-3.0
2,1965,4,80.2,0.20,0.03,0.11,0.09,-3.000,0.543,4.22,3.82,1.503,0.51,-3.0000,-3.0
2,1965,5,24.1,0.65,0.30,0.23,0.46,-3.000,0.069,4.28,4.85,1.180,10.95,-3.0000,-3.0
2,1965,6,107.6,0.16,0.10,0.05,0.10,-3.000,0.042,4.13,3.95,0.362,4.96,-3.0000,-3.0
2,1965,7,93.2,0.16,0.21,0.07,0.20,-3.000,0.302,4.20,4.15,0.200,7.37,-3.0000,-3.0
2,1965,8,87.7,0.13,0.03,0.03,0.27,-3.000,0.133,4.08,4.28,1.117,0.95,-3.0000,-3.0
2,1965,9,196.6,0.12,0.02,0.02,0.12,-3.000,0.087,4.15,3.33,0.882,1.03,-3.0000,-3.0
2,1965,10,122.8,0.23,0.04,0.05,0.10,-3.000,0.168,4.26,2.67,1.251,1.82,-3.0000,-3.0
2,1965,11,146.4,0.21,0.03,0.06,0.07,-3.000,0.266,4.19,3.17,1.796,0.55,-3.0000,-3.0
2,1965,12,70.6,0.10,0.03,0.08,0.12,-3.000,0.361,4.11,3.41,2.628,0.46,-3.0000,-3.0
2,1966,1,64.1,0.15,0.02,0.05,0.12,-3.000,0.125,4.18,1.60,2.045,0.44,-3.0000,-3.0
2,1966,2,59.5,0.05,0.01,0.02,0.08,-3.000,0.144,4.33,1.57,0.663,0.19,-3.0000,-3.0
2,1966,3,113.8,0.15,0.03,0.03,0.14,-3.000,0.202,4.29,2.23,1.391,0.33,-3.0000,-3.0
2,1966,4,65.0,0.20,0.02,0.04,0.09,-3.000,0.543,3.98,4.50,3.137,0.32,-3.0000,-3.0
2,1966,5,89.0,0.88,0.05,0.06,0.47,-3.000,0.345,4.03,5.25,2.375,0.95,-3.0000,-3.0
2,1966,6,106.5,0.14,0.03,0.07,0.10,-3.000,0.182,4.13,3.97,1.420,0.36,-3.0000,-3.0
2,1966,7,98.0,0.31,0.05,0.06,0.11,-3.000,0.144,3.87,6.06,2.128,1.71,-3.0000,-3.0
2,1966,8,195.1,0.14,0.02,0.01,0.05,-3.000,0.134,4.07,3.59,1.069,0.86,-3.0000,-3.0
2,1966,9,116.3,0.18,0.03,0.02,0.08,-3.000,0.117,4.24,2.72,0.996,1.20,-3.0000,-3.0
2,1966,10,82.4,0.31,0.03,0.02,0.10,-3.000,0.123,3.98,2.63,0.986,4.48,-3.0000,-3.0
2,1966,11,134.7,0.14,0.03,0.04,0.16,-3.000,0.175,4.00,2.38,1.471,2.90,-3.0000,-3.0
2,1966,12,97.9,0.04,0.01,0.02,0.07,-3.000,0.030,4.31,1.01,0.791,0.87,-3.0000,-3.0
2,1967,1,57.8,0.14,0.04,0.08,0.20,-3.000,0.266,4.08,3.12,2.577,0.60,-3.0000,-3.0
2,1967,2,109.3,0.06,0.02,0.10,0.11,-3.000,0.126,4.44,1.59,1.456,0.40,-3.0000,-3.0
2,1967,3,55.2,0.26,0.04,0.05,0.09,-3.000,0.306,4.08,3.76,2.099,0.61,-3.0000,-3.0
2,1967,4,136.4,0.09,0.02,0.03,0.05,-3.000,0.197,4.14,2.76,1.467,0.59,-3.0000,-3.0
2,1967,5,110.8,0.15,0.04,0.07,0.06,-3.000,0.375,4.10,3.52,1.845,1.12,-3.0000,-3.0
2,1967,6,80.5,0.16,0.03,0.07,0.04,-3.000,0.424,4.03,5.40,1.553,0.75,-3.0000,-3.0
2,1967,7,112.9,0.12,0.04,0.03,0.35,-3.000,0.300,3.87,4.96,1.984,0.54,-3.0000,-3.0
2,1967,8,136.7,0.26,0.05,0.07,0.04,-3.000,0.170,4.02,3.99,1.324,0.25,-3.0000,-3.0
2,1967,9,134.9,0.05,0.02,0.03,0.06,-3.000,0.141,4.29,2.24,0.789,0.22,-3.0000,-3.0
2,1967,10,120.4,0.09,0.06,0.14,0.21,-3.000,0.266,4.25,2.80,1.653,0.58,-3.0000,-3.0
2,1967,11,111.7,0.15,0.15,0.04,0.15,-3.000,0.216,4.34,1.79,1.884,0.33,-3.0000,-3.0
2,1967,12,148.5,0.06,0.02,0.01,0.12,-3.000,0.090,4.39,1.87,1.493,0.30,-3.0000,-3.0
2,1968,1,70.5,0.10,0.02,0.05,0.10,-3.000,0.300,4.04,3.30,2.855,0.30,-3.0000,-3.0
2,1968,2,60.4,0.24,0.15,0.07,0.29,-3.000,0.065,4.21,1.91,2.263,0.33,-3.0000,-3.0
2,1968,3,89.3,0.23,0.07,0.04,0.32,-3.000,0.109,4.22,2.53,1.425,0.36,-3.0000,-3.0
2,1968,4,111.6,0.77,0.16,0.20,0.22,-3.000,0.245,4.32,2.58,1.145,0.38,-3.0000,-3.0
2,1968,5,209.5,0.08,0.02,0.07,0.04,-3.000,0.233,4.00,4.02,1.665,0.30,-3.0000,-3.0
2,1968,6,159.1,0.11,0.03,0.06,0.03,-3.000,0.277,4.05,3.83,1.235,0.65,-3.0000,-3.0
2,1968,7,58.5,0.19,0.04,0.08,0.05,-3.000,0.391,3.92,5.59,1.627,0.48,-3.0000,-3.0
2,1968,8,55.0,0.11,0.04,0.03,0.08,-3.000,0.589,3.93,4.25,1.785,1.09,-3.0000,-3.0
2,1968,9,67.5,0.12,0.07,0.04,0.20,-3.000,0.310,4.01,3.03,0.943,0.49,-3.0000,-3.0
2,1968,10,75.0,0.06,0.08,0.18,0.41,-3.000,0.125,4.29,1.33,0.474,1.03,-3.0000,-3.0
2,1968,11,127.9,0.09,0.02,0.04,0.03,-3.000,0.159,4.40,1.52,1.064,0.19,-3.0000,-3.0
2,1968,12,183.9,0.04,0.01,0.01,0.02,-3.000,0.133,4.41,1.12,0.979,0.14,-3.0000,-3.0
2,1969,1,70.0,0.08,0.02,0.04,0.15,-3.000,0.189,4.31,1.79,1.389,0.31,-3.0000,-3.0
2,1969,2,171.0,0.04,0.03,0.01,0.03,-3.000,0.160,4.70,0.73,0.392,0.10,-3.0000,-3.0
2,1969,3,80.2,0.23,0.04,0.06,0.12,-3.000,0.349,3.93,4.09,2.386,0.44,-3.0000,-3.0
2,1969,4,82.5,0.20,0.03,0.04,0.12,-3.000,0.294,3.96,3.74,2.091,0.47,-3.0000,-3.0
2,1969,5,108.7,0.32,0.04,0.10,0.28,-3.000,0.353,4.04,3.50,1.527,0.49,-3.0000,-3.0
2,1969,6,90.5,0.24,0.06,0.15,0.12,-3.000,0.488,4.09,3.26,1.255,0.33,-3.0000,-3.0
2,1969,7,189.7,0.11,0.02,0.03,0.06,-3.000,0.232,4.01,3.28,1.289,0.23,-3.0000,-3.0
2,1969,8,147.9,0.10,0.02,0.02,0.02,-3.000,0.327,4.16,2.01,0.602,0.66,-3.0000,-3.0
2,1969,9,45.4,0.13,0.02,0.13,0.04,-3.000,0.345,4.14,3.27,0.972,0.33,-3.0000,-3.0
2,1969,10,64.0,0.17,0.02,0.11,0.06,-3.000,0.240,4.16,2.70,0.785,0.52,-3.0000,-3.0
2,1969,11,130.6,0.09,0.05,0.06,0.33,-3.000,0.161,4.17,2.25,0.646,0.65,-3.0000,-3.0
2,1969,12,188.0,0.19,0.02,0.02,0.19,-3.000,0.126,4.16,1.22,2.372,0.24,-3.0000,-3.0
2,1970,1,25.9,0.12,0.03,0.04,0.18,-3.000,0.210,4.13,2.14,2.288,0.24,-3.0000,-3.0
2,1970,2,94.2,0.18,0.04,0.04,0.19,-3.000,0.188,4.22,1.82,1.934,0.28,-3.0000,-3.0
2,1970,3,104.1,0.07,0.02,0.02,0.06,-3.000,0.191,4.15,1.99,1.613,0.12,-3.0000,-3.0
2,1970,4,95.6,0.26,0.04,0.04,0.08,-3.000,0.287,4.18,2.53,1.616,0.13,-3.0000,-3.0
2,1970,5,90.7,0.35,0.07,0.20,0.15,-3.000,0.227,4.18,2.47,0.892,0.39,-3.0000,-3.0
2,1970,6,97.3,0.10,0.02,0.04,0.03,-3.000,0.670,3.96,3.86,1.182,0.28,-3.0000,-3.0
2,1970,7,64.4,0.27,0.07,0.26,0.08,-3.000,0.562,3.88,5.58,2.617,0.14,-3.0000,-3.0
2,1970,8,155.9,0.19,0.05,0.22,0.06,-3.000,0.510,3.96,4.18,2.067,0.15,-3.0000,-3.0
2,1970,9,137.6,0.05,0.01,0.08,0.03,-3.000,0.283,3.93,3.35,1.648,0.30,-3.0000,-3.0
2,1970,10,99.4,0.07,0.03,0.04,0.18,-3.000,0.506,3.70,3.89,3.238,0.91,-3.0000,-3.0
2,1970,11,89.1,0.08,0.04,0.05,0.32,-3.000,0.206,4.27,2.04,1.148,0.48,-3.0000,-3.0
2,1970,12,129.9,0.11,0.02,0.10,0.07,-3.000,0.121,4.28,1.55,1.302,0.59,-3.0000,-3.0
2,1971,1,75.4,0.11,0.02,0.06,0.07,-3.000,0.063,4.25,1.45,2.535,0.32,-3.0000,-3.0
2,1971,2,114.9,0.11,0.03,0.02,0.14,-3.000,0.345,4.39,1.68,1.467,0.30,-3.0000,-3.0
2,1971,3,92.9,0.13,0.03,0.03,0.05,-3.000,0.085,4.36,0.96,1.534,0.26,-3.0000,-3.0
2,1971,4,49.3,0.64,0.33,0.10,0.27,-3.000,0.449,3.91,4.79,3.064,0.42,-3.0000,-3.0
2,1971,5,111.0,0.20,0.04,0.10,0.09,-3.000,0.474,3.84,5.71,2.590,0.62,-3.0000,-3.0
2,1971,6,67.6,0.14,0.02,0.05,0.02,-3.000,0.418,3.97,4.92,1.657,0.34,-3.0000,-3.0
2,1971,7,144.8,0.10,0.02,0.02,0.05,-3.000,0.308,4.14,3.76,1.262,0.22,-0.2670,-3.0
2,1971,8,112.4,0.04,0.02,0.01,0.12,-3.000,0.070,4.74,0.90,0.230,0.25,-0.9950,-3.0
2,1971,9,75.0,0.04,0.02,0.02,0.10,-3.000,0.295,4.05,2.38,1.331,0.97,-0.9750,-3.0
2,1971,10,103.7,0.13,0.06,0.04,0.31,-3.000,0.100,4.03,2.40,1.790,1.10,0.0100,-3.0
2,1971,11,99.4,0.08,0.03,0.01,0.13,-3.000,0.092,4.11,2.65,2.267,0.40,0.0040,-3.0
2,1971,12,117.8,0.07,0.02,0.02,0.06,-3.000,0.139,4.28,1.98,1.898,0.27,0.0030,-3.0
2,1972,1,68.4,0.10,0.02,0.03,0.15,-3.000,0.170,4.21,2.33,2.107,0.35,0.0120,-3.0
2,1972,2,80.9,0.13,0.03,0.02,0.17,-3.000,0.169,4.20,1.37,2.528,0.34,0.0150,-3.0
2,1972,3,169.6,0.05,0.06,0.02,0.07,-3.000,0.181,4.27,2.14,1.614,0.18,0.0130,-3.0
2,1972,4,87.9,0.23,0.03,0.03,0.06,-3.000,0.484,4.01,4.22,2.524,0.20,0.0130,-3.0
2,1972,5,87.4,0.14,0.04,0.06,0.09,-3.000,0.426,3.96,3.47,2.296,0.39,0.0100,-3.0
2,1972,6,119.4,0.13,0.04,0.10,0.16,-3.000,0.244,4.02,2.93,1.406,0.80,0.0400,-3.0
2,1972,7,159.7,0.07,0.01,0.03,0.02,-3.000,0.255,4.04,3.49,1.402,0.17,0.0150,-3.0
2,1972,8,159.9,0.07,0.02,0.02,0.06,-3.000,0.276,3.98,4.15,1.972,0.22,0.0220,-3.0
2,1972,9,47.9,0.09,0.02,0.05,0.09,-3.000,0.346,3.95,4.62,2.351,0.81,0.0210,-3.0
2,1972,10,90.5,0.09,0.04,0.07,0.22,-3.000,0.158,4.23,2.22,1.659,0.64,0.0120,-3.0
2,1972,11,173.1,0.04,0.03,0.02,0.06,-3.000,0.069,4.30,1.81,1.191,0.23,0.0040,-3.0
2,1972,12,186.6,0.08,0.09,0.03,0.08,-3.000,0.046,4.30,2.13,1.287,0.22,0.0050,-3.0
2,1973,1,128.6,0.07,0.02,0.02,0.17,-3.000,0.108,4.40,1.69,1.258,0.31,0.0080,-3.0
2,1973,2,91.6,0.03,0.01,0.02,0.07,-3.000,0.046,4.22,1.14,0.955,0.99,0.0010,-3.0
2,1973,3,92.6,0.12,0.03,0.03,0.13,-3.000,0.101,4.22,2.24,1.358,0.84,0.0040,-3.0
2,1973,4,101.4,0.05,0.03,0.03,0.17,-3.000,0.069,4.32,1.71,1.345,0.29,0.0220,-3.0
2,1973,5,164.5,0.05,0.01,0.04,0.03,-3.000,0.134,4.19,2.41,1.511,0.42,0.0050,-3.0
2,1973,6,360.8,0.05,0.01,0.03,0.08,-3.000,0.159,4.19,3.37,1.529,0.18,0.0060,-3.0
2,1973,7,86.7,0.21,0.04,0.05,0.03,-3.000,0.433,4.05,4.54,1.906,0.24,0.0060,-3.0
2,1973,8,116.0,0.07,0.01,0.03,0.03,-3.000,0.204,4.11,3.88,1.383,0.27,0.0040,-3.0
2,1973,9,147.5,0.07,0.02,0.03,0.05,-3.000,0.256,3.97,5.00,2.122,0.23,0.0040,-3.0
2,1973,10,95.4,0.26,0.05,0.26,0.07,-3.000,0.438,4.17,3.10,2.572,0.43,0.0170,-3.0
2,1973,11,133.7,0.18,0.03,0.05,0.10,-3.000,0.350,4.09,3.25,3.034,0.21,0.0080,-3.0
2,1973,12,285.2,0.05,0.01,0.02,0.10,-3.000,0.055,4.64,0.88,0.683,0.22,0.0060,-3.0
2,1974,1,114.0,0.07,0.01,0.03,0.06,-3.000,0.147,4.31,1.93,1.702,0.23,0.0050,-3.0
2,1974,2,89.0,0.09,0.01,0.01,0.08,-3.000,0.088,4.38,1.64,1.330,0.20,0.0020,-3.0
2,1974,3,124.0,0.15,0.03,0.03,0.12,-3.000,0.141,4.37,1.91,1.818,0.24,0.0020,-3.0
2,1974,4,131.9,0.19,0.03,0.04,0.08,-3.000,0.223,4.14,2.67,1.753,0.29,0.0050,-3.0
2,1974,5,163.2,0.12,0.03,0.05,0.05,-3.000,0.270,4.09,3.42,1.485,0.25,0.0210,-3.0
2,1974,6,122.3,0.08,0.02,0.04,0.07,-3.000,0.123,4.16,2.53,1.111,0.29,0.0060,-3.0
2,1974,7,101.4,0.15,0.03,0.07,0.04,-3.000,0.321,4.02,4.48,1.595,0.19,0.0170,-3.0
2,1974,8,131.7,0.04,0.01,0.03,0.02,-3.000,0.152,4.06,3.98,1.167,0.13,0.0130,-3.0
2,1974,9,164.6,0.03,0.02,0.03,0.05,-3.000,0.130,4.16,2.86,1.122,0.41,0.0030,-3.0
2,1974,10,46.0,0.35,0.06,0.73,0.12,-3.000,0.583,3.88,6.60,2.933,0.71,0.0090,-3.0
2,1974,11,119.4,0.01,0.01,0.07,0.06,-3.000,0.115,4.33,1.57,1.254,0.25,0.0040,-3.0
2,1974,12,99.3,0.03,0.05,0.03,0.36,-3.000,0.101,4.32,1.97,1.646,0.64,0.0040,-3.0
2,1975,1,111.2,0.04,0.02,0.02,0.09,-3.000,0.076,4.42,1.41,1.580,0.24,0.0070,-3.0
2,1975,2,77.8,0.06,0.01,0.02,0.05,-3.000,0.102,4.34,1.59,1.800,0.21,0.0050,-3.0
2,1975,3,138.5,0.10,0.07,0.03,0.50,-3.000,0.164,4.26,2.55,1.958,0.89,0.0030,-3.0
2,1975,4,60.5,0.25,0.04,0.04,0.09,-3.000,0.551,4.12,4.15,2.551,0.34,0.0050,-3.0
2,1975,5,37.9,0.31,0.05,0.11,0.05,-3.000,0.501,3.77,5.18,3.658,0.62,0.0420,-3.0
2,1975,6,168.0,0.05,0.01,0.03,0.03,-3.000,0.135,4.14,2.65,1.384,0.19,0.0060,-3.0
2,1975,7,181.8,0.02,0.01,0.01,0.03,-3.000,0.118,4.17,2.55,1.346,0.14,0.0030,-3.0
2,1975,8,95.5,0.11,0.02,0.02,0.03,-3.000,0.167,3.97,4.10,1.730,0.21,0.0080,-3.0
2,1975,9,166.2,0.07,0.01,0.01,0.03,-3.000,0.097,4.23,2.40,0.949,0.16,0.0030,-3.0
2,1975,10,142.6,0.12,0.01,0.01,0.02,-3.000,0.011,4.81,0.77,0.179,0.10,0.0030,-3.0
2,1975,11,132.7,0.03,0.01,0.01,0.04,-3.000,0.088,4.30,1.37,1.385,0.20,0.0060,-3.0
2,1975,12,109.7,0.02,0.01,0.01,0.05,-3.000,0.058,4.51,1.11,0.919,0.23,0.0030,-3.0
2,1976,1,138.9,0.01,0.02,0.02,0.16,-3.000,0.108,4.17,2.08,2.204,0.39,0.0110,-3.0
2,1976,2,121.1,0.07,0.02,0.02,0.08,-3.000,0.138,4.34,1.83,1.595,0.17,0.0070,-3.0
2,1976,3,106.9,0.28,0.04,0.03,0.16,-3.000,0.268,4.13,2.90,3.118,0.38,0.0030,-3.0
2,1976,4,88.2,0.05,0.02,0.05,0.03,-3.000,0.191,4.30,2.96,0.857,0.13,0.0090,-3.0
2,1976,5,190.8,0.07,0.03,0.09,0.04,-3.000,0.262,4.21,3.19,1.344,0.17,0.0330,-3.0
2,1976,6,112.6,0.07,0.02,0.02,0.06,-3.000,0.131,4.19,3.06,1.329,0.22,0.0060,-3.0
2,1976,7,105.8,0.08,0.02,0.04,0.03,-3.000,0.173,4.12,3.45,1.357,0.30,0.0140,-3.0
2,1976,8,141.6,0.05,0.02,0.03,0.07,-3.000,0.164,4.16,2.88,1.214,0.19,0.0110,-3.0
2,1976,9,134.8,0.06,0.03,0.03,0.10,-3.000,0.209,4.08,3.70,1.972,0.22,0.0070,-3.0
2,1976,10,206.0,0.02,0.01,0.05,0.02,-3.000,0.094,4.40,1.69,1.124,0.13,0.0050,-3.0
2,1976,11,60.7,0.11,0.02,0.03,0.08,-3.000,0.279,4.08,2.60,2.774,0.58,0.0170,-3.0
2,1976,12,104.0,0.16,0.03,0.02,0.13,-3.000,0.134,4.24,1.30,2.502,0.54,0.0200,-3.0
2,1977,1,76.0,0.03,0.01,0.02,0.05,-3.000,0.116,4.32,1.11,2.224,0.61,0.0070,-3.0
2,1977,2,74.9,0.06,0.01,0.02,0.09,-3.000,0.393,4.12,2.10,2.966,0.74,0.0080,-3.0
2,1977,3,160.6,0.08,0.01,0.01,0.05,-3.000,0.097,4.50,1.17,0.887,0.41,0.0080,-3.0
2,1977,4,109.5,0.25,0.05,0.03,0.07,-3.000,0.214,4.24,2.35,2.786,0.23,0.0110,-3.0
2,1977,5,40.0,0.32,0.07,0.11,0.05,-3.000,0.243,4.07,4.48,2.540,0.37,0.0150,-3.0
2,1977,6,123.2,0.13,0.04,0.11,0.03,-3.000,0.203,4.00,4.47,2.054,0.26,0.0140,-3.0
2,1977,7,69.1,0.06,0.02,0.02,0.02,-3.000,0.199,3.90,4.75,2.608,0.26,0.0080,-3.0
2,1977,8,99.5,0.12,0.03,0.03,0.03,-3.000,0.336,3.71,7.49,3.962,0.18,0.0090,-3.0
2,1977,9,198.6,0.04,0.02,0.04,0.06,-3.000,0.094,4.25,2.09,1.204,0.11,0.0090,-3.0
2,1977,10,193.6,0.05,0.02,0.12,0.02,-3.000,0.067,4.40,1.43,0.934,0.27,0.0080,-3.0
2,1977,11,100.5,0.05,0.05,0.04,0.33,-3.000,0.097,4.25,1.84,1.411,0.55,0.0060,-3.0
2,1977,12,137.2,0.03,0.02,0.02,0.03,-3.000,0.056,4.50,1.01,1.036,0.13,0.0060,-3.0
2,1978,1,234.2,0.03,0.02,0.01,0.10,-3.000,0.023,4.64,0.87,0.600,0.29,0.0050,-3.0
2,1978,2,33.5,0.07,0.02,0.01,0.07,-3.000,0.029,4.42,0.89,0.929,0.41,0.0070,-3.0
2,1978,3,68.4,0.16,0.05,0.02,0.24,-3.000,0.105,4.08,2.98,2.662,0.61,0.0110,-3.0
2,1978,4,75.6,0.20,0.05,0.02,0.18,-3.000,0.481,3.89,4.46,3.452,0.64,0.0150,-3.0
2,1978,5,103.6,0.09,0.02,0.02,0.03,-3.000,0.241,4.11,3.14,1.668,0.17,0.0080,-3.0
2,1978,6,141.9,0.09,0.02,0.03,0.02,-3.000,0.235,4.06,3.90,1.682,0.13,0.0140,-3.0
2,1978,7,51.4,0.12,0.03,0.05,0.01,-3.000,0.235,3.95,4.74,1.923,0.18,0.0160,-3.0
2,1978,8,88.4,0.12,0.02,0.04,0.01,-3.000,0.231,3.99,4.37,1.561,0.15,0.0220,-3.0
2,1978,9,34.7,0.04,0.02,0.03,0.06,-3.000,0.559,3.94,4.75,2.067,0.32,0.0080,-3.0
2,1978,10,93.2,0.07,0.03,0.34,0.19,-3.000,0.161,4.11,2.42,2.088,0.40,0.0090,-3.0
2,1978,11,61.1,0.02,0.02,0.01,0.05,-3.000,0.071,4.36,1.41,1.087,0.23,0.0090,-3.0
2,1978,12,101.9,0.04,0.02,0.01,0.04,-3.000,0.065,4.37,1.09,1.927,0.26,0.0100,-3.0
2,1979,1,216.4,0.01,0.01,0.01,0.02,-3.000,0.028,4.50,0.60,1.130,0.13,0.0090,-3.0
2,1979,2,54.8,0.04,0.03,0.02,0.12,-3.000,0.109,4.13,2.75,1.451,0.21,0.0380,-3.0
2,1979,3,137.8,0.07,0.08,0.02,0.56,-3.000,0.220,4.04,3.07,2.179,1.10,0.0250,-3.0
2,1979,4,126.7,0.09,0.03,0.02,0.10,-3.000,0.209,4.17,2.77,1.658,0.37,0.0300,-3.0
2,1979,5,154.7,0.04,0.01,0.03,0.07,-3.000,0.231,4.18,2.69,1.965,0.15,0.0120,-3.0
2,1979,6,54.6,0.11,0.04,0.10,0.07,-3.000,0.100,4.12,3.11,1.813,0.17,0.0300,-3.0
2,1979,7,72.7,0.03,0.01,0.03,0.04,-3.000,0.121,4.04,2.71,1.445,0.19,0.0120,-3.0
2,1979,8,132.3,0.05,0.02,0.04,0.03,-3.000,0.183,4.11,3.12,1.517,0.14,0.0110,-3.0
2,1979,9,124.4,0.09,0.03,0.04,0.08,-3.000,0.060,4.36,1.42,0.809,0.26,0.0130,-3.0
2,1979,10,147.9,0.09,0.04,0.22,0.06,-3.000,0.124,4.36,1.92,1.286,0.25,0.0140,-3.0
2,1979,11,116.8,0.07,0.03,0.12,0.20,-3.000,0.273,4.08,2.78,2.800,0.43,0.0140,-3.0
2,1979,12,77.9,0.05,0.02,0.05,0.08,-3.000,0.140,4.30,1.92,1.532,0.19,0.0500,-3.0
2,1980,1,53.9,0.13,0.06,0.04,0.46,-3.000,0.114,4.34,1.31,2.013,0.81,0.0120,-3.0
2,1980,2,37.0,0.10,0.02,0.03,0.10,-3.000,0.069,4.25,1.25,2.705,0.32,0.0170,-3.0
2,1980,3,131.8,0.07,0.02,0.02,0.07,-3.000,0.163,4.33,1.50,1.625,0.19,0.0080,-3.0
2,1980,4,125.0,0.20,0.05,0.04,0.20,-3.000,0.311,4.20,2.91,1.880,0.32,0.0160,-3.0
2,1980,5,57.6,0.20,0.05,0.10,0.05,-3.000,0.403,4.20,3.08,1.802,0.18,0.0460,-3.0
2,1980,6,76.5,0.08,0.02,0.05,0.05,-3.000,0.212,4.11,2.87,1.512,0.17,0.0190,-3.0
2,1980,7,88.5,0.09,0.02,0.02,0.03,-3.000,0.211,4.10,3.49,1.656,0.17,0.0190,-3.0
2,1980,8,83.3,0.08,0.01,0.02,0.05,-3.000,0.297,4.01,4.39,2.027,0.18,0.0110,-3.0
2,1980,9,132.7,0.09,0.04,0.03,0.10,-3.000,0.295,4.03,3.90,2.139,0.18,0.0070,-3.0
2,1980,10,113.4,0.11,0.03,0.12,0.21,-3.000,0.138,4.29,1.88,1.510,0.39,0.0070,-3.0
2,1980,11,121.9,0.11,0.02,0.03,0.02,-3.000,0.171,4.42,1.11,1.787,0.10,0.0100,-3.0
2,1980,12,66.3,0.10,0.01,0.03,0.15,-3.000,0.188,4.26,1.32,2.647,0.31,0.0160,-3.0
2,1981,1,22.3,0.10,0.01,0.01,0.10,-3.000,0.085,4.07,1.03,4.528,0.54,0.0160,-3.0
2,1981,2,254.2,0.04,0.05,0.03,0.37,-3.000,0.083,4.61,0.98,0.617,0.61,0.0140,-3.0
2,1981,3,42.0,0.21,0.04,0.03,0.19,-3.000,0.249,4.16,2.01,3.492,0.30,0.0200,-3.0
2,1981,4,119.1,0.15,0.03,0.04,0.08,-3.000,0.350,4.15,3.13,1.859,0.16,0.0230,-3.0
2,1981,5,127.4,0.13,0.07,0.25,0.20,-3.000,0.287,4.25,3.11,1.400,0.35,0.2770,-3.0
2,1981,6,159.9,0.07,0.01,0.05,0.02,-3.000,0.346,4.07,4.02,1.721,0.11,0.0170,-3.0
2,1981,7,230.6,0.07,0.02,0.03,0.03,-3.000,0.140,4.31,2.27,1.134,0.10,0.0220,-3.0
2,1981,8,139.0,0.04,0.01,0.05,0.01,-3.000,0.262,4.16,3.48,0.993,0.07,0.0220,-3.0
2,1981,9,147.5,0.07,0.02,0.05,0.04,-3.000,0.340,4.17,3.12,1.534,0.11,0.0190,-3.0
2,1981,10,198.2,0.02,0.01,0.04,0.04,-3.000,0.099,4.44,1.35,1.012,0.10,0.0080,-3.0
2,1981,11,65.2,0.05,0.02,0.05,0.05,-3.000,0.173,4.34,1.79,1.519,0.13,0.0130,-3.0
2,1981,12,126.1,0.02,0.01,0.01,0.02,-3.000,0.041,4.64,0.63,0.968,0.06,0.0090,-3.0
2,1982,1,110.5,0.03,0.01,0.01,0.05,-3.000,0.057,4.59,0.73,1.090,0.12,0.0060,-3.0
2,1982,2,72.8,0.04,0.02,0.01,0.06,-3.000,0.068,4.43,1.20,1.725,0.13,0.0060,-3.0
2,1982,3,109.0,0.10,0.02,0.01,0.09,-3.000,0.156,4.27,2.10,1.792,0.13,0.0070,-3.0
2,1982,4,100.3,0.25,0.05,0.03,0.11,-3.000,0.329,4.22,2.58,2.839,0.20,0.0210,-3.0
2,1982,5,28.9,0.17,0.06,0.34,0.02,-3.000,0.283,4.28,2.71,1.308,0.13,0.8000,-3.0
2,1982,6,156.6,0.05,0.02,0.07,0.04,-3.000,0.175,4.40,1.84,1.139,0.10,0.0120,-3.0
2,1982,7,70.4,0.06,0.02,0.05,0.03,-3.000,0.182,3.93,2.75,1.387,0.11,0.0170,-3.0
2,1982,8,68.3,0.07,0.02,0.05,0.03,-3.000,0.279,4.15,3.07,1.914,0.11,0.0330,-3.0
2,1982,9,109.2,0.03,0.01,0.03,0.02,-3.000,0.230,4.15,3.22,1.267,0.08,0.0150,-3.0
2,1982,10,51.0,0.07,0.12,0.18,0.03,-3.000,0.242,4.13,2.73,1.777,0.11,0.0200,-3.0
2,1982,11,142.9,0.06,0.04,0.05,0.23,-3.000,0.145,4.32,2.07,1.766,0.31,0.0080,-3.0
2,1982,12,68.3,0.07,0.02,0.05,0.08,-3.000,0.164,4.33,1.83,1.486,0.21,0.0270,-3.0
2,1983,1,119.5,0.03,0.02,0.03,0.07,-3.000,0.060,4.76,0.71,0.540,0.12,0.0100,-3.0
2,1983,2,81.4,0.04,0.02,0.02,0.18,-3.000,0.217,4.19,2.84,1.442,0.27,0.0090,-3.0
2,1983,3,131.6,0.04,0.01,0.01,0.08,-3.000,0.069,4.71,0.85,0.540,0.16,0.0060,-3.0
2,1983,4,117.1,0.10,0.03,0.04,0.14,-3.000,0.285,4.25,2.43,1.663,0.20,0.0200,-3.0
2,1983,5,191.1,0.13,0.03,0.06,0.07,-3.000,0.376,4.21,3.15,1.960,0.16,0.0380,-3.0
2,1983,6,33.6,0.16,0.03,0.13,0.01,-3.000,0.239,4.24,2.94,1.562,0.09,0.0370,-3.0
2,1983,7,73.6,0.12,0.03,0.04,0.02,-3.000,0.235,4.23,2.65,1.177,0.13,0.0190,-3.0
2,1983,8,150.3,0.04,0.01,0.02,0.01,-3.000,0.181,4.21,2.56,1.224,0.07,0.0080,-3.0
2,1983,9,45.2,0.08,0.03,0.05,0.13,-3.000,0.146,4.46,1.84,0.792,0.24,0.0130,-3.0
2,1983,10,97.5,0.16,0.04,0.09,0.26,-3.000,0.050,4.55,1.02,0.610,0.35,0.0060,-3.0
2,1983,11,199.6,0.02,0.01,0.02,0.04,-3.000,0.076,4.45,1.16,1.001,0.09,0.0100,-3.0
2,1983,12,196.1,0.05,0.02,0.02,0.08,-3.000,0.031,4.68,0.63,0.652,0.16,0.0040,-3.0
2,1984,1,51.0,0.07,0.01,0.02,0.07,-3.000,0.124,4.26,1.50,2.263,0.18,0.0120,-3.0
2,1984,2,117.7,0.12,0.03,0.03,0.15,-3.000,0.141,4.30,1.76,1.683,0.26,0.0080,-3.0
2,1984,3,125.5,0.09,0.02,0.03,0.05,-3.000,0.023,4.62,0.67,0.685,0.11,0.0090,-3.0
2,1984,4,127.7,0.09,0.03,0.03,0.11,-3.000,0.124,4.39,1.47,0.948,0.21,0.0210,-3.0
2,1984,5,302.2,0.03,0.01,0.09,0.01,-3.000,0.045,4.86,0.49,0.377,0.06,0.0290,-3.0
2,1984,6,174.3,0.07,0.02,0.07,0.04,-3.000,0.260,4.29,2.61,1.239,0.11,0.0160,-3.0
2,1984,7,137.1,0.07,0.02,0.02,0.03,-3.000,0.285,4.06,3.92,1.989,0.12,0.0100,-3.0
2,1984,8,31.3,0.10,0.02,0.04,0.04,-3.000,0.323,3.84,6.13,3.374,0.16,0.0150,-3.0
2,1984,9,38.3,0.12,0.02,0.06,0.08,-3.000,0.256,4.24,2.81,1.589,0.13,0.0190,-3.0
2,1984,10,79.1,0.12,0.03,0.16,0.06,-3.000,0.196,4.29,2.27,1.861,0.12,0.0220,-3.0
2,1984,11,116.3,0.02,0.02,0.03,0.14,-3.000,0.065,4.52,1.02,0.842,0.24,0.0070,-3.0
2,1984,12,96.3,0.03,0.01,0.02,0.06,-3.000,0.062,4.63,0.74,0.847,0.10,0.0080,-3.0
2,1985,1,59.0,0.04,0.02,0.05,0.10,-3.000,0.125,4.17,1.07,3.851,0.23,0.0120,-3.0
2,1985,2,86.8,0.04,0.02,0.04,0.11,-3.000,0.100,4.30,1.76,1.643,0.24,0.0190,-3.0
2,1985,3,85.4,0.08,0.01,0.02,0.04,-3.000,0.152,4.52,1.25,1.193,0.12,0.0140,-3.0
2,1985,4,62.3,0.22,0.05,0.04,0.10,-3.000,0.413,4.24,3.04,2.318,0.23,0.0230,-3.0
2,1985,5,103.2,0.20,0.04,0.05,0.07,-3.000,0.410,4.13,3.83,2.312,0.17,0.0170,-3.0
2,1985,6,120.5,0.10,0.02,0.04,0.04,-3.000,0.263,4.24,2.98,1.530,0.13,0.0150,-3.0
2,1985,7,54.0,0.11,0.03,0.03,0.07,-3.000,0.053,4.31,2.04,0.966,0.15,0.0160,-3.0
2,1985,8,84.9,0.05,0.01,0.02,0.05,-3.000,0.201,4.08,3.62,1.892,0.12,0.0140,-3.0
2,1985,9,146.9,0.03,0.01,0.02,0.04,-3.000,0.026,4.79,0.63,0.384,0.11,0.0090,-3.0
2,1985,10,113.3,0.05,0.01,0.05,0.04,-3.000,0.183,4.17,2.71,1.702,0.12,0.0130,-3.0
2,1985,11,131.0,0.07,0.02,0.01,0.05,-3.000,0.075,4.52,0.88,1.403,0.11,0.0060,-3.0
2,1985,12,81.1,0.06,0.02,0.02,0.11,-3.000,0.174,4.33,1.11,2.458,0.23,0.0160,-3.0
2,1986,1,203.7,0.02,0.02,0.01,0.04,-3.000,0.041,4.76,0.52,0.521,0.10,0.0100,-3.0
2,1986,2,72.3,0.02,0.01,0.01,0.07,-3.000,0.044,4.45,1.13,1.104,0.15,0.0100,-3.0
2,1986,3,122.9,0.09,0.01,0.02,0.06,-3.000,0.215,4.27,2.21,1.801,0.12,0.0150,-3.0
2,1986,4,59.8,0.10,0.03,0.03,0.12,-3.000,0.233,4.15,3.14,2.074,0.24,0.0150,-3.0
2,1986,5,119.5,0.13,0.03,0.07,0.08,-3.000,0.312,4.43,1.93,1.414,0.16,0.0310,-3.0
2,1986,6,84.2,0.16,0.04,0.11,0.02,-3.000,0.244,4.24,2.91,1.469,0.11,0.0290,-3.0
2,1986,7,140.2,0.03,0.01,0.02,0.01,-3.000,0.112,4.29,2.03,1.223,0.06,0.0500,-3.0
2,1986,8,167.4,0.03,0.01,0.01,0.02,-3.000,0.353,4.05,4.13,1.872,0.10,0.0200,-3.0
2,1986,9,96.9,0.04,0.01,0.02,0.05,-3.000,0.183,4.09,3.12,1.843,0.14,0.0160,-3.0
2,1986,10,62.0,0.07,0.02,0.03,0.04,-3.000,0.211,4.23,2.73,1.640,0.08,0.0150,-3.0
2,1986,11,131.1,0.03,0.01,0.01,0.05,-3.000,0.078,4.46,1.05,1.109,0.13,0.0120,-3.0
2,1986,12,104.0,0.01,0.02,0.01,0.09,-3.000,0.071,4.67,0.66,0.633,0.17,0.0080,-3.0
2,1987,1,89.2,0.02,0.01,0.01,0.05,-3.000,0.141,4.41,0.98,1.683,0.12,0.0140,-3.0
2,1987,2,11.2,0.13,0.03,0.02,0.33,-3.000,0.194,4.13,1.11,4.688,0.61,0.0120,-3.0
2,1987,3,162.0,0.03,0.02,0.01,0.08,-3.000,0.036,4.69,0.69,0.510,0.20,0.0110,-3.0
2,1987,4,69.2,0.04,0.02,0.02,0.11,-3.000,0.070,4.69,0.70,0.585,0.27,0.0220,-3.0
2,1987,5,83.9,0.09,0.03,0.07,0.04,-3.000,0.311,4.34,2.53,0.986,0.08,0.0160,-3.0
2,1987,6,193.4,0.10,0.01,0.05,0.04,-3.000,0.221,4.42,1.71,0.931,0.13,0.0210,-3.0
2,1987,7,73.1,0.06,0.02,0.03,0.02,-3.000,0.327,4.14,3.42,1.600,0.10,0.0390,-3.0
2,1987,8,110.3,0.04,0.01,0.02,0.02,-3.000,0.225,4.20,2.72,1.309,0.06,0.0200,-3.0
2,1987,9,155.0,0.04,0.03,0.04,0.17,-3.000,0.060,4.46,1.27,0.806,0.32,0.0180,-3.0
2,1987,10,104.9,0.13,0.04,0.19,0.15,-3.000,0.224,4.18,2.28,2.238,0.31,0.0460,-3.0
2,1987,11,112.6,0.07,0.04,0.05,0.20,-3.000,0.244,4.25,1.97,1.857,0.37,0.0220,-3.0
2,1987,12,57.3,0.07,0.01,0.02,0.07,-3.000,0.206,4.23,1.52,2.554,0.15,0.0280,-3.0
2,1988,1,60.7,0.09,0.02,0.02,0.07,-3.000,0.092,4.51,0.88,1.356,0.29,0.0140,-3.0
2,1988,2,76.6,0.06,0.02,0.01,0.08,-3.000,0.078,4.59,0.75,0.988,0.17,0.0290,-3.0
2,1988,3,47.0,0.19,0.06,0.04,0.24,-3.000,0.417,4.05,2.83,4.252,0.42,0.1040,-3.0
2,1988,4,95.6,0.12,0.03,0.02,0.10,-3.000,0.324,4.16,2.86,2.348,0.22,0.0380,-3.0
2,1988,5,86.7,0.11,0.04,0.18,0.04,-3.000,0.257,4.20,2.42,1.793,0.20,0.0530,-3.0
2,1988,6,69.1,0.30,0.05,0.05,0.03,-3.000,0.400,4.23,2.74,2.174,0.15,0.0300,-3.0
2,1988,7,110.5,0.09,0.02,0.03,0.01,-3.000,0.232,4.10,3.17,1.487,0.11,0.0240,-3.0
2,1988,8,136.1,0.08,0.02,0.02,0.03,-3.000,0.094,4.30,1.80,0.891,0.09,0.0130,-3.0
2,1988,9,71.2,0.05,0.02,0.03,0.04,-3.000,0.238,4.22,2.48,1.618,0.11,0.0160,-3.0
2,1988,10,55.3,0.15,0.04,0.08,0.15,-3.000,0.660,3.99,3.99,3.896,0.29,0.0400,-3.0
2,1988,11,132.9,0.03,0.03,0.07,0.13,-3.000,0.076,4.46,1.17,2.543,0.25,0.0070,-3.0
2,1988,12,62.5,0.11,0.03,0.04,0.15,-3.000,0.157,4.43,1.37,1.413,0.25,0.0050,-3.0
2,1989,1,71.8,0.11,0.04,0.03,0.29,-3.000,0.292,4.23,1.90,2.992,0.55,0.0060,-3.0
2,1989,2,66.4,0.04,0.01,0.01,0.07,-3.000,0.165,4.38,1.41,2.038,0.14,0.0060,-3.0
2,1989,3,86.5,0.18,0.04,0.03,0.14,-3.000,0.217,4.25,2.55,2.007,0.20,0.0070,-3.0
2,1989,4,92.5,0.06,0.01,0.01,0.05,-3.000,0.250,4.24,1.96,1.719,0.11,0.0060,-3.0
2,1989,5,193.6,0.07,0.02,0.05,0.06,-3.000,0.130,4.40,1.70,0.923,0.13,0.0130,-3.0
2,1989,6,150.1,0.06,0.01,0.05,0.02,-3.000,0.295,4.27,2.39,1.490,0.09,0.0300,-3.0
2,1989,7,76.7,0.19,0.03,0.04,0.02,-3.000,0.646,4.19,3.69,1.916,0.12,0.0110,-3.0
2,1989,8,136.9,0.02,0.01,0.03,0.04,-3.000,0.301,4.24,2.71,1.366,0.09,0.0070,-3.0
2,1989,9,130.5,0.08,0.06,0.05,0.19,-3.000,0.152,4.22,2.38,1.607,0.35,0.0250,-3.0
2,1989,10,189.1,0.09,0.04,0.16,0.08,-3.000,0.072,4.50,1.02,0.918,0.17,0.0160,-3.0
2,1989,11,154.4,0.09,0.03,0.05,0.16,-3.000,0.148,4.41,1.39,1.663,0.30,0.0140,-3.0
2,1989,12,62.5,0.09,0.01,0.04,0.09,-3.000,0.125,4.29,1.21,2.559,0.20,0.0160,-3.0
2,1990,1,142.6,0.05,0.01,0.03,0.06,-3.000,0.203,4.29,1.59,1.792,0.15,0.0110,-3.0
2,1990,2,84.3,0.06,0.01,0.02,0.06,-3.000,0.128,4.34,1.06,1.615,0.20,0.0100,-3.0
2,1990,3,72.0,0.10,0.03,0.02,0.09,-3.000,0.233,4.30,2.06,1.339,0.21,0.0130,-3.0
2,1990,4,98.1,0.19,0.04,0.07,0.12,-3.000,0.438,4.03,3.71,2.567,0.21,0.0650,-3.0
2,1990,5,160.1,0.12,0.03,0.05,0.07,-3.000,0.184,4.41,1.65,1.097,0.19,0.0410,-3.0
2,1990,6,205.8,0.11,0.03,0.08,0.02,-3.000,0.386,4.24,2.76,1.771,0.12,0.0520,-3.0
2,1990,7,75.3,0.31,0.06,0.06,0.06,-3.000,0.526,4.20,3.79,2.059,0.15,0.0330,-3.0
2,1990,8,314.2,0.01,0.01,0.04,0.03,-3.000,0.080,4.40,1.38,0.790,0.09,0.0090,-3.0
2,1990,9,113.1,0.06,0.02,0.03,0.09,-3.000,0.385,4.06,3.88,2.687,0.21,0.0080,-3.0
2,1990,10,192.6,0.05,0.03,0.06,0.15,-3.000,0.171,4.44,1.77,1.189,0.27,0.0130,-3.0
2,1990,11,99.0,0.05,0.01,0.02,0.08,-3.000,0.122,4.42,1.53,1.115,0.08,0.0080,-3.0
2,1990,12,162.2,0.04,0.01,0.02,0.08,-3.000,0.073,4.49,1.16,0.985,0.07,0.0070,-3.0
2,1991,1,80.0,0.07,0.02,0.01,0.13,-3.000,0.153,4.37,1.33,1.845,0.21,0.0160,-3.0
2,1991,2,47.8,0.08,0.02,0.01,0.08,-3.000,0.209,4.23,1.95,2.337,0.14,0.0130,-3.0
2,1991,3,111.6,0.10,0.03,0.02,0.09,-3.000,0.176,4.35,1.68,1.543,0.10,0.0170,-3.0
2,1991,4,92.1,0.15,0.04,0.10,0.07,-3.000,0.365,4.11,3.19,2.153,0.17,0.0290,-3.0
2,1991,5,89.7,0.13,0.06,0.16,0.05,-3.000,0.620,4.27,2.92,1.871,0.17,0.1110,-3.0
2,1991,6,48.7,0.21,0.05,0.07,0.03,-3.000,0.428,4.33,2.90,1.869,0.09,0.0060,-3.0
2,1991,7,109.3,0.11,0.01,0.04,0.03,-3.000,0.350,4.23,2.80,1.776,0.09,0.0140,-3.0
2,1991,8,270.2,0.05,0.01,0.01,0.01,-3.000,0.115,4.45,1.50,0.804,0.02,0.0080,-3.0
2,1991,9,113.9,0.05,0.01,0.03,0.04,-3.000,0.184,4.31,1.93,1.127,0.07,0.0170,-3.0
2,1991,10,160.3,0.09,0.03,0.07,0.11,-3.000,0.264,4.18,2.66,1.587,0.19,0.0120,-3.0
2,1991,11,87.8,0.07,0.01,0.03,0.04,-3.000,0.086,4.53,0.93,0.984,0.07,0.0050,-3.0
2,1991,12,112.2,0.04,0.01,0.06,0.05,-3.000,0.148,4.33,1.06,2.195,0.10,0.0040,-3.0
2,1992,1,87.6,0.04,0.02,0.04,0.11,-3.000,0.059,4.51,0.98,0.978,0.19,0.0060,-3.0
2,1992,2,98.2,0.03,0.02,0.01,0.11,-3.000,0.215,4.30,1.36,2.530,0.24,0.0100,-3.0
2,1992,3,108.4,0.07,0.05,0.02,0.32,-3.000,0.188,4.21,2.36,1.671,0.51,0.0080,-3.0
2,1992,4,89.9,0.14,0.04,0.03,0.09,-3.000,0.384,4.17,2.94,2.064,0.27,0.0160,-3.0
2,1992,5,60.9,0.17,0.07,0.18,0.21,-3.000,0.300,4.40,2.15,1.815,0.38,0.0560,-3.0
2,1992,6,75.2,0.06,0.03,0.08,0.10,-3.000,0.147,4.24,2.40,1.566,0.18,0.0120,-3.0
2,1992,7,159.0,0.07,0.02,0.03,0.03,-3.000,0.228,4.25,2.41,1.555,0.08,0.0090,-3.0
2,1992,8,153.5,0.05,0.02,0.03,0.07,-3.000,0.287,4.09,3.48,1.802,0.15,0.0080,-3.0
2,1992,9,131.2,0.02,0.01,0.03,0.06,-3.000,0.116,4.46,1.38,0.972,0.11,0.0080,-3.0
2,1992,10,74.1,0.13,0.05,0.22,0.20,-3.000,0.329,4.14,2.65,2.891,0.40,0.0150,-3.0
2,1992,11,160.1,0.02,0.01,0.01,0.05,-3.000,0.108,4.43,1.19,0.999,0.10,0.0020,-3.0
2,1992,12,56.6,0.08,0.02,0.04,0.13,-3.000,0.247,4.29,1.74,2.086,0.21,0.0020,-3.0
2,1993,1,98.6,0.03,0.01,0.01,0.08,-3.000,0.114,4.45,0.87,1.424,0.12,0.0010,-3.0
2,1993,2,77.8,0.06,0.01,0.02,0.08,-3.000,0.127,4.57,0.68,1.440,0.19,0.0030,-3.0
2,1993,3,141.7,0.06,0.02,0.02,0.19,-3.000,0.124,4.33,1.05,1.782,0.33,0.0040,-3.0
2,1993,4,120.3,0.08,0.04,0.03,0.27,-3.000,0.129,4.43,1.37,0.949,0.44,0.0050,-3.0
2,1993,5,69.4,0.26,0.05,0.15,0.06,-3.000,1.031,3.94,5.69,3.346,0.21,0.0320,-3.0
2,1993,6,87.6,0.07,0.02,0.11,0.05,-3.000,0.237,4.16,2.73,1.891,0.14,0.0140,-3.0
2,1993,7,115.7,0.10,0.02,0.03,0.04,-3.000,0.236,4.19,2.54,1.722,0.11,0.0050,-3.0
2,1993,8,117.1,0.05,0.01,0.03,0.06,-3.000,0.338,4.06,4.02,1.776,0.10,0.0010,-3.0
2,1993,9,128.8,0.04,0.01,0.02,0.04,-3.000,0.171,4.16,2.79,1.372,0.09,0.0020,-3.0
2,1993,10,100.5,0.09,0.02,0.08,0.07,-3.000,0.215,4.34,1.82,1.656,0.13,0.0060,-3.0
2,1993,11,142.2,0.08,0.08,0.05,0.62,-3.000,0.159,4.40,1.61,1.832,1.16,0.0030,-3.0
2,1993,12,90.3,0.04,0.02,0.02,0.11,-3.000,0.209,4.32,1.41,2.295,0.19,0.0040,-3.0
2,1994,1,139.2,0.02,0.01,0.01,0.04,-3.000,0.040,4.62,0.35,1.155,0.13,0.0030,-3.0
2,1994,2,44.8,0.23,0.03,0.03,0.23,-3.000,0.078,4.35,0.96,2.241,0.39,0.0060,-3.0
2,1994,3,138.3,0.05,0.01,0.01,0.05,-3.000,0.146,4.50,1.10,1.305,0.11,0.0060,-3.0
2,1994,4,111.5,0.19,0.03,0.06,0.09,-3.000,0.579,4.07,3.65,2.938,0.18,0.0420,-3.0
2,1994,5,97.6,0.21,0.05,0.11,0.04,-3.000,0.654,4.14,3.43,3.038,0.15,0.0590,-3.0
2,1994,6,108.6,0.14,0.04,0.18,0.10,-3.000,0.433,4.17,3.34,2.244,0.23,0.0220,-3.0
2,1994,7,127.6,0.03,0.01,0.02,0.03,-3.000,0.238,4.14,3.22,1.596,0.08,0.0050,-3.0
2,1994,8,94.9,0.04,0.01,0.02,0.01,-3.000,0.169,4.38,1.89,0.902,0.06,0.0060,-3.0
2,1994,9,131.3,0.04,0.01,0.02,0.02,-3.000,0.187,4.41,1.69,1.026,0.10,0.0030,-3.0
2,1994,10,29.9,0.09,0.02,0.08,0.08,-3.000,0.465,3.82,3.75,5.686,0.22,0.0050,-3.0
2,1994,11,85.0,0.06,0.02,0.05,0.09,-3.000,0.118,4.44,1.23,1.142,0.17,0.0050,-3.0
2,1994,12,74.6,0.04,0.02,0.03,0.09,-3.000,0.082,4.42,1.16,1.333,0.17,0.0010,-3.0
2,1995,1,114.2,0.03,0.03,0.02,0.21,-3.000,0.080,4.38,0.99,1.647,0.37,0.0020,-3.0
2,1995,2,86.1,0.09,0.02,0.03,0.12,-3.000,0.175,4.33,1.13,2.200,0.20,0.0020,-3.0
2,1995,3,75.8,0.12,0.03,0.03,0.17,-3.000,0.397,4.09,2.46,3.345,0.25,0.0050,-3.0
2,1995,4,61.6,0.34,0.04,0.05,0.10,-3.000,0.666,4.03,3.95,3.972,0.21,0.0140,-3.0
2,1995,5,93.5,0.11,0.02,0.11,0.04,-3.000,0.205,4.51,1.24,1.009,0.09,0.1450,-3.0
2,1995,6,47.9,0.07,0.02,0.09,0.03,-3.000,0.313,4.36,1.68,1.378,0.14,0.0360,-3.0
2,1995,7,164.9,0.05,0.01,0.03,0.02,-3.000,0.361,4.17,2.91,1.922,0.12,0.0050,-3.0
2,1995,8,145.0,0.04,0.01,0.02,0.02,-3.000,0.139,4.42,1.28,0.763,0.07,0.0050,-3.0
2,1995,9,92.1,0.07,0.02,0.03,0.11,-3.000,0.357,4.07,3.14,2.091,0.21,0.0050,-3.0
2,1995,10,234.5,0.03,0.02,0.02,0.09,-3.000,0.086,4.57,0.79,0.571,0.23,0.0030,-3.0
2,1995,11,154.9,0.04,0.04,0.03,0.30,-3.000,0.102,4.45,0.99,1.145,0.58,0.0020,-3.0
2,1995,12,94.4,0.09,0.02,0.04,0.07,-3.000,0.189,4.41,1.00,1.927,0.13,0.0030,-3.0
2,1996,1,203.1,0.03,0.05,0.03,0.37,-3.000,0.066,4.52,0.95,0.925,0.64,0.0020,-3.0
2,1996,2,106.1,0.10,0.05,0.11,0.34,-3.000,0.206,4.28,1.54,2.088,0.58,0.0030,-3.0
2,1996,3,53.9,0.22,0.07,0.06,0.41,-3.000,0.170,4.30,1.51,2.838,0.66,0.0060,-3.0
2,1996,4,242.7,0.14,0.04,0.04,0.15,-3.000,0.274,4.25,2.13,2.153,0.31,0.0090,-3.0
2,1996,5,118.3,0.07,0.02,0.04,0.04,-3.000,0.171,4.51,1.12,1.230,0.10,0.0090,-3.0
2,1996,6,167.2,0.04,0.02,0.04,0.05,-3.000,0.332,4.40,2.18,1.472,0.11,0.0070,-3.0
2,1996,7,230.8,0.04,0.01,0.06,0.02,-3.000,0.185,4.45,1.95,1.062,0.06,0.0050,-3.0
2,1996,8,21.0,0.08,0.01,0.06,0.05,-3.000,0.253,4.13,3.54,2.361,0.16,0.0120,-3.0
2,1996,9,80.7,0.05,0.04,0.03,0.27,-3.000,0.139,4.25,2.13,1.653,0.48,0.0070,-3.0
2,1996,10,156.6,0.05,0.02,0.07,0.04,-3.000,0.093,4.55,0.86,0.768,0.09,0.0070,-3.0
2,1996,11,117.3,0.07,0.08,0.04,0.59,-3.000,0.148,4.42,1.56,1.078,1.06,0.0010,-3.0
2,1996,12,207.3,0.03,0.01,0.01,0.07,-3.000,0.103,4.39,0.97,1.282,0.15,0.0010,-3.0
2,1997,1,127.5,0.04,0.01,0.01,0.06,-3.000,0.095,4.41,0.93,1.444,0.13,0.0010,-3.0
2,1997,2,84.1,0.10,0.02,0.02,0.13,-3.000,0.184,4.27,1.51,1.778,0.22,0.0030,-3.0
2,1997,3,140.7,0.09,0.02,0.02,0.08,-3.000,0.217,4.28,1.59,1.961,0.15,0.0020,-3.0
2,1997,4,59.3,0.16,0.06,0.02,0.05,-3.000,0.249,4.40,1.63,1.485,0.09,0.0050,-3.0
2,1997,5,108.8,0.25,0.05,0.08,0.11,-3.000,0.507,4.08,3.40,2.874,0.22,0.0090,-3.0
2,1997,6,77.7,0.20,0.05,0.20,0.08,-3.000,0.622,4.08,3.92,3.128,0.20,0.0780,-3.0
2,1997,7,168.0,0.06,0.01,0.07,0.04,-3.000,0.246,4.41,1.85,1.170,0.10,0.0030,-3.0
2,1997,8,108.2,0.06,0.02,0.08,0.05,-3.000,0.294,4.28,2.33,1.744,0.13,0.0050,-3.0
2,1997,9,71.5,0.09,0.02,0.07,0.07,-3.000,0.287,4.33,2.16,1.476,0.16,0.0290,-3.0
2,1997,10,41.7,0.20,0.04,0.22,0.14,-3.000,0.554,4.16,2.91,3.816,0.33,0.0170,-3.0
2,1997,11,167.2,0.05,0.02,0.03,0.08,-3.000,0.118,4.58,0.80,1.147,0.19,0.0040,-3.0
2,1997,12,72.3,0.04,0.01,0.02,0.08,-3.000,0.141,4.45,1.08,1.642,0.16,0.0020,-3.0
2,1998,1,170.6,0.03,0.01,0.01,0.06,-3.000,0.061,4.66,0.71,0.994,0.12,0.0010,-3.0
2,1998,2,70.0,0.06,0.01,0.01,0.04,-3.000,0.033,4.66,0.68,0.863,0.06,0.0050,-3.0
2,1998,3,117.0,0.05,0.01,0.02,0.06,-3.000,0.085,4.48,0.76,1.413,0.12,0.0010,-3.0
2,1998,4,62.2,0.21,0.03,0.07,0.11,-3.000,0.392,4.35,2.06,2.139,0.21,0.0110,-3.0
2,1998,5,92.1,0.14,0.05,0.13,0.11,-3.000,0.401,4.44,2.01,1.441,0.26,0.0260,-3.0
2,1998,6,311.7,0.04,0.01,0.02,0.03,-3.000,0.131,4.55,1.10,0.804,0.06,0.0070,-3.0
2,1998,7,107.9,0.07,0.01,0.02,0.01,-3.000,0.117,4.45,1.37,0.789,0.04,0.0040,-3.0
2,1998,8,95.3,0.15,0.02,0.09,0.04,-3.000,0.346,4.03,3.52,2.619,0.11,0.0060,-3.0
2,1998,9,83.3,0.18,0.03,0.11,0.03,-3.000,0.480,4.10,3.71,2.071,0.08,0.0120,-3.0
2,1998,10,119.7,0.05,0.01,0.03,0.05,-3.000,0.179,4.28,1.73,1.669,0.11,0.0040,-3.0
2,1998,11,108.3,0.07,0.02,0.04,0.08,-3.000,0.280,4.28,1.64,2.158,0.19,0.0050,-3.0
2,1998,12,59.6,0.17,0.05,0.14,0.09,-3.000,0.461,4.12,2.37,3.564,0.23,0.0330,-3.0
2,1999,1,174.8,0.07,0.01,0.01,0.05,-3.000,0.037,4.51,0.62,1.288,0.10,0.0020,-3.0
2,1999,2,49.5,0.18,0.04,0.07,0.17,-3.000,0.288,4.25,2.17,2.302,0.29,0.0070,-3.0
2,1999,3,127.0,0.11,0.06,0.03,0.37,-3.000,0.085,4.64,1.06,0.846,0.66,0.0040,-3.0
2,1999,4,19.8,0.99,0.13,0.19,0.15,-3.000,1.396,3.94,5.93,6.896,0.25,0.1020,-3.0
2,1999,5,134.8,0.07,0.01,0.05,0.06,-3.000,0.080,4.69,0.85,0.644,0.12,0.0090,-3.0
2,1999,6,80.8,0.17,0.04,0.19,0.09,-3.000,0.352,4.31,2.34,1.839,0.18,0.0370,-3.0
2,1999,7,108.7,0.10,0.02,0.05,0.04,-3.000,0.231,4.34,1.76,1.196,0.07,0.0150,-3.0
2,1999,8,112.1,0.08,0.02,0.04,0.05,-3.000,0.452,4.10,3.34,2.033,0.13,0.0110,-3.0
2,1999,9,328.6,0.05,0.01,0.03,0.04,-3.000,0.074,4.77,0.70,0.452,0.07,0.0030,-3.0
2,1999,10,80.3,0.06,0.05,0.18,0.14,-3.000,0.092,4.50,1.18,1.143,0.24,0.0080,-3.0
2,1999,11,102.0,0.20,0.08,0.09,0.36,-3.000,0.449,4.27,2.19,2.276,0.64,0.0070,-3.0
2,1999,12,56.7,0.15,0.04,0.02,0.21,-3.000,0.257,4.18,1.93,2.345,0.40,0.0040,-3.0
2,2000,1,105.8,0.12,0.02,0.01,0.15,-3.000,0.266,4.27,1.58,2.016,0.28,0.0030,-3.0
2,2000,2,112.0,0.11,0.02,0.01,0.08,-3.000,0.255,4.30,1.35,1.650,0.18,0.0050,-3.0
2,2000,3,112.2,0.12,0.02,0.02,0.08,-3.000,0.254,4.32,1.68,1.456,0.26,0.0070,-3.0
2,2000,4,224.8,0.12,0.03,0.04,0.14,-3.000,0.218,4.49,1.30,1.017,0.25,0.0280,-3.0
2,2000,5,145.8,0.04,0.01,0.09,0.03,-3.000,0.094,4.31,1.49,1.324,0.09,0.0090,-3.0
2,2000,6,91.4,0.12,0.04,0.07,0.14,-3.000,0.408,4.22,2.57,1.778,0.26,0.0090,-3.0
2,2000,7,91.0,0.04,0.01,0.04,0.05,-3.000,0.100,4.54,0.90,0.909,0.11,0.0060,-3.0
2,2000,8,108.2,0.05,0.01,0.09,0.04,-3.000,0.356,4.31,2.35,1.593,0.09,0.0050,-3.0
2,2000,9,93.7,0.03,0.01,0.02,0.04,-3.000,0.184,4.38,1.80,1.172,0.07,0.0050,-3.0
2,2000,10,80.5,0.05,0.02,0.10,0.02,-3.000,0.138,4.48,1.29,0.976,0.09,0.0050,-3.0
2,2000,11,102.0,0.06,0.01,0.02,0.04,-3.000,0.148,4.40,1.18,1.741,0.16,0.0020,-3.0
2,2000,12,144.1,0.02,0.01,0.02,0.08,-3.000,0.053,4.73,0.60,0.814,0.17,0.0020,-3.0
2,2001,1,51.9,0.01,0.01,0.02,0.07,-3.000,0.180,4.29,1.24,2.537,0.19,0.0030,-3.0
2,2001,2,105.4,0.06,0.01,0.02,0.06,-3.000,0.187,4.43,1.18,1.983,0.13,0.0040,-3.0
2,2001,3,120.4,0.07,0.01,0.02,0.09,-3.000,0.078,4.60,0.62,1.379,0.15,0.0040,-3.0
2,2001,4,45.4,0.41,0.06,0.05,0.14,-3.000,0.472,4.20,3.44,2.831,0.20,0.0090,-3.0
2,2001,5,61.0,0.12,0.04,0.10,0.06,-3.000,0.380,4.32,2.12,1.703,0.12,0.0140,-3.0
2,2001,6,115.4,0.04,0.01,0.06,0.04,-3.000,0.140,4.54,1.13,0.886,0.08,0.0120,-3.0
2,2001,7,82.2,0.08,0.01,0.02,0.01,-3.000,0.172,4.47,1.49,1.011,0.05,0.0090,-3.0
2,2001,8,44.7,0.14,0.03,0.05,0.04,-3.000,0.264,4.22,2.76,1.846,0.10,0.0060,-3.0
2,2001,9,152.0,0.02,0.02,0.02,0.10,-3.000,0.128,4.59,0.98,0.721,0.19,0.0020,-3.0
2,2001,10,67.9,0.15,0.03,0.12,0.15,-3.000,0.381,4.25,2.40,2.285,0.24,0.0150,-3.0
2,2001,11,79.6,0.15,0.04,0.04,0.22,-3.000,0.338,4.22,2.17,2.826,0.39,0.0040,-3.0
2,2001,12,78.2,0.04,0.01,0.01,0.06,-3.000,0.183,4.36,1.29,1.871,0.12,0.0020,-3.0
2,2002,1,95.7,0.11,0.01,0.02,0.08,-3.000,0.237,4.45,1.00,2.089,0.16,0.0020,-3.0
2,2002,2,79.1,0.07,0.02,0.02,0.14,-3.000,0.170,4.48,1.20,1.383,0.22,0.0020,-3.0
2,2002,3,131.1,0.12,0.03,0.03,0.22,-3.000,0.239,4.48,1.41,1.570,0.37,0.0040,-3.0
2,2002,4,162.3,0.14,0.03,0.05,0.08,-3.000,0.283,4.41,1.76,1.763,0.14,0.0240,-3.0
2,2002,5,127.5,0.10,0.03,0.14,0.04,-3.000,0.299,4.59,1.38,1.133,0.07,0.0360,-3.0
2,2002,6,126.8,0.09,0.01,0.05,0.03,-3.000,0.486,4.30,2.63,1.723,0.08,0.0150,-3.0
2,2002,7,52.6,0.47,0.07,0.10,0.06,-3.000,0.515,4.47,2.50,2.075,0.12,0.0150,-3.0
2,2002,8,84.2,0.08,0.02,0.02,0.08,-3.000,0.119,4.68,0.77,0.738,0.16,0.0060,-3.0
2,2002,9,122.2,0.02,0.01,0.02,0.02,-3.000,0.104,4.75,0.74,0.425,0.04,0.0030,-3.0
2,2002,10,101.7,0.08,0.03,0.09,0.16,-3.000,0.244,4.33,1.75,1.696,0.31,0.0040,-3.0
2,2002,11,137.9,0.05,0.01,0.09,0.05,-3.000,0.195,4.56,0.85,1.352,0.11,0.0070,-3.0
2,2002,12,98.1,0.04,0.01,0.04,0.04,-3.000,0.106,4.70,0.60,0.887,0.08,0.0030,-3.0
2,2003,1,42.2,0.04,0.01,0.05,0.12,-3.000,0.108,4.39,0.84,1.863,0.22,0.0030,-3.0
2,2003,2,59.7,0.08,0.02,0.06,0.16,-3.000,0.125,4.60,0.85,1.300,0.22,0.0050,-3.0
2,2003,3,95.1,0.09,0.03,0.03,0.22,-3.000,0.237,4.34,1.70,1.782,0.38,0.0040,-3.0
2,2003,4,68.9,0.13,0.02,0.02,0.05,-3.000,0.209,4.40,1.50,1.484,0.10,0.0050,-3.0
2,2003,5,143.0,0.11,0.03,0.07,0.03,-3.000,0.243,4.47,1.64,1.138,0.07,0.0160,-3.0
2,2003,6,59.8,0.09,0.02,0.12,0.02,-3.000,0.248,4.37,2.12,1.125,0.06,0.0720,-3.0
2,2003,7,120.5,0.05,0.01,0.03,0.02,-3.000,0.252,4.37,1.95,1.232,0.06,0.0030,-3.0
2,2003,8,234.1,0.04,0.01,0.02,0.02,-3.000,0.117,4.61,1.09,0.673,0.06,0.0050,-3.0
2,2003,9,198.5,0.03,0.02,0.05,0.15,-3.000,0.144,4.58,1.23,0.656,0.25,0.0250,-3.0
2,2003,10,195.0,0.10,0.02,0.02,0.08,-3.000,0.212,4.58,1.02,1.260,0.16,0.0040,-3.0
2,2003,11,169.2,0.05,0.05,0.03,0.38,-3.000,0.129,4.45,1.28,1.027,0.70,0.0020,-3.0
2,2003,12,227.8,0.03,0.02,0.01,0.15,-3.000,0.040,4.72,0.65,0.721,0.28,0.0020,-3.0
2,2004,1,36.0,0.07,0.01,0.02,0.10,-3.000,0.217,4.28,1.57,2.386,0.18,0.0040,-3.0
2,2004,2,38.1,0.28,0.03,0.02,0.13,-3.000,0.150,4.53,1.32,1.882,0.22,0.0050,-3.0
2,2004,3,78.2,0.18,0.04,0.04,0.16,-3.000,0.788,4.02,3.68,4.627,0.24,0.0070,-3.0
2,2004,4,114.4,0.11,0.02,0.02,0.04,-3.000,0.194,4.71,0.97,0.769,0.09,0.0040,-3.0
2,2004,5,155.3,0.08,0.02,0.09,0.03,-3.000,0.218,4.52,1.39,1.133,0.05,0.0170,-3.0
2,2004,6,69.7,0.11,0.02,0.10,0.04,-3.000,0.227,4.30,2.26,1.346,0.11,0.0130,-3.0
2,2004,7,147.0,0.04,0.01,0.05,0.02,-3.000,0.175,4.35,1.76,1.091,0.07,0.0130,-3.0
2,2004,8,203.4,0.05,0.01,0.03,0.05,-3.000,0.121,4.54,1.71,0.774,0.09,0.0050,-3.0
2,2004,9,91.4,0.03,0.02,0.02,0.13,-3.000,0.048,4.68,0.63,0.518,0.22,0.0040,-3.0
2,2004,10,59.7,0.05,0.01,0.07,0.02,-3.000,0.063,4.58,0.75,0.622,0.05,0.0050,-3.0
2,2004,11,148.2,0.04,0.03,0.05,0.06,-3.000,0.089,4.63,0.91,0.840,0.12,0.0020,-3.0
2,2004,12,154.3,0.03,0.02,0.02,0.15,-3.000,0.094,4.55,0.88,1.167,0.29,0.0070,-3.0
2,2005,1,76.5,0.05,0.02,0.02,0.18,-3.000,0.140,4.43,1.11,1.682,0.28,0.0010,-3.0
2,2005,2,87.2,0.03,0.01,0.01,0.06,-3.000,0.056,4.56,0.91,1.025,0.10,0.0010,-3.0
2,2005,3,84.3,0.10,0.02,0.01,0.09,-3.000,0.152,4.65,0.90,1.248,0.17,0.0010,-3.0
2,2005,4,175.6,0.09,0.04,0.03,0.23,-3.000,0.226,4.51,1.59,1.009,0.42,0.0010,-3.0
2,2005,5,81.7,0.10,0.02,0.07,0.05,-3.000,0.255,4.53,1.39,1.170,0.08,0.0010,-3.0
2,2005,6,173.9,0.05,0.01,0.04,0.01,-3.000,0.244,4.50,1.72,1.002,0.04,0.0010,-3.0
2,2005,7,75.1,0.06,0.01,0.04,0.01,-3.000,0.218,4.46,1.97,0.864,0.06,0.0010,-3.0
2,2005,8,220.1,0.05,0.02,0.02,0.07,-3.000,0.162,4.52,1.60,0.772,0.14,0.0010,-3.0
2,2005,9,80.4,0.06,0.02,0.07,0.12,-3.000,0.153,4.50,1.63,0.964,0.21,0.0010,-3.0
2,2005,10,306.6,0.01,0.01,0.01,0.03,-3.000,0.005,5.25,0.13,0.074,0.06,0.0010,-3.0
2,2005,11,176.2,0.05,0.02,0.03,0.13,-3.000,0.115,4.49,1.25,1.060,0.26,0.0010,-3.0
2,2005,12,101.4,0.03,0.01,0.01,0.12,-3.000,0.097,4.62,0.77,1.042,0.22,0.0010,-3.0
2,2006,1,155.5,0.07,0.03,0.02,0.22,-3.000,0.089,4.57,0.98,1.143,0.39,0.0010,-3.0
2,2006,2,68.4,0.17,0.02,0.01,0.16,-3.000,0.110,4.50,1.01,1.866,0.26,0.0010,-3.0
2,2006,3,49.3,0.23,0.04,0.05,0.25,-3.000,0.656,4.09,3.66,3.379,0.46,0.0760,-3.0
2,2006,4,72.2,0.27,0.06,0.05,0.13,-3.000,0.340,4.42,2.26,1.544,0.24,0.0390,-3.0
2,2006,5,232.1,0.05,0.02,0.14,0.06,-3.000,0.023,5.00,0.53,0.098,0.12,0.0090,-3.0
2,2006,6,193.7,0.06,0.02,0.07,0.07,-3.000,0.092,4.74,0.94,0.604,0.11,0.0010,-3.0
2,2006,7,121.3,0.03,0.01,0.01,0.01,-3.000,0.078,4.73,1.75,0.315,0.02,0.0010,-3.0
2,2006,8,70.8,0.08,0.01,0.03,0.02,-3.000,0.123,4.38,1.89,0.769,0.06,0.0010,-3.0
2,2006,9,68.5,0.07,0.03,0.22,0.14,-3.000,0.144,4.52,1.48,0.963,0.27,0.0010,-3.0
2,2006,10,247.2,0.01,0.01,0.04,0.03,-3.000,0.082,4.70,0.71,0.708,0.06,0.0010,-3.0
2,2006,11,136.3,0.03,0.02,0.03,0.11,-3.000,0.028,4.84,0.65,0.383,0.21,0.0010,-3.0
2,2006,12,128.6,0.05,0.02,0.03,0.09,-3.000,0.136,4.47,1.09,1.433,0.17,0.0010,-3.0
2,2007,1,95.1,0.03,0.01,0.04,0.04,-3.000,0.067,4.69,0.69,0.930,0.07,0.0010,-3.0
2,2007,2,75.8,0.03,0.01,0.01,0.09,-3.000,0.026,4.82,0.29,0.739,0.16,0.0010,-3.0
2,2007,3,89.1,0.14,0.03,0.04,0.13,-3.000,0.278,4.52,1.63,1.388,0.18,0.0010,-3.0
2,2007,4,173.3,0.06,0.01,0.02,0.03,-3.000,0.110,4.77,0.72,0.652,0.06,0.0010,-3.0
2,2007,5,81.7,0.13,0.02,0.06,0.02,-3.000,0.349,4.68,1.63,0.834,0.06,0.0010,-3.0
2,2007,6,85.4,0.17,0.03,0.11,0.03,-3.000,0.474,4.48,2.31,1.433,0.08,0.0010,-3.0
2,2007,7,155.8,0.08,0.01,0.03,0.01,-3.000,0.310,4.58,1.63,0.881,0.04,0.0010,-3.0
2,2007,8,126.8,0.10,0.02,0.05,0.04,-3.000,0.415,4.29,2.97,1.149,0.08,0.0010,-3.0
2,2007,9,100.5,0.05,0.01,0.02,0.02,-3.000,0.279,4.50,1.63,0.778,0.06,0.0010,-3.0
2,2007,10,187.6,0.03,0.01,0.03,0.06,-3.000,0.089,4.66,0.89,0.632,0.12,0.0010,-3.0
2,2007,11,135.2,0.07,0.02,0.02,0.09,-3.000,0.366,4.32,1.97,1.773,0.18,0.0010,-3.0
2,2007,12,160.5,0.03,0.02,0.01,0.17,-3.000,0.069,4.66,0.69,0.911,0.31,0.0010,-3.0
2,2008,1,76.7,0.07,0.01,0.01,0.14,-3.000,0.103,4.54,0.79,1.427,0.24,0.0010,-3.0
2,2008,2,205.2,0.05,0.01,0.01,0.06,-3.000,0.086,4.59,0.80,0.982,0.11,0.0010,-3.0
2,2008,3,160.9,0.09,0.02,0.01,0.09,-3.000,0.152,4.66,0.83,1.107,0.13,0.0010,-3.0
2,2008,4,111.9,0.16,0.02,0.02,0.05,-3.000,0.260,4.50,1.55,1.188,0.09,0.0010,-3.0
2,2008,5,45.9,0.27,0.06,0.16,0.05,-3.000,0.394,4.64,2.07,1.233,0.11,0.0070,-3.0
2,2008,6,140.8,0.11,0.03,0.11,0.03,-3.000,0.204,4.44,2.18,1.220,0.09,0.0010,-3.0
2,2008,7,159.7,0.06,0.01,0.02,0.05,-3.000,0.220,4.51,1.55,0.888,0.10,0.0010,-3.0
2,2008,8,163.9,0.03,0.01,0.01,0.01,-3.000,0.081,4.65,0.87,0.658,0.03,0.0010,-3.0
2,2008,9,159.3,0.03,0.01,0.01,0.02,-3.000,0.065,4.80,0.61,0.306,0.05,0.0010,-3.0
2,2008,10,164.0,0.04,0.03,0.06,0.16,-3.000,0.103,4.63,1.13,0.792,0.32,0.0010,-3.0
2,2008,11,150.5,0.02,0.01,0.01,0.04,-3.000,0.082,4.70,0.69,0.720,0.09,0.0010,-3.0
2,2008,12,167.6,0.03,0.01,0.01,0.06,-3.000,0.046,4.85,0.39,0.597,0.10,0.0010,-3.0
2,2009,1,75.6,0.03,0.01,0.01,0.06,-3.000,0.041,4.78,0.29,0.855,0.08,0.0010,-3.0
2,2009,2,77.8,0.10,0.02,0.02,0.15,-3.000,0.220,4.50,1.12,1.550,0.24,0.0010,-3.0
2,2009,3,87.2,0.12,0.02,0.02,0.13,-3.000,0.223,4.60,1.23,1.159,0.17,0.0010,-3.0
2,2009,4,86.0,0.14,0.05,0.06,0.19,-3.000,0.172,4.58,1.36,1.234,0.30,0.0010,-3.0
2,2009,5,157.6,0.09,0.03,0.10,0.04,-3.000,0.043,4.99,0.74,0.249,0.10,0.0080,-3.0
2,2009,6,141.2,0.03,0.01,0.02,0.04,-3.000,0.048,5.02,0.44,0.328,0.07,0.0010,-3.0
2,2009,7,252.4,0.03,0.01,0.01,0.01,-3.000,0.083,4.78,0.80,0.585,0.04,0.0010,-3.0
2,2009,8,156.1,0.05,0.01,0.01,0.01,-3.000,0.042,4.85,0.60,0.417,0.04,0.0010,-3.0
2,2009,9,55.8,0.05,0.03,0.05,0.10,-3.000,0.019,5.12,0.35,0.293,0.20,0.0010,-3.0
2,2009,10,180.6,0.04,0.01,0.04,0.03,-3.000,0.096,4.78,0.68,0.735,0.08,0.0010,-3.0
2,2009,11,118.0,0.03,0.03,0.04,0.16,-3.000,0.005,5.11,0.27,0.250,0.33,0.0010,-3.0
2,2009,12,128.5,0.05,0.01,0.04,0.06,-3.000,0.039,4.92,0.35,0.496,0.12,0.0010,-3.0
2,2010,1,84.2,0.03,0.02,0.03,0.19,-3.000,0.032,4.81,0.55,0.654,0.36,0.0010,-3.0
2,2010,2,74.9,0.04,0.03,0.04,0.20,-3.000,0.018,5.09,0.28,0.459,0.40,0.0010,-3.0
2,2010,3,130.4,0.06,0.02,0.03,0.11,-3.000,0.044,4.97,0.44,0.363,0.22,0.0010,-3.0
2,2010,4,96.8,0.33,0.07,0.07,0.08,-3.000,0.464,4.98,1.94,1.522,0.12,0.0010,-3.0
2,2010,5,62.2,0.16,0.03,0.09,0.03,-3.000,0.226,4.98,0.90,0.965,0.06,0.0010,-3.0
2,2010,6,180.4,0.04,0.01,0.03,0.01,-3.000,0.161,4.71,1.13,0.700,0.04,0.0010,-3.0
2,2010,7,121.8,0.05,0.01,0.01,0.02,-3.000,0.091,4.72,0.86,0.657,0.05,0.0010,-3.0
2,2010,8,95.4,0.06,0.01,0.03,0.03,-3.000,0.126,4.68,0.92,0.800,0.09,0.0010,-3.0
2,2010,9,173.5,0.11,0.04,0.04,0.20,-3.000,0.160,4.67,1.23,0.991,0.40,0.0010,-3.0
2,2010,10,160.8,0.11,0.03,0.10,0.09,-3.000,0.088,5.08,0.49,0.623,0.20,0.0010,-3.0
2,2010,11,93.0,0.06,0.02,0.06,0.12,-3.000,0.093,4.73,0.82,0.746,0.19,0.0010,-3.0
2,2010,12,130.1,0.03,0.02,0.01,0.11,-3.000,0.005,5.02,0.25,0.367,0.22,0.0010,-3.0
2,2011,1,70.0,0.03,0.01,0.01,0.07,-3.000,0.037,4.77,0.24,0.938,0.12,0.0010,-3.0
2,2011,2,123.0,0.10,0.01,0.01,0.07,-3.000,0.082,4.80,0.57,0.978,0.11,0.0010,-3.0
2,2011,3,158.0,0.07,0.03,0.02,0.20,-3.000,0.061,4.99,0.48,0.508,0.39,0.0010,-3.0
2,2011,4,171.8,0.19,0.03,0.03,0.09,-3.000,0.227,4.85,0.98,0.776,0.16,0.0010,-3.0
2,2011,5,138.1,0.09,0.04,0.17,0.10,-3.000,0.075,4.74,0.88,0.647,0.22,0.0040,-3.0
2,2011,6,112.9,0.13,0.02,0.10,0.03,-3.000,0.176,4.87,0.80,0.891,0.08,0.0010,-3.0
2,2011,7,61.5,0.24,0.04,0.06,0.07,-3.000,0.259,4.49,1.96,1.645,0.18,0.0010,-3.0
2,2011,8,323.9,0.02,0.01,0.03,0.05,-3.000,0.039,5.02,0.39,0.124,0.11,0.0010,-3.0
2,2011,9,174.0,0.03,0.01,0.01,0.03,-3.000,0.026,4.94,0.28,0.126,0.07,0.0010,-3.0
2,2011,10,160.0,0.04,0.01,0.02,0.03,-3.000,0.042,5.05,0.31,0.353,0.08,0.0010,-3.0
2,2011,11,94.3,0.04,0.02,0.03,0.12,-3.000,0.026,5.04,0.33,0.387,0.25,0.0010,-3.0
2,2011,12,122.1,0.05,0.02,0.06,0.07,-3.000,0.102,4.70,0.66,1.092,0.12,0.0010,-3.0
2,2012,1,118.6,0.07,0.02,0.03,0.14,-3.000,0.102,4.74,0.59,1.081,0.24,0.0010,-3.0
2,2012,2,31.2,0.21,0.03,0.04,0.11,-3.000,0.251,4.73,1.05,1.847,0.15,0.0010,-3.0
2,2012,3,60.2,0.57,0.10,0.06,0.17,-3.000,0.675,4.85,2.14,2.629,0.22,0.0010,-3.0
2,2012,4,98.0,0.14,0.03,0.06,0.07,-3.000,0.094,4.90,0.64,0.696,0.13,0.0010,-3.0
2,2012,5,240.6,0.07,0.02,0.04,0.07,-3.000,0.092,4.97,0.59,0.612,0.14,0.0010,-3.0
2,2012,6,172.2,0.06,0.01,0.04,0.01,-3.000,0.009,5.15,0.34,0.179,0.05,0.0010,-3.0
2,2012,7,94.3,0.14,0.02,0.04,0.01,-3.000,0.121,5.05,0.60,0.711,0.05,0.0010,-3.0
2,2012,8,223.6,0.06,0.01,0.02,0.02,-3.000,0.037,4.96,0.58,0.551,0.04,0.0010,-3.0
2,2012,9,191.2,0.05,0.02,0.02,0.10,-3.000,0.053,5.01,0.51,0.483,0.19,0.0010,-3.0
2,2012,10,170.2,0.07,0.05,0.17,0.31,-3.000,0.017,5.18,0.36,0.265,0.56,0.0010,-3.0
2,2012,11,22.3,0.08,0.02,0.02,0.14,-3.000,0.147,4.88,0.62,0.757,0.26,0.0010,-3.0
2,2012,12,146.3,0.05,0.01,0.01,0.05,-3.000,0.104,4.84,0.50,0.819,0.09,0.0010,-3.0
2,2013,1,83.4,0.07,0.01,0.01,0.06,-3.000,0.106,4.79,0.52,1.241,0.13,-3.0000,-3.0
2,2013,2,70.4,0.06,0.02,0.01,0.17,-3.000,0.056,4.80,0.37,1.054,0.28,-3.0000,-3.0
2,2013,3,83.7,0.08,0.03,0.02,0.19,-3.000,0.080,4.98,0.46,0.654,0.32,-3.0000,-3.0
2,2013,4,67.9,0.16,0.03,0.05,0.12,-3.000,0.405,4.83,1.16,1.412,0.17,-3.0000,-3.0
2,2013,5,118.1,0.09,0.04,0.14,0.18,-3.000,0.157,5.13,0.56,0.715,0.22,-3.0000,-3.0
2,2013,6,187.6,0.10,0.02,0.13,0.27,-3.000,0.178,4.89,0.69,0.919,0.13,-3.0000,-3.0
2,2013,7,180.6,0.05,0.03,0.11,0.30,-3.000,0.086,4.94,0.43,0.582,0.14,-3.0000,-3.0
2,2013,8,94.1,0.05,0.05,0.05,0.07,-3.000,0.138,4.86,0.55,0.646,0.12,-3.0000,-3.0
2,2013,9,125.6,0.07,0.01,0.04,0.04,-3.000,0.137,5.04,0.51,0.574,0.08,-3.0000,-3.0
2,2013,10,71.3,0.06,0.02,0.07,0.05,-3.000,0.182,4.77,0.56,0.856,0.14,-3.0000,-3.0
2,2013,11,131.6,0.04,0.01,0.04,0.08,-3.000,0.105,4.90,0.37,0.718,0.09,-3.0000,-3.0
2,2013,12,93.3,0.05,0.01,0.03,0.11,-3.000,0.104,4.74,0.52,0.885,0.14,-3.0000,-3.0
2,2014,1,109.4,0.07,0.02,0.05,0.16,-3.000,0.084,4.77,0.43,0.910,0.24,-3.0000,-3.0
2,2014,2,80.9,0.08,0.01,0.04,0.16,-3.000,0.095,4.95,0.40,0.774,0.23,-3.0000,-3.0
2,2014,3,111.2,0.06,0.01,0.04,0.11,-3.000,0.204,4.99,0.55,0.706,0.14,-3.0000,-3.0
2,2014,4,79.4,0.09,0.02,0.04,0.13,-3.000,0.141,4.95,0.49,0.533,0.14,-3.0000,-3.0
2,2014,5,125.8,0.14,0.05,0.12,0.38,-3.000,0.231,4.89,0.70,1.029,0.45,-3.0000,-3.0
