ws,year,mo,flow,Ca,Mg,K,Na,Al,NH4,pH,SO4,NO3,Cl,PO4,SiO2
2,1963,6,7.3,2.42,0.35,0.06,1.05,-3.000,-3.000,-3.00,-3.00,-3.000,-3.00,-3.0000,-3.0
2,1963,7,1.0,2.40,0.36,0.09,1.07,-3.000,-3.000,-3.00,-3.00,-3.000,-3.00,-3.0000,-3.0
2,1963,8,3.1,2.63,0.36,0.11,0.82,-3.000,-3.000,-3.00,-3.00,-3.000,-3.00,-3.0000,-3.0
2,1963,9,1.0,2.50,0.38,0.36,1.11,-3.000,-3.000,-3.00,-3.00,-3.000,-3.00,-3.0000,-3.0
2,1963,10,0.2,2.51,0.50,1.79,1.21,-3.000,-3.000,-3.00,-3.00,-3.000,-3.00,-3.0000,-3.0
2,1963,11,100.9,2.31,0.39,0.40,0.81,-3.000,-3.000,-3.00,-3.00,-3.000,-3.00,-3.0000,-3.0
2,1963,12,61.8,1.67,0.36,0.24,0.82,-3.000,-3.000,-3.00,-3.00,-3.000,-3.00,-3.0000,-3.0
2,1964,1,64.2,2.12,0.37,0.20,0.86,-3.000,-3.000,-3.00,-3.00,-3.000,-3.00,-3.0000,-3.0
2,1964,2,20.7,2.13,0.36,0.17,0.97,-3.000,-3.000,-3.00,-3.00,-3.000,-3.00,-3.0000,-3.0
2,1964,3,107.6,2.28,0.39,0.27,0.83,0.001,-3.000,-3.00,-3.00,-3.000,-3.00,-3.0000,-3.0
2,1964,4,265.7,2.11,0.34,0.27,0.72,0.227,0.034,5.38,5.92,1.337,0.58,-3.0000,3.4
2,1964,5,77.7,1.90,0.33,0.19,0.91,0.174,0.117,5.38,6.55,0.075,0.65,-3.0000,4.4
2,1964,6,3.6,1.75,0.35,0.08,1.07,0.139,0.016,5.26,6.28,0.021,0.40,-3.0000,4.9
2,1964,7,9.4,1.43,0.34,0.08,1.08,0.125,0.040,5.20,6.56,0.025,0.46,-3.0000,5.2
2,1964,8,15.8,1.43,0.34,0.08,1.08,0.125,0.040,5.20,6.55,0.025,0.46,-3.0000,5.2
2,1964,9,0.7,1.22,0.36,0.14,0.96,0.190,0.220,5.10,6.76,0.025,0.60,-3.0000,4.7
2,1964,10,4.3,1.18,0.37,0.15,0.98,0.173,0.240,5.07,6.85,0.028,0.67,-3.0000,4.7
2,1964,11,61.4,1.33,0.39,0.22,0.85,0.202,0.030,5.14,6.85,0.528,0.73,-3.0000,4.3
2,1964,12,82.0,1.34,0.38,0.16,0.84,0.197,0.023,4.77,6.91,1.047,0.62,-3.0000,4.3
2,1965,1,26.5,1.32,0.37,0.14,0.86,0.235,0.086,4.61,7.02,1.214,0.76,-3.0000,4.2
2,1965,2,31.3,1.34,0.39,0.17,0.91,0.186,0.047,5.00,6.66,1.268,0.64,-3.0000,4.2
2,1965,3,48.7,1.27,0.37,0.15,0.93,0.212,0.040,4.83,6.77,1.226,0.83,-3.0000,4.2
2,1965,4,185.7,1.47,0.37,0.21,0.84,0.237,0.068,5.07,6.06,2.059,0.50,-3.0000,3.8
2,1965,5,29.9,1.55,0.33,0.17,0.89,0.192,0.077,5.02,6.79,0.399,0.54,-3.0000,4.2
2,1965,6,13.6,1.50,0.35,0.08,1.03,0.180,0.027,5.28,6.83,0.260,0.61,-3.0000,5.0
2,1965,7,2.6,1.73,0.34,0.08,0.96,0.188,0.136,5.39,6.65,0.029,0.47,-3.0000,4.7
2,1965,8,0.1,1.75,0.34,0.09,0.96,0.225,0.025,5.21,6.96,0.037,0.42,-3.0000,4.9
2,1965,9,46.3,1.80,0.34,0.06,0.82,0.221,0.078,5.13,7.16,0.048,0.47,-3.0000,4.7
2,1965,10,84.9,1.95,0.33,0.13,0.78,0.269,0.115,5.12,7.27,0.062,0.48,-3.0000,4.1
2,1965,11,96.3,1.81,0.36,0.15,0.88,0.206,0.167,5.14,7.58,0.224,0.63,-3.0000,4.1
2,1965,12,33.0,1.89,0.37,0.13,0.97,0.244,0.126,5.18,7.22,0.433,0.64,-3.0000,4.4
2,1966,1,41.7,1.92,0.36,0.16,1.02,0.232,0.095,4.98,7.37,0.657,0.67,-3.0000,4.3
2,1966,2,30.6,1.85,0.38,0.16,1.06,0.162,0.109,5.21,6.91,0.594,0.61,-3.0000,4.4
2,1966,3,192.9,1.86,0.40,0.23,0.89,0.203,0.220,5.09,6.26,1.789,0.59,-3.0000,3.9
2,1966,4,155.8,1.78,0.37,0.26,0.80,0.256,0.101,4.88,6.54,1.563,0.47,-3.0000,3.8
2,1966,5,99.4,1.65,0.35,0.26,0.88,0.207,0.091,5.22,6.68,0.749,0.49,-3.0000,4.2
2,1966,6,84.1,1.86,0.40,0.37,1.10,0.155,0.125,5.22,6.48,2.486,0.59,-3.0000,4.6
2,1966,7,78.1,3.23,0.70,0.76,1.42,0.270,0.097,4.96,5.40,10.622,0.80,-3.0000,5.8
2,1966,8,148.3,6.99,1.46,2.07,1.66,0.995,0.187,4.61,3.76,36.885,1.08,-3.0000,6.8
2,1966,9,95.5,7.19,1.75,2.13,2.02,0.749,0.056,4.57,3.14,43.905,1.14,-3.0000,6.5
2,1966,10,74.4,7.89,1.89,2.05,2.11,1.505,0.070,4.52,3.00,51.783,1.06,-3.0000,6.6
2,1966,11,131.9,8.76,1.84,2.29,1.82,2.051,0.101,4.56,3.01,56.812,1.04,-3.0000,6.6
2,1966,12,56.6,8.00,1.81,2.07,1.81,2.039,0.065,4.52,3.03,54.300,0.91,-3.0000,5.7
2,1967,1,30.8,8.09,1.66,1.79,1.81,1.837,0.026,4.59,3.01,48.275,0.87,-3.0000,5.5
2,1967,2,18.0,7.57,1.59,1.86,2.23,1.959,0.025,4.60,2.97,44.163,0.86,-3.0000,5.5
2,1967,3,90.6,6.80,1.43,2.01,1.49,2.049,0.019,4.58,3.36,41.592,0.77,-3.0000,4.9
2,1967,4,278.8,6.15,1.16,2.29,1.05,1.923,0.037,4.52,4.01,38.928,0.76,-3.0000,4.4
2,1967,5,111.0,6.04,1.11,2.28,1.13,1.468,0.025,4.59,3.88,36.063,0.78,-3.0000,5.2
2,1967,6,51.8,6.52,1.19,2.36,1.51,1.362,0.072,4.47,4.35,38.313,0.75,-3.0000,6.2
2,1967,7,68.9,7.59,1.38,2.64,1.71,1.732,0.052,4.34,3.99,47.559,0.78,-3.0000,6.4
2,1967,8,92.3,10.13,1.83,3.61,1.73,2.450,0.023,4.31,3.44,66.124,0.84,-3.0000,6.2
2,1967,9,98.8,10.84,2.07,3.67,1.96,2.677,0.050,4.40,3.13,73.447,0.89,-3.0000,6.3
2,1967,10,129.5,11.20,2.07,3.80,1.76,3.182,0.140,4.49,3.19,78.392,0.82,-3.0000,6.4
2,1967,11,75.6,10.09,1.90,3.22,1.65,3.262,0.109,4.50,3.22,70.755,0.86,-3.0000,5.9
2,1967,12,85.8,8.04,1.69,2.69,1.51,2.227,0.026,4.41,4.30,61.363,0.78,-3.0000,5.7
2,1968,1,20.9,7.39,1.75,2.42,1.92,1.897,0.013,4.50,4.38,58.106,0.76,-3.0000,6.0
2,1968,2,41.6,7.00,1.67,2.39,1.84,1.853,0.005,4.45,3.58,52.386,0.75,-3.0000,5.9
2,1968,3,261.5,5.86,1.27,2.42,1.57,1.568,0.022,4.47,3.53,43.396,0.70,-3.0000,4.8
2,1968,4,154.5,5.14,1.09,2.84,1.07,1.396,0.105,4.50,4.12,36.806,0.64,-3.0000,5.1
2,1968,5,151.2,5.11,1.11,3.17,1.11,1.256,0.012,4.53,4.01,36.164,0.64,-3.0000,5.3
2,1968,6,142.3,5.00,1.06,3.40,1.10,1.137,0.008,4.50,4.41,34.368,0.57,-3.0000,5.9
2,1968,7,59.3,5.70,1.17,3.56,1.44,0.981,0.007,4.51,4.22,38.103,0.59,-3.0000,6.9
2,1968,8,27.8,7.25,1.37,3.37,1.99,1.174,0.157,4.50,3.66,44.710,0.66,-3.0000,7.6
2,1968,9,41.2,8.10,1.64,3.69,1.90,1.100,0.065,4.49,3.52,54.268,0.72,-3.0000,7.5
2,1968,10,34.5,8.63,1.78,3.39,2.06,2.134,0.060,4.46,3.40,59.674,0.75,-3.0000,7.3
2,1968,11,40.6,8.85,1.88,3.17,1.90,2.703,0.045,4.36,3.52,64.100,0.93,-3.0000,6.7
2,1968,12,81.2,9.74,1.82,3.08,1.46,2.853,0.034,4.34,3.57,64.463,0.84,-3.0000,6.4
2,1969,1,35.2,8.61,1.73,2.67,1.51,2.387,0.057,4.41,3.34,59.283,0.68,-3.0000,6.3
2,1969,2,26.7,8.04,1.72,2.63,1.64,2.226,0.062,4.44,3.42,56.325,0.68,-3.0000,6.3
2,1969,3,44.2,6.79,1.44,2.50,1.26,2.068,0.056,4.43,3.76,47.678,0.72,-3.0000,5.4
2,1969,4,505.0,4.90,0.92,2.54,0.73,1.504,0.059,4.41,4.66,33.611,0.61,-3.0000,3.7
2,1969,5,121.5,5.06,0.92,2.80,1.13,1.362,0.067,4.49,4.69,30.347,0.54,-3.0000,4.9
2,1969,6,52.5,5.76,1.03,3.24,1.19,1.301,0.100,4.45,4.59,35.699,0.56,-3.0000,6.4
2,1969,7,131.6,7.28,1.16,3.73,0.97,0.437,0.082,4.38,4.29,42.811,0.52,-3.0000,6.5
2,1969,8,113.8,7.12,1.15,3.58,1.17,1.179,0.048,4.41,4.31,43.078,0.51,-3.0000,6.9
2,1969,9,30.5,7.49,1.33,3.40,1.56,1.090,0.043,4.50,4.25,44.531,0.51,-3.0000,7.6
2,1969,10,32.6,7.28,1.44,3.04,1.58,1.599,0.124,4.47,4.16,48.428,0.58,-3.0000,7.3
2,1969,11,131.4,7.83,1.46,2.95,1.29,1.895,0.065,4.47,3.73,50.909,0.58,-3.0000,6.7
2,1969,12,122.5,7.22,1.34,2.54,1.26,1.993,0.061,4.45,3.83,45.133,0.59,-3.0000,6.4
2,1970,1,27.6,6.78,1.28,2.41,1.20,1.793,0.061,4.42,4.12,40.051,0.54,-3.0000,6.2
2,1970,2,97.0,5.95,1.14,2.37,1.07,1.646,0.051,4.47,4.61,33.228,0.52,-3.0000,5.8
2,1970,3,39.6,5.78,1.14,2.12,1.13,1.472,0.022,4.47,4.47,35.944,0.46,-3.0000,5.9
2,1970,4,255.8,4.34,0.79,2.20,0.74,1.220,0.039,4.53,5.24,25.506,0.37,-3.0000,4.8
2,1970,5,68.3,4.65,0.83,2.42,0.93,1.008,0.072,4.55,4.98,23.860,0.37,-3.0000,5.8
2,1970,6,26.3,5.30,0.98,2.60,1.31,0.015,0.024,4.54,5.72,28.229,0.50,-3.0000,7.6
2,1970,7,44.1,5.23,0.98,2.46,1.22,-3.000,0.059,4.52,6.18,28.495,0.46,-3.0000,7.4
2,1970,8,67.7,5.59,0.97,2.33,1.20,-3.000,0.048,4.52,6.21,28.322,0.44,-3.0000,7.8
2,1970,9,75.0,4.75,0.87,1.68,1.19,-3.000,0.042,4.57,6.96,22.185,0.47,-3.0000,8.2
2,1970,10,92.8,4.40,0.82,1.75,0.99,-3.000,0.026,4.55,6.79,19.643,0.40,-3.0000,8.1
2,1970,11,69.3,4.54,0.84,1.61,1.05,-3.000,0.068,4.70,6.24,20.153,0.57,-3.0000,7.1
2,1970,12,42.0,4.59,0.90,1.51,1.11,-3.000,0.034,4.75,5.90,21.254,0.56,-3.0000,6.6
2,1971,1,23.8,4.53,0.92,1.41,1.16,-3.000,0.056,4.78,5.96,21.436,0.50,-3.0000,6.4
2,1971,2,39.0,4.28,0.83,1.31,1.06,-3.000,0.027,4.76,6.21,19.995,0.58,-3.0000,6.9
2,1971,3,38.9,4.04,0.82,1.29,1.09,-3.000,0.013,4.69,6.43,19.692,0.56,-3.0000,6.6
2,1971,4,352.1,3.30,0.60,1.32,0.65,-3.000,0.020,4.62,6.95,14.708,0.47,-3.0000,5.0
2,1971,5,114.9,3.01,0.53,1.39,0.62,-3.000,0.026,4.61,6.63,12.920,0.41,-3.0000,5.0
2,1971,6,16.9,3.30,0.61,1.39,1.04,-3.000,0.009,4.67,7.42,10.958,0.37,-3.0000,7.3
2,1971,7,23.7,2.43,0.47,0.91,0.97,-3.000,0.009,4.77,8.70,3.600,0.32,-3.0000,7.6
2,1971,8,37.8,2.20,0.41,0.61,0.92,-3.000,0.007,5.02,8.14,1.089,0.23,-3.0000,7.4
2,1971,9,28.5,2.13,0.40,0.53,0.96,-3.000,0.008,4.91,8.49,0.315,0.13,-3.0000,7.9
2,1971,10,55.0,2.21,0.40,0.60,0.93,-3.000,0.007,5.02,8.52,0.666,0.17,-3.0000,7.9
2,1971,11,20.7,2.33,0.48,0.68,1.05,-3.000,0.009,5.08,8.06,2.149,0.30,-3.0000,7.6
2,1971,12,49.2,2.39,0.49,0.64,0.96,-3.000,0.006,5.15,8.37,2.833,0.31,-3.0000,6.9
2,1972,1,32.1,2.51,0.51,0.62,0.94,-3.000,0.006,4.97,7.57,3.900,0.37,-3.0000,6.6
2,1972,2,22.9,2.50,0.53,0.68,1.02,-3.000,0.012,4.90,7.83,4.121,0.41,-3.0000,7.0
2,1972,3,120.6,2.41,0.48,0.64,0.85,-3.000,0.005,4.86,7.36,3.748,0.35,0.0010,6.2
2,1972,4,304.7,2.01,0.35,0.71,0.60,-3.000,0.008,4.82,8.12,2.484,0.29,0.0010,5.3
2,1972,5,118.7,1.97,0.33,0.82,0.56,-3.000,0.014,4.82,7.63,2.380,0.22,0.0010,5.2
2,1972,6,46.4,1.88,0.32,0.43,0.74,-3.000,0.019,4.99,8.46,0.224,0.09,0.0010,6.9
2,1972,7,74.8,1.90,0.30,0.22,0.72,-3.000,0.030,4.99,8.30,0.059,0.09,0.0010,7.3
2,1972,8,62.1,1.92,0.27,0.28,0.71,-3.000,0.020,5.02,8.63,0.029,0.09,0.0080,7.8
2,1972,9,13.3,1.89,0.31,0.35,0.92,-3.000,0.015,5.11,9.27,0.024,0.11,0.0090,8.5
2,1972,10,35.3,1.94,0.34,0.52,0.94,-3.000,0.010,5.12,8.48,0.016,0.31,0.0020,7.7
2,1972,11,109.0,1.97,0.34,0.53,0.79,-3.000,0.005,5.03,8.57,0.161,0.43,0.0010,7.1
2,1972,12,65.8,1.96,0.32,0.46,0.81,-3.000,0.005,4.92,8.33,0.495,0.37,0.0010,6.9
2,1973,1,112.2,1.88,0.30,0.49,0.72,-3.000,0.008,4.84,7.94,0.516,0.58,0.0030,5.9
2,1973,2,94.5,1.90,0.31,0.49,0.71,-3.000,0.011,4.97,7.13,0.533,0.50,0.0020,6.3
2,1973,3,247.9,1.74,0.28,0.55,0.64,-3.000,0.031,4.98,7.02,0.452,0.21,0.0020,5.4
2,1973,4,93.6,1.67,0.27,0.56,0.66,-3.000,0.033,4.96,6.86,0.309,0.30,0.0050,5.2
2,1973,5,117.1,1.72,0.28,0.50,0.74,-3.000,0.022,4.89,7.51,0.097,0.66,0.0040,6.1
2,1973,6,275.4,1.77,0.24,0.32,0.57,-3.000,0.020,5.01,6.75,0.020,0.15,0.0050,5.3
2,1973,7,78.4,1.77,0.24,0.28,0.57,-3.000,0.025,5.16,6.67,0.030,0.10,0.0040,5.6
2,1973,8,14.5,1.87,0.29,0.31,0.90,-3.000,0.020,5.30,7.67,0.040,0.14,0.0020,7.7
2,1973,9,102.3,1.83,0.29,0.35,0.84,-3.000,0.025,5.30,7.73,0.020,0.16,0.0020,7.4
2,1973,10,52.2,1.85,0.31,0.46,0.88,-3.000,0.031,5.31,7.80,0.015,0.24,0.0030,7.5
2,1973,11,118.6,1.87,0.32,0.48,0.85,-3.000,0.030,5.30,7.49,0.024,0.40,0.0020,7.1
2,1973,12,279.7,1.68,0.27,0.50,0.63,-3.000,0.032,5.17,6.35,0.095,0.40,0.0020,5.4
2,1974,1,57.6,1.79,0.30,0.49,0.69,-3.000,0.020,5.30,6.98,0.324,0.36,0.0030,5.5
2,1974,2,40.3,1.80,0.32,0.49,0.73,-3.000,0.028,5.22,6.91,0.291,0.35,0.0020,5.9
2,1974,3,123.2,1.68,0.29,0.51,0.61,-3.000,0.035,5.26,6.66,0.272,0.33,0.0020,5.1
2,1974,4,247.3,1.61,0.26,0.59,0.55,-3.000,0.034,5.28,6.89,0.123,0.28,0.0020,4.6
2,1974,5,131.5,1.62,0.27,0.59,0.58,-3.000,0.040,5.34,6.92,0.013,0.24,0.0040,5.1
2,1974,6,55.6,1.68,0.27,0.38,0.65,-3.000,0.035,5.42,6.58,0.011,0.14,0.0020,5.6
2,1974,7,25.0,1.74,0.27,0.21,0.74,-3.000,0.026,5.45,6.55,0.017,0.11,0.0020,6.7
2,1974,8,19.3,1.74,0.28,0.23,0.77,-3.000,0.037,5.48,7.29,0.015,0.11,0.0020,7.0
2,1974,9,81.9,1.78,0.26,0.28,0.64,-3.000,0.036,5.42,8.48,0.010,0.16,0.0020,7.2
2,1974,10,43.9,1.82,0.30,0.39,0.76,-3.000,0.025,5.55,7.69,0.010,0.21,0.0020,7.1
2,1974,11,87.6,1.84,0.30,0.42,0.78,-3.000,0.010,5.47,6.93,0.010,0.35,0.0020,6.5
2,1974,12,84.9,1.80,0.30,0.43,0.71,-3.000,0.010,5.41,7.30,0.013,0.43,0.0040,6.2
2,1975,1,28.2,1.81,0.32,0.41,0.80,-3.000,0.010,5.48,6.75,0.065,0.41,0.0030,6.4
2,1975,2,29.7,1.81,0.33,0.40,0.81,-3.000,0.015,5.50,6.86,0.246,0.37,0.0050,6.1
2,1975,3,179.4,1.75,0.29,0.43,0.71,-3.000,0.015,5.38,6.68,0.105,0.47,0.0030,5.5
2,1975,4,231.6,1.60,0.25,0.46,0.61,-3.000,0.020,5.32,6.42,0.018,0.40,0.0010,5.0
2,1975,5,31.6,1.67,0.27,0.51,0.68,-3.000,0.020,5.35,6.88,0.011,0.32,0.0020,5.7
2,1975,6,97.8,1.68,0.27,0.27,0.69,-3.000,0.011,5.47,7.17,0.039,0.18,0.0030,6.7
2,1975,7,74.0,1.77,0.25,0.20,0.65,-3.000,0.015,5.39,7.00,0.013,0.14,0.0030,6.5
2,1975,8,7.5,1.85,0.29,0.32,0.92,-3.000,0.010,5.52,7.16,0.013,0.22,0.0020,7.5
2,1975,9,86.8,1.91,0.27,0.31,0.70,-3.000,0.010,5.35,6.96,0.010,0.15,0.0020,7.4
2,1975,10,137.2,1.89,0.27,0.44,0.71,-3.000,0.011,5.35,7.06,0.011,0.31,0.0030,6.8
2,1975,11,130.9,1.71,0.26,0.49,0.78,-3.000,0.023,5.54,7.00,0.019,0.37,0.0060,6.5
2,1975,12,51.3,1.84,0.27,0.38,0.75,-3.000,0.020,5.52,6.63,0.015,0.36,0.0030,5.9
2,1976,1,71.9,1.65,0.26,0.39,0.68,-3.000,0.012,5.43,6.82,0.309,0.39,0.0030,5.2
2,1976,2,98.6,1.60,0.26,0.40,0.68,-3.000,0.013,5.47,6.81,0.081,0.35,0.0020,5.4
2,1976,3,250.2,1.54,0.24,0.46,0.58,-3.000,0.017,5.38,5.94,0.020,0.33,0.0010,5.0
2,1976,4,146.8,1.46,0.22,0.55,0.55,-3.000,0.018,5.40,6.08,0.019,0.23,0.0010,4.8
2,1976,5,154.3,1.46,0.23,0.53,0.58,-3.000,0.015,5.46,6.34,0.019,0.18,0.0030,5.3
2,1976,6,26.4,1.60,0.26,0.38,0.77,-3.000,0.013,5.64,6.49,0.023,0.14,0.0060,6.5
2,1976,7,15.8,1.64,0.25,0.26,0.82,-3.000,0.010,5.68,6.56,0.015,0.13,0.0050,7.0
2,1976,8,55.7,1.60,0.29,0.28,0.74,-3.000,0.005,5.62,6.39,0.010,0.11,0.0060,6.7
2,1976,9,46.3,1.74,0.26,0.42,0.73,-3.000,0.008,5.50,7.05,0.010,0.22,0.0040,6.8
2,1976,10,159.4,1.69,0.26,0.52,0.75,-3.000,0.008,5.56,6.42,0.010,0.29,0.0020,6.3
2,1976,11,71.0,1.70,0.25,0.43,0.72,-3.000,0.006,5.50,6.31,0.010,0.36,0.0010,6.9
2,1976,12,46.1,1.70,0.26,0.41,0.76,-3.000,0.012,5.47,6.13,0.237,0.44,0.0020,4.9
2,1977,1,12.7,1.64,0.29,0.37,0.87,-3.000,0.007,5.59,6.51,0.219,0.42,0.0020,6.3
2,1977,2,11.6,1.72,0.28,0.36,0.93,-3.000,0.007,5.60,6.47,0.197,0.33,0.0040,6.7
2,1977,3,325.1,1.41,0.22,0.49,0.59,-3.000,0.006,5.36,6.33,0.234,0.36,0.0060,5.0
2,1977,4,140.4,1.38,0.20,0.46,0.56,-3.000,0.005,5.41,5.93,0.055,0.26,0.0040,5.1
2,1977,5,21.2,1.43,0.23,0.50,0.74,-3.000,0.005,5.62,6.21,0.039,0.21,0.0040,6.1
2,1977,6,22.8,1.51,0.25,0.32,0.85,-3.000,0.005,5.63,5.90,0.012,0.21,0.0030,6.7
2,1977,7,3.7,1.62,0.28,0.30,0.96,-3.000,0.005,5.69,6.70,0.027,0.16,0.0030,7.0
2,1977,8,5.4,1.68,0.30,0.26,1.04,-3.000,0.005,5.67,6.78,0.012,0.12,0.0100,9.1
2,1977,9,74.1,1.76,0.25,0.42,0.73,-3.000,0.014,5.47,6.32,0.019,0.15,0.0050,6.8
2,1977,10,198.4,1.75,0.24,0.45,0.65,-3.000,0.008,5.45,6.08,0.010,0.26,0.0110,6.6
2,1977,11,67.6,1.76,0.27,0.41,0.78,-3.000,0.015,5.55,6.77,0.010,0.33,0.0030,6.8
2,1977,12,83.2,1.70,0.26,0.33,0.72,-3.000,0.007,5.50,6.16,0.016,0.33,0.0070,6.1
2,1978,1,216.1,1.58,0.24,0.63,0.53,-3.000,0.005,5.29,5.43,0.172,0.38,0.0070,4.1
2,1978,2,23.5,1.67,0.25,0.37,0.71,-3.000,0.005,5.47,6.26,0.058,0.29,0.0040,5.7
2,1978,3,35.2,1.63,0.27,0.37,0.80,-3.000,0.008,5.47,6.18,0.179,0.37,0.0050,5.6
2,1978,4,255.3,1.53,0.22,0.37,0.57,-3.000,0.009,5.37,5.58,0.102,0.29,0.0030,4.8
2,1978,5,74.2,1.52,0.22,0.43,0.66,-3.000,0.012,5.46,5.90,0.013,0.25,0.0030,5.5
2,1978,6,81.7,1.61,0.24,0.18,0.68,-3.000,0.010,5.60,5.88,0.022,0.18,0.0030,6.2
2,1978,7,0.5,1.68,0.29,0.26,0.93,-3.000,0.008,5.56,6.43,0.045,0.20,0.0030,6.8
2,1978,8,0.9,1.81,0.31,0.39,1.04,-3.000,0.010,5.56,6.76,0.037,0.36,0.0040,6.8
2,1978,9,0.2,1.75,0.37,1.22,1.05,-3.000,0.010,5.65,7.30,0.026,0.69,0.0040,5.9
2,1978,10,6.1,1.69,0.38,1.24,1.08,-3.000,0.016,5.64,7.25,0.022,0.80,0.0030,6.1
2,1978,11,10.6,1.70,0.38,0.93,1.04,-3.000,0.011,5.44,7.02,0.012,0.90,0.0050,6.3
2,1978,12,17.4,1.74,0.32,0.43,0.95,-3.000,0.008,5.51,6.64,0.024,0.78,0.0020,6.7
2,1979,1,91.3,1.60,0.27,0.45,0.68,-3.000,0.012,5.37,5.86,0.070,0.51,0.0080,5.9
2,1979,2,23.5,1.64,0.28,0.30,0.85,-3.000,0.019,5.50,6.46,0.016,0.33,0.0020,6.2
2,1979,3,367.1,1.52,0.23,0.37,0.59,-3.000,0.014,5.23,5.41,0.044,0.46,0.0040,4.1
2,1979,4,171.5,1.48,0.21,0.36,0.59,-3.000,0.013,5.07,5.29,0.010,0.36,0.0060,4.1
2,1979,5,116.8,1.45,0.21,0.34,0.64,-3.000,0.010,5.43,5.96,0.010,0.24,0.0080,5.4
2,1979,6,19.0,1.47,0.22,0.26,0.69,-3.000,0.011,5.47,5.83,0.010,0.20,0.0050,5.2
2,1979,7,3.6,1.58,0.26,0.22,0.78,-3.000,0.012,5.52,5.84,0.010,0.27,0.0030,7.1
2,1979,8,5.2,1.65,0.26,0.22,0.82,-3.000,0.010,5.40,6.24,0.010,0.26,0.0030,7.3
2,1979,9,30.8,1.65,0.25,0.25,0.87,-3.000,0.010,5.32,6.46,0.011,0.33,0.0020,7.2
2,1979,10,111.5,1.67,0.23,0.51,0.77,-3.000,0.018,5.33,6.15,0.010,0.46,0.0040,6.9
2,1979,11,129.7,1.70,0.24,0.45,0.81,-3.000,0.013,5.37,6.30,0.010,0.54,0.0030,6.2
2,1979,12,66.1,1.71,0.27,0.46,0.84,-3.000,0.009,5.30,6.41,0.010,0.63,0.0030,6.3
2,1980,1,26.9,1.80,0.26,0.43,0.87,-3.000,0.011,5.25,6.47,0.020,0.60,0.0030,6.3
2,1980,2,1.4,1.91,0.32,0.40,1.01,-3.000,0.012,5.37,6.77,0.057,0.58,0.0020,7.2
2,1980,3,94.8,1.53,0.30,0.68,0.60,-3.000,0.031,5.30,5.09,0.676,0.54,0.0100,4.1
2,1980,4,209.2,1.53,0.27,0.71,0.59,-3.000,0.022,5.26,5.10,0.327,0.55,0.0120,4.3
2,1980,5,54.0,1.59,0.28,0.63,0.72,-3.000,0.011,5.25,5.92,0.010,0.54,0.0030,5.8
2,1980,6,9.8,1.62,0.29,0.38,0.86,-3.000,0.013,5.29,6.13,0.011,0.40,0.0020,6.3
2,1980,7,1.0,1.76,0.37,0.36,0.96,-3.000,0.010,5.33,6.16,0.134,0.40,0.0030,7.1
2,1980,8,1.3,1.91,0.34,0.44,1.04,-3.000,0.010,5.50,6.10,0.355,0.48,0.0050,7.2
2,1980,9,7.3,1.76,0.60,0.46,1.02,-3.000,0.010,5.38,6.80,0.010,0.40,0.0020,7.1
2,1980,10,49.2,1.77,0.37,0.54,0.90,-3.000,0.010,5.26,6.79,0.010,0.64,0.0010,7.3
2,1980,11,79.4,1.74,0.30,0.36,0.94,-3.000,0.018,5.26,6.47,0.018,0.68,0.0010,6.7
2,1980,12,51.8,1.75,0.28,0.35,0.85,-3.000,0.016,5.20,6.47,0.018,0.64,0.0010,6.2
2,1981,1,7.9,1.77,0.31,0.37,1.00,-3.000,0.046,5.26,6.61,0.076,0.61,0.0020,6.3
2,1981,2,295.1,1.64,0.27,0.52,0.73,-3.000,0.030,5.16,5.85,0.200,0.78,0.0060,4.8
2,1981,3,64.4,1.59,0.27,0.44,0.74,-3.000,0.014,5.16,5.89,0.012,0.67,0.0010,5.4
2,1981,4,108.2,1.61,0.26,0.45,0.75,-3.000,0.011,5.16,5.96,0.010,0.58,0.0020,5.6
2,1981,5,98.5,1.60,0.26,0.54,0.80,-3.000,0.017,5.20,6.07,0.010,0.48,0.0010,6.0
2,1981,6,68.6,1.67,0.27,0.31,0.85,-3.000,0.014,5.30,6.03,0.010,0.41,0.0010,6.6
2,1981,7,95.3,1.65,0.25,0.23,0.82,-3.000,0.013,5.28,6.07,0.010,0.31,0.0040,7.3
2,1981,8,80.9,1.67,0.23,0.21,0.69,-3.000,0.010,5.23,5.92,0.010,0.22,0.0050,6.8
2,1981,9,49.2,1.69,0.28,0.38,0.89,-3.000,0.011,5.55,6.24,0.010,0.39,0.0040,7.3
2,1981,10,172.5,1.65,0.25,0.53,0.73,-3.000,0.023,5.37,6.21,0.010,0.53,0.0050,6.1
2,1981,11,56.7,1.66,0.26,0.38,0.81,-3.000,0.015,5.50,6.33,0.010,0.53,0.0040,6.9
2,1981,12,31.7,1.62,0.27,0.32,0.84,-3.000,0.012,5.51,6.26,0.047,0.47,0.0010,7.1
2,1982,1,40.4,1.58,0.26,0.32,0.78,-3.000,0.015,5.43,6.13,0.118,0.42,0.0040,6.8
2,1982,2,33.5,1.62,0.27,0.32,0.83,-3.000,0.013,5.48,6.34,0.156,0.41,0.0020,6.8
2,1982,3,81.9,1.56,0.26,0.34,0.78,-3.000,0.010,5.38,6.07,0.119,0.38,0.0040,6.8
2,1982,4,395.1,1.36,0.22,0.46,0.52,-3.000,0.015,5.26,5.31,0.104,0.27,0.0050,4.4
2,1982,5,31.0,1.44,0.23,0.45,0.64,-3.000,0.012,5.48,5.47,0.019,0.24,0.0040,5.6
2,1982,6,36.4,1.50,0.25,0.28,0.80,-3.000,0.011,5.66,5.66,0.010,0.19,0.0030,6.5
2,1982,7,4.6,1.51,0.25,0.21,0.81,-3.000,0.016,5.65,5.74,0.011,0.19,0.0030,6.8
2,1982,8,0.7,1.62,0.29,0.58,0.93,-3.000,0.018,5.72,6.12,0.010,0.31,0.0050,6.7
2,1982,9,5.1,1.54,0.31,0.68,0.95,-3.000,0.012,5.62,6.48,0.010,0.36,0.0030,6.7
2,1982,10,12.4,1.57,0.32,0.49,1.00,-3.000,0.010,5.67,6.52,0.010,0.34,0.0050,7.1
2,1982,11,86.3,1.66,0.29,0.44,0.84,-3.000,0.018,5.48,6.32,0.015,0.51,0.0030,6.4
2,1982,12,76.2,1.66,0.27,0.32,0.81,-3.000,0.013,5.46,6.19,0.010,0.50,0.0030,6.5
2,1983,1,83.0,1.51,0.25,0.41,0.65,-3.000,0.015,5.35,5.70,0.230,0.45,0.0090,5.0
2,1983,2,69.4,1.46,0.24,0.40,0.62,-3.000,0.010,5.33,5.43,0.164,0.41,0.0050,4.6
2,1983,3,141.4,1.49,0.24,0.34,0.66,-3.000,0.014,5.46,5.67,0.038,0.45,0.0020,4.9
2,1983,4,145.8,1.44,0.22,0.34,0.61,-3.000,0.011,5.40,5.13,0.015,0.40,0.0050,4.5
2,1983,5,155.1,1.43,0.22,0.39,0.64,-3.000,0.014,5.39,5.46,0.010,0.35,0.0040,4.8
2,1983,6,33.9,1.45,0.22,0.40,0.68,-3.000,0.018,5.49,5.41,0.011,0.30,0.0050,5.4
2,1983,7,0.7,1.69,0.28,0.53,0.80,-3.000,0.010,5.55,5.80,0.450,0.36,0.0090,5.4
2,1983,8,2.0,1.54,0.26,0.42,0.73,-3.000,0.018,5.46,5.52,0.144,0.36,0.0060,5.5
2,1983,9,0.2,1.44,0.27,0.72,0.89,-3.000,0.020,5.55,5.44,0.010,0.51,0.0070,5.7
2,1983,10,6.9,1.51,0.32,1.09,0.91,-3.000,0.013,5.43,5.77,0.010,0.83,0.0050,5.9
2,1983,11,111.7,1.63,0.27,0.48,0.80,-3.000,0.015,5.36,5.47,0.010,0.70,0.0030,5.7
2,1983,12,166.9,1.46,0.22,0.36,0.62,-3.000,0.015,5.27,5.13,0.010,0.51,0.0030,4.8
2,1984,1,16.0,1.51,0.24,0.29,0.75,-3.000,0.012,5.41,5.48,0.011,0.46,0.0030,5.6
2,1984,2,131.5,1.46,0.22,0.28,0.68,-3.000,0.010,5.35,5.22,0.018,0.46,0.0030,4.9
2,1984,3,80.7,1.43,0.22,0.27,0.68,-3.000,0.010,5.39,5.12,0.011,0.38,0.0030,4.9
2,1984,4,249.2,1.33,0.20,0.32,0.55,-3.000,0.016,5.35,4.70,0.010,0.31,0.0070,4.3
2,1984,5,236.9,1.34,0.21,0.35,0.59,-3.000,0.010,5.41,5.29,0.010,0.22,0.0060,4.8
2,1984,6,101.1,1.38,0.21,0.25,0.61,-3.000,0.010,5.44,5.21,0.010,0.18,0.0050,5.4
2,1984,7,64.4,1.39,0.21,0.14,0.59,-3.000,0.010,5.40,4.96,0.010,0.16,0.0060,5.8
2,1984,8,0.1,1.50,0.24,0.39,0.82,-3.000,0.013,5.45,5.51,0.024,0.24,0.0080,6.5
2,1984,9,0.0,1.38,0.31,1.17,0.86,-3.000,0.016,5.61,5.60,0.036,0.44,0.0140,5.7
2,1984,10,1.0,1.28,0.36,1.47,1.00,-3.000,0.015,5.20,5.73,0.025,0.83,0.0140,5.7
2,1984,11,43.4,1.49,0.29,0.61,0.87,-3.000,0.014,5.06,5.76,0.023,0.87,0.0050,6.0
2,1984,12,76.2,1.43,0.24,0.32,0.71,-3.000,0.019,5.28,5.31,0.028,0.61,0.0030,5.2
2,1985,1,19.1,1.48,0.25,0.30,0.74,-3.000,0.019,5.30,5.32,0.027,0.56,0.0040,5.6
2,1985,2,71.7,1.41,0.24,0.31,0.69,-3.000,0.010,5.25,5.32,0.415,0.52,0.0040,5.0
2,1985,3,116.8,1.35,0.22,0.29,0.67,-3.000,0.016,5.30,5.21,0.039,0.46,0.0040,4.8
2,1985,4,99.8,1.35,0.21,0.30,0.65,-3.000,0.012,5.28,5.10,0.023,0.43,0.0060,4.6
2,1985,5,56.7,1.41,0.23,0.34,0.73,-3.000,0.017,5.28,5.42,0.020,0.39,0.0020,5.2
2,1985,6,23.3,1.49,0.24,0.14,0.78,-3.000,0.014,5.38,5.65,0.021,0.29,0.0050,6.1
2,1985,7,2.5,1.53,0.24,0.11,0.76,-3.000,0.020,5.34,5.51,0.020,0.27,0.0070,6.1
2,1985,8,0.1,1.61,0.26,0.14,0.84,-3.000,0.020,5.28,5.70,0.015,0.30,0.0080,6.7
2,1985,9,20.5,1.43,0.22,0.35,0.60,-3.000,0.027,5.13,5.15,0.031,0.41,0.0100,5.3
2,1985,10,75.0,1.44,0.22,0.22,0.70,-3.000,0.017,5.15,5.39,0.021,0.39,0.0050,5.9
2,1985,11,103.0,1.49,0.23,0.20,0.74,-3.000,0.013,5.17,5.41,0.020,0.49,0.0040,5.8
2,1985,12,46.0,1.44,0.22,0.18,0.71,-3.000,0.011,5.14,5.25,0.022,0.48,0.0060,5.4
2,1986,1,193.8,1.29,0.22,0.45,0.49,-3.000,0.025,5.12,4.47,0.166,0.36,0.0100,3.6
2,1986,2,23.9,1.42,0.24,0.23,0.64,-3.000,0.026,5.22,5.17,0.024,0.35,0.0060,5.0
2,1986,3,207.7,1.16,0.21,0.21,0.61,-3.000,0.020,5.14,4.86,0.025,0.29,0.0050,4.3
2,1986,4,125.3,1.21,0.22,0.24,0.57,-3.000,0.019,5.12,4.77,0.020,0.29,0.0050,4.3
2,1986,5,82.5,1.30,0.22,0.26,0.73,-3.000,0.023,5.24,5.24,0.028,0.29,0.0050,5.6
2,1986,6,19.2,1.39,0.24,0.17,0.77,-3.000,0.015,5.28,5.35,0.037,0.24,0.0050,6.1
2,1986,7,17.8,1.44,0.24,0.11,0.82,-3.000,0.022,5.27,5.48,0.050,0.22,0.0070,6.6
2,1986,8,77.3,1.44,0.23,0.09,0.70,-3.000,0.024,5.21,5.37,0.047,0.19,0.0070,5.9
2,1986,9,35.0,1.44,0.25,0.15,0.82,-3.000,0.014,5.23,5.57,0.020,0.26,0.0050,6.4
2,1986,10,49.7,1.46,0.27,0.28,0.83,-3.000,0.024,5.23,5.70,0.025,0.32,0.0070,6.1
2,1986,11,91.1,1.45,0.26,0.26,0.78,-3.000,0.024,5.24,5.42,0.070,0.40,0.0070,5.6
2,1986,12,65.6,1.42,0.25,0.22,0.74,-3.000,0.025,5.22,5.36,0.053,0.39,0.0060,5.4
2,1987,1,20.1,1.45,0.26,0.21,0.81,-3.000,0.020,5.22,5.54,0.062,0.39,0.0060,5.7
2,1987,2,10.3,1.44,0.27,0.22,0.87,-3.000,0.018,5.29,5.67,0.092,0.37,0.0060,5.8
2,1987,3,262.5,1.41,0.25,0.34,0.65,-3.000,0.018,5.18,4.77,1.044,0.36,0.0070,4.6
2,1987,4,97.9,1.37,0.24,0.40,0.59,-3.000,0.021,5.17,4.76,0.692,0.35,0.0070,4.4
2,1987,5,46.4,1.38,0.26,0.37,0.74,-3.000,0.018,5.28,5.28,0.129,0.34,0.0070,5.1
2,1987,6,96.2,1.41,0.24,0.19,0.73,-3.000,0.018,5.29,5.17,0.014,0.26,0.0080,5.8
2,1987,7,15.6,1.43,0.24,0.15,0.75,-3.000,0.017,5.24,5.20,0.010,0.22,0.0060,6.1
2,1987,8,3.7,1.55,0.29,0.14,0.96,-3.000,0.023,5.31,5.63,0.010,0.25,0.0050,7.2
2,1987,9,39.7,1.43,0.26,0.35,0.91,-3.000,0.020,5.26,5.54,0.010,0.42,0.0070,6.3
2,1987,10,61.9,1.40,0.27,0.45,0.83,-3.000,0.021,5.27,5.39,0.022,0.48,0.0050,6.0
2,1987,11,83.9,1.46,0.27,0.43,0.72,-3.000,0.012,5.10,5.22,0.301,0.63,0.0110,5.2
2,1987,12,52.1,1.46,0.27,0.33,0.75,-3.000,0.018,5.19,5.32,0.156,0.62,0.0080,5.5
2,1988,1,18.8,1.47,0.28,0.24,0.85,-3.000,0.023,5.27,5.67,0.084,0.65,0.0060,5.9
2,1988,2,31.2,1.52,0.30,0.25,0.84,-3.000,0.022,5.23,5.48,0.119,0.70,0.0050,5.5
2,1988,3,94.2,1.52,0.30,0.38,0.71,-3.000,0.021,5.17,4.80,1.245,0.52,0.0160,4.4
2,1988,4,148.4,1.44,0.27,0.34,0.69,-3.000,0.016,5.06,5.11,0.458,0.46,0.0130,4.5
2,1988,5,61.9,1.41,0.26,0.37,0.79,-3.000,0.019,5.46,5.45,0.039,0.43,0.0110,5.0
2,1988,6,3.9,1.47,0.28,0.26,0.88,-3.000,0.012,5.48,5.56,0.010,0.37,0.0100,5.7
2,1988,7,4.9,1.50,0.27,0.15,0.93,-3.000,0.015,5.38,5.60,0.010,0.26,0.0060,6.4
2,1988,8,6.2,1.45,0.24,0.15,0.80,-3.000,0.015,5.21,5.60,0.010,0.23,0.0040,5.9
2,1988,9,8.9,1.44,0.25,0.14,0.78,-3.000,0.011,5.10,5.67,0.010,0.24,0.0040,5.7
2,1988,10,6.3,1.51,0.37,0.60,1.18,-3.000,0.015,5.34,6.49,0.010,0.71,0.0040,6.3
2,1988,11,88.8,1.53,0.31,0.35,0.88,-3.000,0.017,5.14,5.76,0.010,0.77,0.0020,5.3
2,1988,12,19.5,1.60,0.30,0.25,0.96,-3.000,0.018,5.18,6.03,0.070,0.68,0.0020,5.7
2,1989,1,10.0,1.58,0.31,0.23,1.00,-3.000,0.011,5.22,6.01,0.028,0.61,0.0020,5.7
2,1989,2,18.9,1.61,0.34,0.23,1.01,-3.000,0.012,5.24,6.17,0.102,0.59,0.0030,5.6
2,1989,3,101.6,1.48,0.29,0.28,0.84,-3.000,0.019,5.20,5.45,0.202,0.59,0.0030,4.8
2,1989,4,218.7,1.41,0.25,0.32,0.69,-3.000,0.020,5.15,5.19,0.184,0.50,0.0030,4.3
2,1989,5,166.8,1.35,0.24,0.38,0.66,-3.000,0.018,5.21,5.23,0.283,0.41,0.0030,4.5
2,1989,6,83.0,1.43,0.25,0.18,0.75,-3.000,0.023,5.22,5.42,0.010,0.34,0.0020,5.5
2,1989,7,4.7,1.45,0.25,0.11,0.86,-3.000,0.012,5.29,5.75,0.010,0.29,0.0020,6.5
2,1989,8,12.7,1.55,0.27,0.11,0.89,-3.000,0.010,5.27,5.84,0.010,0.21,0.0030,6.7
2,1989,9,15.9,1.49,0.29,0.24,0.97,-3.000,0.012,5.20,5.96,0.010,0.40,0.0050,6.5
2,1989,10,150.3,1.52,0.28,0.39,0.81,-3.000,0.031,5.15,5.74,0.012,0.52,0.0060,5.8
2,1989,11,144.7,1.49,0.22,0.29,0.79,-3.000,0.016,5.14,5.55,0.127,0.43,0.0040,5.4
2,1989,12,20.4,1.47,0.27,0.25,0.86,-3.000,0.012,5.12,5.54,0.301,0.56,0.0060,5.5
2,1990,1,80.7,1.57,0.29,0.27,0.85,-3.000,0.023,5.04,5.17,1.459,0.57,0.0040,5.1
2,1990,2,74.1,1.60,0.29,0.31,0.82,-3.000,0.014,5.02,5.14,1.696,0.51,0.0040,5.0
2,1990,3,219.6,1.61,0.28,0.38,0.73,-3.000,0.010,5.02,4.66,2.563,0.39,0.0050,4.5
2,1990,4,131.1,1.49,0.26,0.40,0.70,-3.000,0.009,5.23,4.84,1.743,0.39,0.0050,4.5
2,1990,5,137.5,1.51,0.26,0.49,0.69,-3.000,0.032,5.28,4.93,1.384,0.39,0.0050,4.4
2,1990,6,100.4,1.47,0.25,0.22,0.70,-3.000,0.014,5.22,5.34,0.100,0.28,0.0080,5.2
2,1990,7,25.9,1.45,0.24,0.14,0.71,-3.000,0.024,5.33,5.43,0.018,0.24,0.0090,5.6
2,1990,8,193.6,1.43,0.25,0.33,0.61,-3.000,0.022,5.30,4.78,0.439,0.26,0.0080,4.8
2,1990,9,11.2,1.49,0.28,0.14,0.91,-3.000,0.016,5.42,5.79,0.010,0.39,0.0040,6.4
2,1990,10,166.6,1.53,0.27,0.32,0.75,-3.000,0.018,5.41,5.63,0.026,0.49,0.0040,5.8
2,1990,11,97.1,1.52,0.26,0.26,0.71,-3.000,0.013,5.31,5.17,0.587,0.55,0.0100,5.2
2,1990,12,158.0,1.52,0.29,0.29,0.64,-3.000,0.013,5.16,4.67,1.879,0.45,0.0080,4.4
2,1991,1,32.2,1.50,0.27,0.24,0.74,-3.000,0.010,5.30,5.14,1.505,0.47,0.0060,5.1
2,1991,2,28.5,1.56,0.29,0.25,0.76,-3.000,0.022,5.29,5.13,1.627,0.43,0.0060,4.9
2,1991,3,149.3,1.62,0.30,0.28,0.67,-3.000,0.029,5.16,4.58,2.741,0.36,0.0030,4.4
2,1991,4,132.3,1.46,0.27,0.30,0.62,-3.000,0.022,5.21,4.88,1.435,0.38,0.0040,4.3
2,1991,5,50.8,1.68,0.29,0.32,0.73,-3.000,0.019,5.37,5.28,0.555,0.38,0.0030,4.8
2,1991,6,4.0,1.47,0.29,0.19,0.83,-3.000,0.017,5.41,5.61,0.139,0.30,0.0030,5.9
2,1991,7,1.8,1.63,0.32,0.36,0.70,-3.000,0.010,5.33,5.12,0.993,0.27,0.0070,4.8
2,1991,8,79.6,1.44,0.23,0.12,0.50,-3.000,0.027,5.15,4.93,0.010,0.14,0.0050,4.9
2,1991,9,17.1,1.39,0.26,0.08,0.82,-3.000,0.026,5.17,5.57,0.010,0.20,0.0030,6.2
2,1991,10,142.7,1.41,0.25,0.14,0.65,-3.000,0.021,5.13,5.36,0.010,0.24,0.0030,5.6
2,1991,11,66.2,1.41,0.25,0.22,0.73,-3.000,0.010,5.19,5.39,0.010,0.46,0.0030,5.4
2,1991,12,79.3,1.44,0.25,0.18,0.70,-3.000,0.021,5.13,5.26,0.336,0.42,0.0010,4.9
2,1992,1,75.4,1.42,0.26,0.18,0.69,-3.000,0.012,5.20,5.20,0.343,0.40,0.0020,4.8
2,1992,2,16.1,1.46,0.29,0.20,0.80,-3.000,0.012,5.32,5.34,0.284,0.40,0.0020,5.2
2,1992,3,148.5,1.46,0.29,0.25,0.70,-3.000,0.024,5.28,5.02,0.716,0.43,0.0020,4.4
2,1992,4,202.7,1.27,0.23,0.27,0.57,-3.000,0.015,5.24,4.55,0.426,0.40,0.0060,3.7
2,1992,5,53.4,1.33,0.25,0.27,0.63,-3.000,0.019,5.33,4.86,0.105,0.40,0.0050,4.3
2,1992,6,15.8,1.35,0.25,0.17,0.73,-3.000,0.031,5.37,5.11,0.010,0.32,0.0020,5.0
2,1992,7,18.4,1.39,0.25,0.08,0.75,-3.000,0.037,5.36,5.22,0.010,0.20,0.0040,5.7
2,1992,8,44.2,1.35,0.23,0.05,0.76,-3.000,0.030,5.27,5.29,0.010,0.18,0.0030,6.0
2,1992,9,52.2,1.35,0.23,0.05,0.72,-3.000,0.037,5.26,5.30,0.010,0.26,0.0040,5.8
2,1992,10,50.5,1.38,0.27,0.21,0.78,-3.000,0.028,5.33,5.35,0.010,0.36,0.0050,5.7
2,1992,11,157.5,1.33,0.24,0.15,0.69,-3.000,0.032,5.26,5.09,0.014,0.46,0.0020,5.0
2,1992,12,40.7,1.34,0.24,0.14,0.75,-3.000,0.035,5.30,5.31,0.013,0.43,0.0020,5.3
2,1993,1,42.9,1.33,0.25,0.15,0.78,-3.000,0.034,5.27,5.28,0.057,0.42,0.0010,5.1
2,1993,2,13.6,1.31,0.27,0.15,0.89,-3.000,0.030,5.29,5.35,0.027,0.41,0.0010,5.3
2,1993,3,149.7,1.26,0.23,0.21,0.66,-3.000,0.037,5.11,4.65,0.699,0.39,0.0020,4.2
2,1993,4,272.3,1.17,0.20,0.22,0.58,-3.000,0.025,5.15,4.48,0.184,0.37,0.0020,3.8
2,1993,5,26.7,1.24,0.22,0.20,0.74,-3.000,0.012,5.16,5.00,0.010,0.37,0.0010,4.8
2,1993,6,22.8,1.24,0.22,0.12,0.71,-3.000,0.006,5.22,4.90,0.010,0.29,0.0030,4.9
2,1993,7,2.4,2.37,0.26,0.24,0.96,-3.000,0.013,5.77,5.30,0.012,0.29,0.0020,6.3
2,1993,8,6.8,1.34,0.23,0.05,0.86,-3.000,0.005,5.18,5.50,0.010,0.22,0.0010,6.2
2,1993,9,17.2,1.28,0.22,0.10,0.79,-3.000,0.019,5.12,5.46,0.010,0.28,0.0010,5.8
2,1993,10,48.5,1.27,0.25,0.20,0.76,-3.000,0.040,5.18,5.42,0.010,0.40,0.0020,5.6
2,1993,11,144.6,1.35,0.24,0.23,0.73,-3.000,0.017,5.18,5.04,0.128,0.70,0.0020,4.9
2,1993,12,86.6,1.38,0.24,0.19,0.73,-3.000,0.020,5.16,4.88,0.195,0.86,0.0010,4.8
2,1994,1,22.4,1.36,0.25,0.16,0.82,-3.000,0.031,5.27,5.18,0.140,0.67,0.0010,5.2
2,1994,2,27.9,1.31,0.24,0.15,0.80,-3.000,0.019,5.28,5.01,0.183,0.58,0.0010,4.9
2,1994,3,58.8,1.33,0.24,0.18,0.79,-3.000,0.005,5.33,4.98,0.309,0.58,0.0010,4.8
2,1994,4,353.7,1.19,0.20,0.19,0.60,-3.000,0.006,5.14,4.65,0.328,0.39,0.0010,3.8
2,1994,5,75.3,1.20,0.20,0.21,0.67,-3.000,0.014,5.27,4.78,0.010,0.35,0.0010,4.2
2,1994,6,12.3,1.27,0.21,0.09,0.79,-3.000,0.012,5.44,5.08,0.010,0.26,0.0010,5.3
2,1994,7,4.9,1.26,0.21,0.06,0.87,-3.000,0.008,5.43,5.15,0.010,0.22,0.0010,6.1
2,1994,8,6.1,1.26,0.21,0.07,0.86,-3.000,0.005,5.40,5.21,0.010,0.18,0.0010,6.0
2,1994,9,15.8,1.23,0.23,0.10,0.91,-3.000,0.005,5.38,5.31,0.010,0.26,0.0020,6.0
2,1994,10,11.6,1.25,0.26,0.17,0.99,-3.000,0.008,5.41,5.44,0.010,0.36,0.0020,6.1
2,1994,11,36.1,1.29,0.26,0.19,0.96,-3.000,0.006,5.40,5.37,0.029,0.48,0.0020,5.9
2,1994,12,87.9,1.39,0.25,0.17,0.85,-3.000,0.016,5.34,5.02,0.450,0.54,0.0010,5.4
2,1995,1,117.4,1.38,0.23,0.18,0.76,-3.000,0.009,5.17,4.72,0.932,0.57,0.0020,4.9
2,1995,2,15.7,1.39,0.25,0.17,0.86,-3.000,0.021,5.30,5.14,0.425,0.52,0.0010,5.5
2,1995,3,140.5,1.34,0.24,0.19,0.76,-3.000,0.011,5.15,4.79,0.829,0.48,0.0010,4.9
2,1995,4,58.0,1.26,0.24,0.19,0.77,-3.000,0.009,5.20,4.97,0.259,0.44,0.0010,4.9
2,1995,5,64.4,1.25,0.23,0.22,0.85,-3.000,0.019,5.32,5.11,0.030,0.41,0.0020,5.1
2,1995,6,13.8,1.26,0.23,0.13,0.90,-3.000,0.014,5.32,5.19,0.011,0.33,0.0010,5.6
2,1995,7,10.3,1.22,0.22,0.19,0.68,-3.000,0.005,5.17,4.75,0.088,0.28,0.0030,5.4
2,1995,8,64.9,1.25,0.20,0.05,0.70,-3.000,0.014,5.10,5.03,0.010,0.21,0.0020,5.9
2,1995,9,1.7,1.24,0.23,0.14,0.84,-3.000,0.025,5.12,5.29,0.010,0.41,0.0010,6.1
2,1995,10,168.2,1.27,0.23,0.27,0.77,-3.000,0.017,5.09,5.06,0.010,0.69,0.0020,5.4
2,1995,11,180.3,1.25,0.21,0.21,0.73,-3.000,0.005,5.06,4.71,0.106,0.78,0.0010,5.1
2,1995,12,23.9,1.25,0.23,0.15,0.86,-3.000,0.008,5.14,4.98,0.117,0.66,0.0010,5.2
2,1996,1,265.8,1.24,0.23,0.20,0.78,-3.000,0.005,5.09,4.60,0.763,0.52,0.0010,4.5
2,1996,2,112.2,1.21,0.22,0.19,0.79,-3.000,0.005,5.14,4.59,0.557,0.72,0.0010,4.4
2,1996,3,96.4,1.16,0.21,0.20,0.78,-3.000,0.005,5.28,4.54,0.458,0.69,0.0010,4.5
2,1996,4,285.1,1.05,0.19,0.20,0.68,-3.000,0.005,5.25,4.26,0.388,0.52,0.0020,3.8
2,1996,5,161.9,1.01,0.18,0.22,0.66,-3.000,0.007,5.35,4.27,0.063,0.45,0.0020,3.8
2,1996,6,69.7,1.09,0.19,0.08,0.75,-3.000,0.008,5.44,4.43,0.010,0.31,0.0010,4.8
2,1996,7,133.3,1.05,0.17,0.04,0.63,-3.000,0.005,5.38,4.20,0.019,0.20,0.0020,4.9
2,1996,8,4.2,1.10,0.19,0.14,0.76,-3.000,0.005,5.49,4.45,0.059,0.30,0.0020,5.7
2,1996,9,0.5,1.10,0.23,0.59,0.81,-3.000,0.005,5.46,4.41,0.270,0.66,0.0030,5.2
2,1996,10,48.2,1.10,0.25,0.83,0.81,-3.000,0.005,5.39,4.39,0.348,0.97,0.0030,4.7
2,1996,11,139.0,1.15,0.21,0.24,0.78,-3.000,0.005,5.24,4.41,0.109,0.92,0.0010,4.8
2,1996,12,200.6,1.11,0.19,0.22,0.68,-3.000,0.006,5.14,3.92,0.764,0.69,0.0010,3.9
2,1997,1,33.6,1.14,0.21,0.16,0.76,-3.000,0.008,5.27,4.23,0.582,0.56,0.0010,4.3
2,1997,2,47.1,1.17,0.22,0.17,0.80,-3.000,0.019,5.30,4.14,1.057,0.51,0.0010,4.5
2,1997,3,77.1,1.16,0.22,0.19,0.77,-3.000,0.009,5.19,4.03,1.386,0.49,0.0010,4.2
2,1997,4,311.7,1.07,0.19,0.21,0.62,-3.000,0.005,5.10,3.69,1.541,0.34,0.0010,3.4
2,1997,5,118.5,1.02,0.18,0.21,0.63,-3.000,0.005,5.24,4.02,0.425,0.30,0.0010,3.8
2,1997,6,12.3,1.07,0.19,0.34,0.81,-3.000,0.005,5.44,4.47,0.013,0.29,0.0010,4.9
2,1997,7,33.4,1.10,0.19,0.06,0.76,-3.000,0.016,5.44,4.45,0.010,0.17,0.0010,5.8
2,1997,8,1.5,1.05,0.19,0.04,0.76,-3.000,0.017,5.34,4.40,0.010,0.18,0.0010,5.8
2,1997,9,1.9,1.03,0.20,0.05,0.87,-3.000,0.018,5.37,4.65,0.010,0.24,0.0010,6.1
2,1997,10,4.7,1.02,0.21,0.18,0.80,-3.000,0.024,5.37,4.61,0.010,0.39,0.0020,5.6
2,1997,11,70.1,1.07,0.21,0.22,0.71,-3.000,0.012,5.36,4.43,0.011,0.55,0.0020,5.1
2,1997,12,22.6,1.13,0.22,0.09,0.83,-3.000,0.008,5.39,4.66,0.044,0.51,0.0010,5.1
2,1998,1,112.5,1.16,0.22,0.26,0.61,-3.000,0.013,5.30,3.87,1.059,0.43,0.0030,4.1
2,1998,2,61.4,1.12,0.21,0.11,0.77,-3.000,0.005,5.36,4.44,0.255,0.41,0.0010,5.0
2,1998,3,264.0,1.03,0.19,0.15,0.62,-3.000,0.015,5.26,3.94,0.660,0.31,0.0010,4.2
2,1998,4,97.3,1.03,0.18,0.16,0.60,-3.000,0.015,5.28,3.98,0.408,0.28,0.0010,4.2
2,1998,5,57.2,1.05,0.19,0.15,0.70,-3.000,0.012,5.38,4.31,0.038,0.29,0.0010,5.0
2,1998,6,222.0,1.07,0.18,0.08,0.60,-3.000,0.005,5.30,4.04,0.080,0.17,0.0010,5.0
2,1998,7,37.8,1.10,0.17,0.06,0.61,-3.000,0.005,5.39,4.07,0.041,0.17,0.0010,5.5
2,1998,8,4.5,1.08,0.18,0.10,0.85,-3.000,0.005,5.48,4.34,0.010,0.31,0.0010,6.5
2,1998,9,6.9,1.06,0.20,0.13,0.97,-3.000,0.005,5.48,4.44,0.010,0.39,0.0020,6.8
2,1998,10,55.1,1.42,0.29,0.27,0.99,-3.000,0.005,5.37,3.99,2.824,0.46,0.0020,6.4
2,1998,11,82.5,1.73,0.29,0.22,0.92,-3.000,0.005,5.14,3.73,4.395,0.51,0.0010,5.7
2,1998,12,53.7,1.61,0.29,0.20,0.94,-3.000,0.005,5.10,3.79,4.449,0.52,0.0010,5.8
2,1999,1,106.2,1.70,0.31,0.24,0.81,-3.000,0.005,5.02,3.56,5.231,0.46,0.0010,4.9
2,1999,2,44.8,1.62,0.29,0.23,0.83,-3.000,0.005,5.08,3.65,4.586,0.44,0.0010,4.9
2,1999,3,216.5,1.52,0.27,0.32,0.71,-3.000,0.005,5.01,3.40,4.663,0.53,0.0020,4.1
2,1999,4,101.8,1.23,0.24,0.22,0.76,-3.000,0.005,5.04,3.64,2.880,0.47,0.0020,4.9
2,1999,5,83.9,1.25,0.23,0.23,0.86,-3.000,0.011,5.36,4.44,1.161,0.44,0.0030,5.1
2,1999,6,9.1,1.10,0.20,0.08,0.83,-3.000,0.005,5.34,4.55,0.228,0.34,0.0030,5.6
2,1999,7,6.1,1.05,0.19,0.04,0.82,-3.000,0.005,5.32,4.52,0.010,0.27,0.0030,5.9
2,1999,8,3.7,1.00,0.20,0.07,0.85,-3.000,0.005,5.30,4.50,0.027,0.31,0.0030,5.3
2,1999,9,160.1,1.09,0.20,0.07,0.69,-3.000,0.005,5.21,4.38,0.056,0.27,0.0030,5.4
2,1999,10,75.5,1.09,0.20,0.16,0.67,-3.000,0.005,5.42,4.40,0.069,0.38,0.0020,5.4
2,1999,11,103.0,1.22,0.21,0.16,0.79,-3.000,0.005,5.35,4.28,0.512,0.59,0.0020,5.3
2,1999,12,50.9,1.24,0.22,0.14,0.82,-3.000,0.005,5.28,4.27,0.974,0.63,0.0020,5.4
2,2000,1,33.1,1.30,0.25,0.14,0.83,-3.000,0.005,5.24,4.22,1.424,0.62,0.0010,5.2
2,2000,2,38.3,1.29,0.26,0.20,0.76,-3.000,0.005,5.17,4.06,2.368,0.56,0.0020,4.5
2,2000,3,224.9,1.19,0.22,0.21,0.69,-3.000,0.007,5.12,3.96,2.029,0.50,0.0010,4.5
2,2000,4,257.5,1.06,0.18,0.25,0.58,-3.000,0.005,5.11,3.99,0.897,0.44,0.0010,4.3
2,2000,5,132.4,1.03,0.17,0.23,0.70,-3.000,0.005,5.30,4.32,0.153,0.38,0.0010,4.5
2,2000,6,22.2,1.02,0.18,0.10,0.80,-3.000,0.005,5.38,4.47,0.010,0.31,0.0010,5.3
2,2000,7,3.9,1.00,0.18,0.07,0.78,-3.000,0.005,5.45,4.37,0.029,0.23,0.0010,6.1
2,2000,8,14.2,0.99,0.18,0.03,0.82,-3.000,0.005,5.39,4.48,0.010,0.20,0.0010,6.4
2,2000,9,16.6,0.97,0.18,0.02,0.76,-3.000,0.005,5.33,4.50,0.016,0.20,0.0010,6.1
2,2000,10,31.9,0.95,0.22,0.35,0.81,-3.000,0.005,5.47,4.58,0.010,0.40,0.0020,5.7
2,2000,11,77.0,1.05,0.22,0.14,0.76,-3.000,0.005,5.41,4.45,0.127,0.46,0.0020,5.4
2,2000,12,146.3,1.13,0.21,0.19,0.63,-3.000,0.005,5.28,4.10,0.840,0.46,0.0030,4.7
2,2001,1,19.1,1.08,0.20,0.11,0.76,-3.000,0.005,5.39,4.46,0.487,0.42,0.0010,5.4
2,2001,2,18.4,1.08,0.23,0.13,0.86,-3.000,0.005,5.44,4.63,0.591,0.42,0.0020,5.6
2,2001,3,26.5,1.14,0.24,0.15,0.87,-3.000,0.007,5.45,4.67,0.637,0.39,0.0020,5.4
2,2001,4,293.9,1.01,0.18,0.17,0.62,-3.000,0.005,5.24,4.10,0.696,0.32,0.0020,4.3
2,2001,5,24.8,1.00,0.18,0.11,0.72,-3.000,0.005,5.46,4.41,0.017,0.26,0.0020,5.1
2,2001,6,55.4,0.97,0.17,0.07,0.65,-3.000,0.005,5.36,4.23,0.011,0.22,0.0020,4.9
2,2001,7,1.5,1.03,0.21,0.22,0.79,-3.000,0.005,5.41,4.25,0.248,0.45,0.0030,5.6
2,2001,8,0.0,1.03,0.22,0.28,0.79,-3.000,0.008,5.40,4.20,0.310,0.52,0.0030,5.4
2,2001,9,17.4,1.01,0.22,0.28,0.72,-3.000,0.005,5.26,4.04,0.318,0.59,0.0020,4.8
2,2001,10,13.4,0.93,0.20,0.15,0.76,-3.000,0.005,5.26,4.38,0.011,0.40,0.0010,6.1
2,2001,11,47.0,1.01,0.20,0.11,0.82,-3.000,0.005,5.21,4.46,0.013,0.62,0.0010,5.6
2,2001,12,54.5,1.04,0.19,0.08,0.82,-3.000,0.007,5.24,4.44,0.017,0.66,0.0010,5.5
2,2002,1,29.1,1.07,0.19,0.05,0.88,-3.000,0.007,5.32,4.60,0.029,0.58,0.0010,5.7
2,2002,2,68.7,1.05,0.19,0.10,0.82,-3.000,0.005,5.32,4.30,0.334,0.56,0.0010,5.1
2,2002,3,142.7,1.02,0.19,0.14,0.77,-3.000,0.005,5.23,4.10,0.515,0.58,0.0010,4.6
2,2002,4,251.3,0.95,0.17,0.17,0.67,-3.000,0.005,5.21,3.99,0.320,0.42,0.0010,4.2
2,2002,5,109.2,0.92,0.17,0.14,0.73,-3.000,0.005,5.32,4.20,0.013,0.35,0.0010,4.6
2,2002,6,63.1,0.95,0.17,0.06,0.74,-3.000,0.005,5.34,4.22,0.010,0.25,0.0020,5.2
2,2002,7,2.6,0.89,0.18,0.24,0.65,-3.000,0.005,5.32,3.97,0.010,0.37,0.0020,5.1
2,2002,8,0.2,0.88,0.18,0.27,0.64,-3.000,0.005,5.32,3.95,0.010,0.39,0.0020,5.0
2,2002,9,2.2,0.83,0.19,0.31,0.68,-3.000,0.005,5.28,3.94,0.010,0.47,0.0020,5.0
2,2002,10,28.9,0.85,0.18,0.09,0.72,-3.000,0.010,5.18,4.20,0.013,0.45,0.0010,5.2
2,2002,11,109.2,0.92,0.18,0.15,0.69,-3.000,0.005,5.23,4.04,0.013,0.57,0.0020,4.7
2,2002,12,49.0,0.94,0.17,0.08,0.77,-3.000,0.005,5.27,4.17,0.068,0.51,0.0010,5.1
2,2003,1,27.0,0.97,0.18,0.08,0.85,-3.000,0.005,5.32,4.32,0.041,0.48,0.0010,5.2
2,2003,2,13.2,1.01,0.20,0.07,0.93,-3.000,0.005,5.43,4.58,0.070,0.47,0.0010,5.6
2,2003,3,209.5,1.05,0.20,0.15,0.78,-3.000,0.005,5.24,3.97,1.213,0.51,0.0010,4.6
2,2003,4,105.3,0.94,0.18,0.15,0.71,-3.000,0.005,5.24,3.98,0.440,0.43,0.0010,4.4
2,2003,5,113.8,0.92,0.17,0.16,0.77,-3.000,0.005,5.29,4.21,0.152,0.38,0.0010,4.6
2,2003,6,29.7,0.94,0.17,0.08,0.82,-3.000,0.005,5.36,4.30,0.010,0.32,0.0010,5.3
2,2003,7,5.0,0.94,0.16,0.03,0.76,-3.000,0.005,5.35,4.19,0.010,0.20,0.0010,6.3
2,2003,8,111.0,0.93,0.15,0.08,0.48,-3.000,0.005,5.11,3.75,0.017,0.14,0.0030,5.0
2,2003,9,91.5,0.90,0.15,0.03,0.66,-3.000,0.005,5.23,3.99,0.010,0.27,0.0010,5.6
2,2003,10,171.3,0.92,0.17,0.16,0.68,-3.000,0.005,5.27,3.89,0.111,0.48,0.0020,4.8
2,2003,11,184.7,0.90,0.17,0.09,0.79,-3.000,0.005,5.31,3.93,0.037,0.60,0.0010,4.8
2,2003,12,242.2,0.96,0.17,0.10,0.72,-3.000,0.005,5.25,3.69,0.418,0.65,0.0010,4.4
2,2004,1,33.6,0.94,0.17,0.10,0.73,-3.000,0.005,5.28,3.87,0.311,0.57,0.0010,4.5
2,2004,2,8.5,0.98,0.20,0.08,0.88,-3.000,0.005,5.40,4.23,0.210,0.54,0.0010,5.0
2,2004,3,98.7,1.01,0.20,0.16,0.81,-3.000,0.005,5.21,3.72,1.547,0.54,0.0010,4.2
2,2004,4,145.3,0.92,0.18,0.16,0.76,-3.000,0.005,5.25,3.75,0.864,0.47,0.0010,4.0
2,2004,5,120.5,0.86,0.17,0.13,0.77,-3.000,0.005,5.32,3.98,0.079,0.39,0.0010,4.4
2,2004,6,25.0,0.87,0.16,0.06,0.80,-3.000,0.005,5.39,4.05,0.020,0.33,0.0010,5.0
2,2004,7,29.8,0.88,0.15,0.09,0.72,-3.000,0.005,5.30,3.90,0.053,0.26,0.0030,5.2
2,2004,8,71.0,0.86,0.15,0.03,0.74,-3.000,0.005,5.31,3.96,0.010,0.21,0.0020,5.8
2,2004,9,57.4,0.87,0.15,0.03,0.71,-3.000,0.005,5.34,3.91,0.010,0.23,0.0030,5.6
2,2004,10,20.6,0.90,0.19,0.13,0.87,-3.000,0.006,5.46,4.10,0.010,0.39,0.0020,5.7
2,2004,11,126.0,0.92,0.18,0.12,0.79,-3.000,0.007,5.38,3.88,0.120,0.51,0.0010,4.8
2,2004,12,160.1,0.91,0.17,0.11,0.73,-3.000,0.005,5.38,3.80,0.163,0.51,0.0010,4.6
2,2005,1,43.3,0.92,0.17,0.10,0.77,-3.000,0.005,5.39,3.94,0.219,0.51,0.0010,4.7
2,2005,2,32.8,0.92,0.19,0.09,0.83,-3.000,0.005,5.41,4.00,0.195,0.47,0.0010,4.8
2,2005,3,80.9,0.90,0.18,0.14,0.78,-3.000,0.005,5.36,3.87,0.445,0.45,0.0010,4.3
2,2005,4,310.1,0.82,0.16,0.17,0.65,-3.000,0.005,5.27,3.56,0.353,0.43,0.0010,3.7
2,2005,5,85.4,0.84,0.16,0.14,0.76,-3.000,0.005,5.39,3.79,0.023,0.42,0.0010,4.1
2,2005,6,93.1,0.85,0.16,0.06,0.81,-3.000,0.005,5.44,3.88,0.010,0.34,0.0010,4.7
2,2005,7,20.0,0.86,0.15,0.03,0.80,-3.000,0.005,5.45,4.07,0.010,0.27,0.0010,5.4
2,2005,8,34.8,0.83,0.15,0.05,0.69,-3.000,0.005,5.32,3.77,0.010,0.29,0.0010,5.1
2,2005,9,30.7,0.84,0.15,0.05,0.73,-3.000,0.005,5.34,3.81,0.010,0.30,0.0010,5.3
2,2005,10,259.6,0.87,0.15,0.07,0.63,-3.000,0.005,5.36,3.64,0.010,0.37,0.0010,4.5
2,2005,11,175.8,0.86,0.15,0.09,0.71,-3.000,0.005,5.42,3.64,0.010,0.44,0.0010,4.4
2,2005,12,89.8,0.88,0.16,0.08,0.70,-3.000,0.005,5.37,3.50,0.205,0.50,0.0010,4.1
2,2006,1,201.6,0.87,0.16,0.11,0.66,-3.000,0.005,5.36,3.38,0.371,0.46,0.0010,3.7
2,2006,2,78.5,0.87,0.17,0.11,0.67,-3.000,0.005,5.36,3.45,0.284,0.45,0.0010,3.8
2,2006,3,74.4,0.86,0.18,0.12,0.73,-3.000,0.005,5.33,3.52,0.396,0.47,0.0010,4.2
2,2006,4,71.0,0.82,0.17,0.13,0.74,-3.000,0.005,5.36,3.60,0.207,0.46,0.0010,4.1
2,2006,5,193.2,0.82,0.16,0.15,0.71,-3.000,0.005,5.45,3.52,0.010,0.36,0.0010,4.1
2,2006,6,81.6,0.81,0.15,0.07,0.73,-3.000,0.005,5.54,3.50,0.010,0.26,0.0010,4.8
2,2006,7,30.4,0.82,0.14,0.02,0.69,-3.000,0.005,5.49,3.45,0.010,0.23,0.0010,5.4
2,2006,8,1.4,0.81,0.15,0.06,0.82,-3.000,0.005,5.51,3.56,0.010,0.30,0.0010,6.1
2,2006,9,0.4,0.81,0.17,0.13,0.87,-3.000,0.005,5.50,3.76,0.010,0.40,0.0010,6.0
2,2006,10,140.1,0.83,0.16,0.16,0.68,-3.000,0.005,5.36,3.55,0.010,0.53,0.0010,4.6
2,2006,11,166.7,0.81,0.14,0.11,0.66,-3.000,0.005,5.39,3.47,0.011,0.46,0.0010,4.4
2,2006,12,110.2,0.82,0.15,0.09,0.70,-3.000,0.005,5.40,3.50,0.274,0.43,0.0010,4.5
2,2007,1,92.8,0.81,0.15,0.08,0.67,-3.000,0.005,5.37,3.34,0.557,0.36,0.0010,4.1
2,2007,2,10.5,0.84,0.17,0.08,0.80,-3.000,0.005,5.46,3.75,0.262,0.39,0.0010,4.8
2,2007,3,134.8,0.87,0.18,0.11,0.73,-3.000,0.005,5.31,3.34,1.034,0.37,0.0010,4.0
2,2007,4,206.2,0.79,0.15,0.15,0.59,-3.000,0.005,5.33,3.15,0.518,0.27,0.0010,3.4
2,2007,5,66.0,0.76,0.15,0.10,0.71,-3.000,0.005,5.48,3.53,0.013,0.26,0.0010,4.1
2,2007,6,17.7,0.81,0.15,0.05,0.75,-3.000,0.005,5.53,3.60,0.010,0.21,0.0010,5.0
2,2007,7,29.1,0.77,0.14,0.04,0.62,-3.000,0.005,5.42,3.43,0.010,0.14,0.0010,5.4
2,2007,8,12.7,0.76,0.13,0.03,0.65,-3.000,0.005,5.38,3.47,0.010,0.15,0.0010,5.6
2,2007,9,22.4,0.77,0.14,0.08,0.70,-3.000,0.005,5.34,3.60,0.010,0.21,0.0010,5.5
2,2007,10,103.1,0.82,0.16,0.11,0.67,-3.000,0.005,5.34,3.59,0.010,0.31,0.0010,5.2
2,2007,11,134.0,0.80,0.15,0.06,0.71,-3.000,0.005,5.37,3.59,0.010,0.37,0.0010,5.0
2,2007,12,61.0,0.84,0.16,0.06,0.74,-3.000,0.005,5.35,3.49,0.213,0.51,0.0010,4.5
2,2008,1,104.4,0.79,0.16,0.06,0.73,-3.000,0.005,5.35,3.55,0.064,0.46,0.0010,4.5
2,2008,2,73.6,0.79,0.16,0.06,0.74,-3.000,0.005,5.34,3.63,0.060,0.41,0.0010,4.6
2,2008,3,113.1,0.77,0.16,0.09,0.69,-3.000,0.005,5.37,3.47,0.175,0.34,0.0010,4.3
2,2008,4,401.8,0.73,0.15,0.11,0.57,-3.000,0.005,5.39,3.21,0.119,0.23,0.0010,3.7
2,2008,5,48.3,0.73,0.14,0.10,0.62,-3.000,0.005,5.48,3.29,0.010,0.22,0.0010,4.2
2,2008,6,22.9,0.75,0.15,0.05,0.67,-3.000,0.005,5.41,3.45,0.010,0.16,0.0010,5.0
2,2008,7,37.2,0.72,0.14,0.03,0.60,-3.000,0.005,5.39,3.31,0.010,0.13,0.0010,5.4
2,2008,8,118.3,0.75,0.13,0.02,0.51,-3.000,0.005,5.39,3.14,0.010,0.11,0.0010,5.0
2,2008,9,37.3,0.73,0.13,0.03,0.59,-3.000,0.005,5.42,3.12,0.010,0.17,0.0010,5.3
2,2008,10,136.5,0.75,0.15,0.06,0.60,-3.000,0.005,5.43,3.24,0.010,0.30,0.0010,5.1
2,2008,11,154.6,0.80,0.15,0.05,0.63,-3.000,0.005,5.40,3.26,0.010,0.41,0.0010,4.8
2,2008,12,140.4,0.73,0.14,0.04,0.62,-3.000,0.005,5.38,3.27,0.023,0.34,0.0010,4.5
2,2009,1,35.0,0.73,0.15,0.04,0.67,-3.000,0.005,5.41,3.39,0.021,0.31,0.0010,4.7
2,2009,2,51.3,0.73,0.15,0.05,0.70,-3.000,0.005,5.40,3.46,0.095,0.32,0.0010,4.6
2,2009,3,198.1,0.70,0.15,0.07,0.63,-3.000,0.005,5.40,3.22,0.138,0.29,0.0010,4.1
2,2009,4,168.6,0.68,0.14,0.08,0.58,-3.000,0.005,5.42,3.14,0.055,0.23,0.0010,3.9
2,2009,5,101.0,0.70,0.14,0.06,0.70,-3.000,0.005,5.51,3.30,0.010,0.22,0.0010,4.7
2,2009,6,82.4,0.71,0.14,0.03,0.65,0.005,0.005,5.54,3.17,0.010,0.17,0.0010,4.9
2,2009,7,135.0,0.71,0.13,0.03,0.57,0.005,0.005,5.56,3.05,0.010,0.12,0.0010,5.1
2,2009,8,74.9,0.70,0.12,0.02,0.54,0.005,0.005,5.53,2.90,0.010,0.10,0.0010,5.0
2,2009,9,3.5,0.72,0.13,0.07,0.68,0.005,0.005,5.59,3.06,0.010,0.25,0.0010,5.7
2,2009,10,116.1,0.69,0.15,0.11,0.58,0.005,0.005,5.51,3.09,0.010,0.30,0.0010,4.9
2,2009,11,115.7,0.72,0.14,0.07,0.62,0.005,0.005,5.43,3.00,0.010,0.38,0.0010,4.8
2,2009,12,102.9,0.70,0.14,0.05,0.61,0.005,0.005,5.43,2.98,0.010,0.37,0.0010,4.7
2,2010,1,108.2,0.75,0.16,0.08,0.68,0.005,0.005,5.43,3.07,0.108,0.45,0.0010,4.5
2,2010,2,40.8,0.73,0.16,0.06,0.67,0.005,0.005,5.47,3.19,0.021,0.36,0.0010,4.7
2,2010,3,204.2,0.64,0.13,0.09,0.59,0.005,0.005,5.37,2.80,0.045,0.34,0.0010,4.0
2,2010,4,111.9,0.65,0.13,0.08,0.63,0.005,0.005,5.44,2.97,0.011,0.31,0.0010,4.4
2,2010,5,49.5,0.66,0.13,0.06,0.68,0.005,0.005,5.48,3.12,0.010,0.27,0.0010,4.6
2,2010,6,33.3,0.68,0.13,0.05,0.57,-3.000,0.005,5.41,2.80,0.010,0.16,0.0010,4.7
2,2010,7,8.3,0.66,0.12,0.01,0.72,-3.000,0.005,5.52,3.19,0.013,0.25,0.0010,6.2
2,2010,8,3.5,0.68,0.13,0.03,0.80,-3.000,0.005,5.59,3.01,0.010,0.22,0.0010,6.4
2,2010,9,30.7,0.66,0.12,0.03,0.73,-3.000,0.005,5.46,2.97,0.010,0.34,0.0010,5.9
2,2010,10,138.0,0.67,0.13,0.05,0.70,-3.000,0.005,5.45,3.01,0.010,0.40,0.0010,5.6
2,2010,11,94.4,0.69,0.14,0.05,0.71,-3.000,0.005,5.35,3.13,0.010,0.48,0.0010,5.3
2,2010,12,174.1,0.67,0.14,0.07,0.63,-3.000,0.005,5.31,2.92,0.017,0.47,0.0010,4.5
2,2011,1,40.3,0.67,0.14,0.04,0.68,-3.000,0.005,5.42,3.12,0.010,0.41,0.0010,4.8
2,2011,2,19.9,0.69,0.15,0.04,0.77,-3.000,0.005,5.49,3.38,0.010,0.36,0.0010,5.2
2,2011,3,198.4,0.64,0.13,0.08,0.62,-3.000,0.005,5.32,2.78,0.154,0.42,0.0010,3.9
2,2011,4,341.0,0.59,0.13,0.15,0.51,-3.000,0.005,5.28,2.54,0.100,0.28,0.0010,3.3
2,2011,5,126.4,0.59,0.12,0.08,0.63,-3.000,0.005,5.41,2.79,0.010,0.27,0.0010,4.3
2,2011,6,24.3,0.64,0.13,0.03,0.72,-3.000,0.005,5.50,2.97,0.010,0.24,0.0010,5.5
2,2011,7,1.3,0.64,0.13,0.03,0.73,-3.000,0.005,5.50,2.93,0.010,0.22,0.0010,6.0
2,2011,8,118.9,0.59,0.11,0.04,0.45,-3.000,0.005,5.20,2.45,0.010,0.18,0.0010,4.6
2,2011,9,84.0,0.60,0.11,0.02,0.55,-3.000,0.005,5.33,2.61,0.010,0.20,0.0020,5.3
2,2011,10,150.2,0.60,0.12,0.05,0.58,-3.000,0.005,5.38,2.63,0.010,0.25,0.0010,5.3
2,2011,11,77.1,0.63,0.13,0.05,0.71,-3.000,0.005,5.50,2.85,0.010,0.38,0.0010,5.2
2,2011,12,123.0,0.64,0.13,0.05,0.70,0.008,0.005,5.47,2.80,0.010,0.40,0.0010,4.9
2,2012,1,71.7,0.64,0.13,0.05,0.69,0.055,0.005,5.50,2.87,0.038,0.36,0.0010,4.7
2,2012,2,27.0,0.64,0.14,0.05,0.72,0.052,0.005,5.54,2.98,0.034,0.35,0.0010,4.7
2,2012,3,144.2,0.61,0.13,0.08,0.68,0.052,0.005,5.48,2.74,0.238,0.33,0.0010,4.2
2,2012,4,79.6,0.62,0.14,0.12,0.71,0.053,0.005,5.47,2.72,0.158,0.32,0.0010,4.2
2,2012,5,201.9,0.60,0.13,0.08,0.74,0.037,0.005,5.57,2.86,0.010,0.28,0.0010,4.5
2,2012,6,95.2,0.60,0.12,0.04,0.68,0.041,0.005,5.58,2.61,0.010,0.17,0.0010,4.8
2,2012,7,1.9,0.58,0.12,0.02,0.76,0.035,0.005,5.53,2.65,0.010,0.24,0.0010,6.0
2,2012,8,53.0,0.56,0.11,0.02,0.67,0.041,0.005,5.49,2.45,0.010,0.20,0.0010,5.6
2,2012,9,63.9,0.60,0.11,0.02,0.69,0.041,0.005,5.55,2.64,0.010,0.26,0.0010,5.9
2,2012,10,142.1,0.61,0.13,0.08,0.71,0.038,0.005,5.54,2.75,0.010,0.36,0.0010,5.3
2,2012,11,49.4,0.63,0.13,0.06,0.76,0.044,0.005,5.53,2.81,0.013,0.48,0.0010,5.5
2,2012,12,104.8,0.64,0.13,0.05,0.74,0.048,0.005,5.53,2.73,0.037,0.50,0.0010,4.6
2,2013,1,86.9,0.64,0.10,0.05,0.78,-3.000,0.005,5.52,2.86,0.139,0.45,-3.0000,-3.0
2,2013,2,36.6,0.66,0.10,0.06,0.79,-3.000,0.005,5.54,2.91,0.164,0.44,-3.0000,-3.0
2,2013,3,105.7,0.65,0.20,0.07,0.78,-3.000,0.005,5.56,2.85,0.180,0.43,-3.0000,-3.0
2,2013,4,139.2,0.57,0.10,0.08,0.71,-3.000,0.005,5.52,2.67,0.096,0.39,-3.0000,-3.0
2,2013,5,75.1,0.59,0.10,0.05,0.82,-3.000,0.005,5.60,2.87,0.010,0.37,-3.0000,-3.0
2,2013,6,79.6,0.60,0.10,0.05,0.76,-3.000,0.003,5.61,2.78,0.010,0.35,-3.0000,-3.0
2,2013,7,87.2,0.60,0.10,0.04,0.83,-3.000,0.006,5.64,2.65,0.010,0.30,-3.0000,-3.0
2,2013,8,14.8,0.61,0.10,0.02,0.88,-3.000,0.004,5.69,2.66,0.010,0.29,-3.0000,-3.0
2,2013,9,15.8,0.62,0.10,0.03,0.87,-3.000,0.005,5.74,2.63,0.010,0.31,-3.0000,-3.0
2,2013,10,13.8,0.60,0.20,0.24,0.98,-3.000,0.004,5.75,2.92,0.010,0.42,-3.0000,-3.0
2,2013,11,111.9,0.60,0.20,0.12,0.81,-3.000,0.002,5.59,2.85,0.179,0.46,-3.0000,-3.0
2,2013,12,64.2,0.59,0.10,0.11,0.95,-3.000,0.006,5.58,2.77,0.219,0.41,-3.0000,-3.0
2,2014,1,106.1,0.63,0.14,0.09,0.70,-3.000,0.003,5.53,2.61,0.515,0.36,-3.0000,-3.0
2,2014,2,17.4,0.68,0.16,0.10,0.86,-3.000,0.006,5.63,3.04,0.214,0.43,-3.0000,-3.0
2,2014,3,27.2,0.65,0.16,0.10,0.85,-3.000,0.004,5.67,3.05,0.285,0.38,-3.0000,-3.0
2,2014,4,313.5,0.56,0.13,0.14,0.72,-3.000,0.004,5.50,2.47,0.339,0.31,-3.0000,-3.0
2,2014,5,111.3,0.59,0.14,0.15,0.78,-3.000,0.003,5.62,2.63,0.022,0.35,-3.0000,-3.0
