ws,year,mo,precip,Ca,Mg,K,Na,Al,NH4,pH,SO4,NO3,Cl,PO4,SiO2
3,1963,6,65.0,0.30,0.07,0.10,0.07,-3.000,-3.000,-3.00,-3.00,-3.000,-3.00,-3.0000,-3.0
3,1963,7,74.1,0.29,0.06,0.11,0.07,-3.000,-3.000,-3.00,-3.00,-3.000,-3.00,-3.0000,-3.0
3,1963,8,149.8,0.19,0.04,0.08,0.04,-3.000,-3.000,-3.00,-3.00,-3.000,-3.00,-3.0000,-3.0
3,1963,9,39.4,0.20,0.08,0.51,0.09,-3.000,-3.000,-3.00,-3.00,-3.000,-3.00,-3.0000,-3.0
3,1963,10,30.5,0.60,0.13,0.89,0.08,-3.000,-3.000,-3.00,-3.00,-3.000,-3.00,-3.0000,-3.0
3,1963,11,204.8,0.17,0.08,0.39,0.14,-3.000,-3.000,-3.00,-3.00,-3.000,-3.00,-3.0000,-3.0
3,1963,12,71.6,0.12,0.02,0.40,0.09,-3.000,-3.000,-3.00,-3.00,-3.000,-3.00,-3.0000,-3.0
3,1964,1,120.4,0.08,0.02,0.03,0.13,-3.000,-3.000,-3.00,-3.00,-3.000,-3.00,-3.0000,-3.0
3,1964,2,43.4,0.12,0.03,0.06,0.08,-3.000,-3.000,-3.00,-3.00,-3.000,-3.00,-3.0000,-3.0
3,1964,3,144.0,0.22,0.05,0.05,0.08,-3.000,-3.000,-3.00,-3.00,-3.000,-3.00,-3.0000,-3.0
3,1964,4,113.6,0.53,0.09,0.06,0.09,-3.000,-3.000,-3.00,-3.00,-3.000,-3.00,-3.0000,-3.0
3,1964,5,98.2,0.49,0.09,0.22,0.07,-3.000,-3.000,-3.00,-3.00,-3.000,0.52,-3.0000,-3.0
3,1964,6,60.3,0.58,0.10,0.27,0.06,-3.000,0.300,4.25,4.20,0.770,0.38,-3.0000,-3.0
3,1964,7,118.4,0.29,0.04,0.21,0.07,-3.000,0.104,3.88,6.64,1.161,0.45,-3.0000,-3.0
3,1964,8,149.5,0.23,0.02,0.12,0.05,-3.000,0.133,4.38,2.10,0.133,0.14,-3.0000,-3.0
3,1964,9,35.9,0.60,0.38,0.22,0.21,-3.000,0.395,3.25,5.69,1.438,6.29,-3.0000,-3.0
3,1964,10,49.8,1.05,0.54,0.36,1.38,-3.000,0.100,4.07,1.47,0.032,12.83,-3.0000,-3.0
3,1964,11,113.6,0.28,0.30,0.15,0.50,-3.000,0.054,4.21,2.30,0.389,4.26,-3.0000,-3.0
3,1964,12,115.2,0.15,0.05,0.03,0.06,-3.000,0.079,4.49,1.85,0.900,0.17,-3.0000,-3.0
3,1965,1,61.0,0.11,0.03,0.03,0.13,-3.000,0.837,4.64,1.88,0.534,0.41,-3.0000,-3.0
3,1965,2,99.8,0.17,0.04,0.05,0.19,-3.000,0.098,4.41,1.69,0.336,0.64,-3.0000,-3.0
3,1965,3,27.8,0.44,0.10,0.15,0.29,-3.000,0.121,4.22,2.89,1.116,0.93,-3.0000,-3.0
3,1965,4,82.0,0.20,0.03,0.11,0.09,-3.000,0.545,4.22,3.82,1.503,0.51,-3.0000,-3.0
3,1965,5,24.4,0.65,0.30,0.23,0.46,-3.000,0.070,4.28,4.85,1.168,10.96,-3.0000,-3.0
3,1965,6,108.1,0.16,0.10,0.05,0.10,-3.000,0.042,4.13,3.96,0.369,4.93,-3.0000,-3.0
3,1965,7,90.6,0.16,0.21,0.07,0.20,-3.000,0.304,4.20,4.16,0.206,7.48,-3.0000,-3.0
3,1965,8,88.8,0.13,0.03,0.03,0.27,-3.000,0.134,4.08,4.30,1.118,0.97,-3.0000,-3.0
3,1965,9,194.9,0.12,0.02,0.02,0.12,-3.000,0.088,4.15,3.35,0.888,1.04,-3.0000,-3.0
3,1965,10,123.3,0.23,0.04,0.05,0.10,-3.000,0.168,4.27,2.67,1.251,1.81,-3.0000,-3.0
3,1965,11,147.5,0.21,0.03,0.06,0.07,-3.000,0.266,4.19,3.17,1.795,0.56,-3.0000,-3.0
3,1965,12,72.4,0.10,0.03,0.08,0.12,-3.000,0.365,4.11,3.43,2.659,0.47,-3.0000,-3.0
3,1966,1,62.6,0.14,0.02,0.05,0.12,-3.000,0.122,4.19,1.57,1.967,0.44,-3.0000,-3.0
3,1966,2,60.2,0.05,0.01,0.02,0.08,-3.000,0.145,4.33,1.54,0.668,0.19,-3.0000,-3.0
3,1966,3,114.9,0.15,0.03,0.03,0.14,-3.000,0.202,4.29,2.23,1.403,0.33,-3.0000,-3.0
3,1966,4,66.1,0.20,0.02,0.04,0.09,-3.000,0.544,3.98,4.51,3.130,0.32,-3.0000,-3.0
3,1966,5,91.3,0.88,0.05,0.06,0.47,-3.000,0.345,4.03,5.23,2.369,0.95,-3.0000,-3.0
3,1966,6,105.8,0.13,0.03,0.07,0.10,-3.000,0.178,4.13,3.95,1.417,0.35,-3.0000,-3.0
3,1966,7,96.9,0.30,0.05,0.06,0.11,-3.000,0.144,3.87,6.05,2.123,1.67,-3.0000,-3.0
3,1966,8,193.4,0.14,0.02,0.01,0.05,-3.000,0.133,4.07,3.58,1.067,0.86,-3.0000,-3.0
3,1966,9,116.1,0.17,0.03,0.02,0.07,-3.000,0.118,4.24,2.73,0.997,1.20,-3.0000,-3.0
3,1966,10,82.4,0.31,0.03,0.02,0.10,-3.000,0.123,3.98,2.63,0.987,4.47,-3.0000,-3.0
3,1966,11,134.1,0.14,0.03,0.04,0.16,-3.000,0.180,4.00,2.40,1.489,2.93,-3.0000,-3.0
3,1966,12,99.4,0.04,0.01,0.02,0.07,-3.000,0.030,4.31,1.02,0.792,0.87,-3.0000,-3.0
3,1967,1,57.2,0.14,0.04,0.08,0.20,-3.000,0.265,4.07,3.14,2.559,0.60,-3.0000,-3.0
3,1967,2,99.1,0.06,0.02,0.10,0.11,-3.000,0.124,4.43,1.61,1.486,0.42,-3.0000,-3.0
3,1967,3,52.8,0.26,0.04,0.05,0.09,-3.000,0.307,4.08,3.77,2.102,0.61,-3.0000,-3.0
3,1967,4,132.5,0.09,0.02,0.03,0.05,-3.000,0.195,4.15,2.75,1.462,0.59,-3.0000,-3.0
3,1967,5,108.4,0.15,0.04,0.07,0.06,-3.000,0.374,4.11,3.51,1.841,1.12,-3.0000,-3.0
3,1967,6,79.4,0.16,0.03,0.07,0.04,-3.000,0.424,4.03,5.40,1.553,0.75,-3.0000,-3.0
3,1967,7,111.8,0.12,0.04,0.03,0.36,-3.000,0.299,3.87,4.95,1.979,0.55,-3.0000,-3.0
3,1967,8,136.9,0.26,0.05,0.07,0.04,-3.000,0.170,4.02,3.98,1.322,0.25,-3.0000,-3.0
3,1967,9,134.9,0.05,0.02,0.03,0.06,-3.000,0.141,4.29,2.24,0.789,0.22,-3.0000,-3.0
3,1967,10,121.4,0.09,0.06,0.14,0.22,-3.000,0.266,4.25,2.79,1.649,0.59,-3.0000,-3.0
3,1967,11,112.7,0.15,0.15,0.04,0.15,-3.000,0.214,4.34,1.78,1.873,0.33,-3.0000,-3.0
3,1967,12,149.7,0.06,0.02,0.01,0.12,-3.000,0.091,4.39,1.87,1.499,0.30,-3.0000,-3.0
3,1968,1,72.7,0.11,0.02,0.05,0.10,-3.000,0.301,4.04,3.31,2.862,0.30,-3.0000,-3.0
3,1968,2,61.7,0.25,0.15,0.07,0.30,-3.000,0.065,4.21,1.92,2.251,0.33,-3.0000,-3.0
3,1968,3,96.8,0.24,0.07,0.04,0.33,-3.000,0.109,4.22,2.53,1.421,0.36,-3.0000,-3.0
3,1968,4,113.3,0.77,0.16,0.20,0.22,-3.000,0.245,4.32,2.58,1.150,0.38,-3.0000,-3.0
3,1968,5,202.3,0.08,0.02,0.07,0.04,-3.000,0.232,4.01,3.99,1.676,0.29,-3.0000,-3.0
3,1968,6,162.0,0.12,0.03,0.06,0.03,-3.000,0.275,4.05,3.80,1.229,0.66,-3.0000,-3.0
3,1968,7,61.7,0.19,0.04,0.08,0.05,-3.000,0.390,3.92,5.55,1.590,0.47,-3.0000,-3.0
3,1968,8,56.5,0.11,0.05,0.03,0.08,-3.000,0.588,3.94,4.19,1.761,1.10,-3.0000,-3.0
3,1968,9,67.0,0.12,0.07,0.04,0.20,-3.000,0.309,4.01,3.02,0.941,0.49,-3.0000,-3.0
3,1968,10,75.3,0.06,0.08,0.18,0.41,-3.000,0.125,4.29,1.33,0.474,1.03,-3.0000,-3.0
3,1968,11,127.8,0.10,0.02,0.04,0.03,-3.000,0.159,4.40,1.52,1.063,0.19,-3.0000,-3.0
3,1968,12,188.1,0.04,0.01,0.01,0.02,-3.000,0.133,4.41,1.12,0.979,0.14,-3.0000,-3.0
3,1969,1,72.2,0.08,0.02,0.04,0.15,-3.000,0.190,4.31,1.80,1.411,0.31,-3.0000,-3.0
3,1969,2,179.3,0.04,0.03,0.01,0.03,-3.000,0.160,4.69,0.75,0.421,0.10,-3.0000,-3.0
3,1969,3,82.4,0.23,0.04,0.06,0.12,-3.000,0.349,3.93,4.09,2.383,0.44,-3.0000,-3.0
3,1969,4,88.0,0.21,0.03,0.05,0.12,-3.000,0.296,3.96,3.76,2.100,0.47,-3.0000,-3.0
3,1969,5,110.4,0.32,0.04,0.10,0.27,-3.000,0.353,4.04,3.50,1.528,0.49,-3.0000,-3.0
3,1969,6,90.0,0.24,0.06,0.15,0.12,-3.000,0.489,4.09,3.28,1.263,0.33,-3.0000,-3.0
3,1969,7,187.5,0.11,0.02,0.03,0.06,-3.000,0.232,4.01,3.28,1.289,0.23,-3.0000,-3.0
3,1969,8,152.2,0.10,0.02,0.02,0.02,-3.000,0.327,4.16,2.00,0.596,0.67,-3.0000,-3.0
3,1969,9,44.7,0.13,0.02,0.12,0.04,-3.000,0.347,4.14,3.28,0.975,0.33,-3.0000,-3.0
3,1969,10,63.2,0.17,0.02,0.11,0.06,-3.000,0.240,4.16,2.70,0.785,0.52,-3.0000,-3.0
3,1969,11,139.2,0.08,0.05,0.06,0.33,-3.000,0.159,4.17,2.25,0.643,0.65,-3.0000,-3.0
3,1969,12,194.4,0.19,0.02,0.02,0.19,-3.000,0.127,4.16,1.22,2.417,0.24,-3.0000,-3.0
3,1970,1,26.2,0.12,0.03,0.04,0.18,-3.000,0.210,4.13,2.16,2.209,0.24,-3.0000,-3.0
3,1970,2,99.1,0.18,0.04,0.04,0.19,-3.000,0.190,4.21,1.83,1.967,0.29,-3.0000,-3.0
3,1970,3,105.6,0.07,0.02,0.02,0.06,-3.000,0.186,4.16,1.97,1.596,0.12,-3.0000,-3.0
3,1970,4,99.5,0.26,0.04,0.04,0.08,-3.000,0.288,4.18,2.54,1.618,0.13,-3.0000,-3.0
3,1970,5,92.5,0.35,0.07,0.20,0.15,-3.000,0.227,4.18,2.47,0.893,0.39,-3.0000,-3.0
3,1970,6,96.1,0.10,0.02,0.04,0.03,-3.000,0.669,3.95,3.90,1.209,0.28,-3.0000,-3.0
3,1970,7,61.9,0.27,0.07,0.26,0.08,-3.000,0.563,3.88,5.59,2.621,0.14,-3.0000,-3.0
3,1970,8,155.0,0.19,0.05,0.22,0.06,-3.000,0.510,3.96,4.18,2.068,0.15,-3.0000,-3.0
3,1970,9,139.4,0.05,0.01,0.08,0.03,-3.000,0.284,3.93,3.35,1.648,0.30,-3.0000,-3.0
3,1970,10,100.0,0.07,0.03,0.04,0.18,-3.000,0.506,3.70,3.88,3.234,0.91,-3.0000,-3.0
3,1970,11,90.8,0.08,0.04,0.05,0.31,-3.000,0.208,4.27,2.04,1.165,0.48,-3.0000,-3.0
3,1970,12,135.4,0.11,0.02,0.10,0.07,-3.000,0.119,4.28,1.54,1.291,0.58,-3.0000,-3.0
3,1971,1,72.9,0.11,0.02,0.06,0.07,-3.000,0.065,4.26,1.47,2.497,0.32,-3.0000,-3.0
3,1971,2,119.2,0.11,0.03,0.02,0.14,-3.000,0.345,4.39,1.68,1.473,0.30,-3.0000,-3.0
3,1971,3,95.1,0.13,0.03,0.03,0.06,-3.000,0.086,4.36,0.96,1.546,0.26,-3.0000,-3.0
3,1971,4,50.2,0.63,0.30,0.09,0.26,-3.000,0.449,3.91,4.81,3.077,0.42,-3.0000,-3.0
3,1971,5,109.6,0.20,0.04,0.10,0.09,-3.000,0.478,3.84,5.73,2.597,0.61,-3.0000,-3.0
3,1971,6,68.3,0.14,0.02,0.05,0.02,-3.000,0.418,3.97,4.92,1.657,0.34,-3.0000,-3.0
3,1971,7,143.0,0.10,0.02,0.02,0.05,-3.000,0.307,4.14,3.75,1.255,0.22,-3.0000,-3.0
3,1971,8,113.8,0.04,0.02,0.01,0.12,-3.000,0.070,4.74,0.90,0.230,0.25,-3.0000,-3.0
3,1971,9,77.1,0.04,0.02,0.02,0.10,-3.000,0.293,4.05,2.38,1.333,0.97,-3.0000,-3.0
3,1971,10,103.1,0.13,0.06,0.04,0.31,-3.000,0.100,4.03,2.40,1.790,1.10,0.0100,-3.0
3,1971,11,101.3,0.08,0.03,0.01,0.13,-3.000,0.092,4.11,2.65,2.270,0.40,0.0040,-3.0
3,1971,12,119.8,0.07,0.02,0.02,0.06,-3.000,0.138,4.28,1.98,1.899,0.27,0.0030,-3.0
3,1972,1,69.1,0.10,0.02,0.03,0.14,-3.000,0.166,4.22,2.30,2.076,0.34,0.0120,-3.0
3,1972,2,81.0,0.13,0.03,0.02,0.17,-3.000,0.171,4.21,1.37,2.484,0.35,0.0150,-3.0
3,1972,3,168.9,0.05,0.06,0.02,0.07,-3.000,0.181,4.27,2.14,1.611,0.18,0.0130,-3.0
3,1972,4,88.2,0.23,0.03,0.03,0.06,-3.000,0.483,4.01,4.23,2.520,0.20,0.0120,-3.0
3,1972,5,88.2,0.14,0.04,0.06,0.09,-3.000,0.428,3.96,3.48,2.303,0.40,0.0100,-3.0
3,1972,6,120.4,0.13,0.04,0.10,0.16,-3.000,0.245,4.03,2.92,1.400,0.79,0.0400,-3.0
3,1972,7,158.3,0.07,0.01,0.03,0.02,-3.000,0.256,4.04,3.50,1.406,0.17,0.0140,-3.0
3,1972,8,159.2,0.07,0.02,0.02,0.06,-3.000,0.276,3.98,4.17,1.981,0.23,0.0220,-3.0
3,1972,9,49.2,0.09,0.02,0.05,0.09,-3.000,0.346,3.95,4.63,2.354,0.80,0.0210,-3.0
3,1972,10,94.9,0.09,0.04,0.07,0.21,-3.000,0.162,4.22,2.28,1.709,0.63,0.0120,-3.0
3,1972,11,165.1,0.04,0.03,0.02,0.06,-3.000,0.068,4.30,1.82,1.197,0.24,0.0040,-3.0
3,1972,12,181.5,0.09,0.10,0.03,0.08,-3.000,0.046,4.31,2.13,1.284,0.22,0.0050,-3.0
3,1973,1,128.3,0.07,0.02,0.02,0.17,-3.000,0.107,4.41,1.68,1.245,0.31,0.0080,-3.0
3,1973,2,88.1,0.03,0.01,0.02,0.07,-3.000,0.047,4.21,1.17,0.979,1.01,0.0010,-3.0
3,1973,3,93.1,0.12,0.03,0.03,0.13,-3.000,0.101,4.22,2.25,1.356,0.86,0.0040,-3.0
3,1973,4,102.3,0.05,0.03,0.03,0.17,-3.000,0.069,4.32,1.71,1.349,0.29,0.0220,-3.0
3,1973,5,164.2,0.05,0.01,0.04,0.03,-3.000,0.134,4.19,2.41,1.514,0.43,0.0050,-3.0
3,1973,6,354.3,0.05,0.01,0.03,0.08,-3.000,0.163,4.18,3.42,1.551,0.18,0.0060,-3.0
3,1973,7,84.9,0.21,0.04,0.05,0.03,-3.000,0.434,4.05,4.56,1.911,0.24,0.0060,-3.0
3,1973,8,115.2,0.07,0.01,0.03,0.03,-3.000,0.203,4.11,3.87,1.381,0.27,0.0040,-3.0
3,1973,9,148.8,0.07,0.02,0.03,0.05,-3.000,0.256,3.97,5.00,2.119,0.23,0.0040,-3.0
3,1973,10,94.0,0.26,0.05,0.26,0.07,-3.000,0.440,4.17,3.10,2.587,0.43,0.0170,-3.0
3,1973,11,132.4,0.17,0.03,0.04,0.10,-3.000,0.349,4.09,3.24,3.030,0.21,0.0080,-3.0
3,1973,12,287.2,0.05,0.01,0.02,0.10,-3.000,0.054,4.63,0.88,0.687,0.22,0.0060,-3.0
3,1974,1,114.5,0.07,0.01,0.03,0.06,-3.000,0.144,4.31,1.92,1.692,0.23,0.0050,-3.0
3,1974,2,87.6,0.09,0.01,0.01,0.08,-3.000,0.089,4.38,1.64,1.321,0.20,0.0020,-3.0
3,1974,3,122.5,0.15,0.03,0.03,0.12,-3.000,0.140,4.37,1.90,1.817,0.24,0.0020,-3.0
3,1974,4,128.4,0.19,0.03,0.04,0.08,-3.000,0.220,4.14,2.65,1.721,0.29,0.0050,-3.0
3,1974,5,161.7,0.12,0.03,0.05,0.05,-3.000,0.272,4.09,3.44,1.492,0.25,0.0220,-3.0
3,1974,6,123.1,0.08,0.02,0.04,0.07,-3.000,0.125,4.16,2.55,1.124,0.29,0.0060,-3.0
3,1974,7,101.8,0.15,0.03,0.07,0.04,-3.000,0.322,4.02,4.49,1.598,0.19,0.0170,-3.0
3,1974,8,129.6,0.04,0.01,0.03,0.02,-3.000,0.151,4.07,3.96,1.164,0.13,0.0130,-3.0
3,1974,9,167.2,0.03,0.02,0.03,0.05,-3.000,0.131,4.16,2.86,1.125,0.41,0.0030,-3.0
3,1974,10,46.9,0.36,0.06,0.73,0.12,-3.000,0.598,3.88,6.64,3.000,0.72,0.0090,-3.0
3,1974,11,117.8,0.01,0.01,0.07,0.05,-3.000,0.114,4.33,1.57,1.240,0.25,0.0040,-3.0
3,1974,12,107.8,0.03,0.05,0.03,0.35,-3.000,0.105,4.30,1.99,1.727,0.63,0.0040,-3.0
3,1975,1,116.6,0.05,0.02,0.02,0.09,-3.000,0.075,4.42,1.40,1.592,0.25,0.0060,-3.0
3,1975,2,81.3,0.06,0.01,0.02,0.05,-3.000,0.102,4.33,1.59,1.830,0.21,0.0050,-3.0
3,1975,3,143.3,0.11,0.07,0.03,0.49,-3.000,0.165,4.25,2.57,2.005,0.87,0.0030,-3.0
3,1975,4,69.1,0.22,0.03,0.04,0.08,-3.000,0.458,4.16,3.75,2.378,0.32,0.0050,-3.0
3,1975,5,37.5,0.31,0.05,0.11,0.05,-3.000,0.505,3.77,5.20,3.701,0.63,0.0430,-3.0
3,1975,6,167.3,0.04,0.01,0.03,0.03,-3.000,0.131,4.15,2.63,1.383,0.19,0.0050,-3.0
3,1975,7,180.5,0.02,0.01,0.01,0.03,-3.000,0.117,4.17,2.54,1.344,0.14,0.0030,-3.0
3,1975,8,95.4,0.11,0.02,0.02,0.03,-3.000,0.166,3.97,4.10,1.727,0.21,0.0080,-3.0
3,1975,9,167.1,0.07,0.01,0.01,0.03,-3.000,0.097,4.23,2.39,0.946,0.16,0.0030,-3.0
3,1975,10,142.3,0.12,0.01,0.01,0.02,-3.000,0.012,4.81,0.78,0.181,0.10,0.0030,-3.0
3,1975,11,134.3,0.03,0.01,0.01,0.04,-3.000,0.088,4.30,1.37,1.383,0.20,0.0060,-3.0
3,1975,12,113.9,0.02,0.01,0.01,0.05,-3.000,0.059,4.51,1.12,0.920,0.23,0.0030,-3.0
3,1976,1,146.2,0.01,0.02,0.02,0.15,-3.000,0.107,4.17,2.07,2.210,0.39,0.0110,-3.0
3,1976,2,123.4,0.06,0.02,0.02,0.08,-3.000,0.137,4.34,1.82,1.590,0.17,0.0070,-3.0
3,1976,3,109.5,0.28,0.04,0.03,0.16,-3.000,0.267,4.13,2.91,3.120,0.39,0.0030,-3.0
3,1976,4,90.5,0.05,0.02,0.05,0.03,-3.000,0.190,4.31,2.95,0.854,0.13,0.0090,-3.0
3,1976,5,187.4,0.07,0.03,0.10,0.05,-3.000,0.259,4.21,3.14,1.339,0.17,0.0340,-3.0
3,1976,6,112.4,0.07,0.02,0.02,0.06,-3.000,0.132,4.18,3.07,1.334,0.22,0.0060,-3.0
3,1976,7,107.0,0.08,0.02,0.04,0.03,-3.000,0.173,4.12,3.45,1.353,0.30,0.0140,-3.0
3,1976,8,136.4,0.05,0.02,0.03,0.07,-3.000,0.164,4.16,2.89,1.211,0.19,0.0110,-3.0
3,1976,9,133.2,0.06,0.03,0.03,0.10,-3.000,0.208,4.08,3.69,1.966,0.22,0.0070,-3.0
3,1976,10,204.0,0.02,0.01,0.05,0.02,-3.000,0.094,4.40,1.69,1.125,0.13,0.0050,-3.0
3,1976,11,60.7,0.11,0.02,0.03,0.08,-3.000,0.279,4.08,2.60,2.774,0.58,0.0170,-3.0
3,1976,12,105.3,0.16,0.03,0.02,0.13,-3.000,0.133,4.24,1.30,2.497,0.54,0.0200,-3.0
3,1977,1,76.6,0.03,0.01,0.02,0.05,-3.000,0.112,4.33,1.11,2.178,0.60,0.0060,-3.0
3,1977,2,73.7,0.06,0.01,0.02,0.10,-3.000,0.390,4.12,2.09,2.936,0.74,0.0080,-3.0
3,1977,3,166.4,0.08,0.01,0.01,0.05,-3.000,0.098,4.50,1.18,0.906,0.42,0.0080,-3.0
3,1977,4,108.6,0.25,0.05,0.03,0.07,-3.000,0.211,4.25,2.32,2.749,0.23,0.0110,-3.0
3,1977,5,39.5,0.33,0.07,0.11,0.05,-3.000,0.248,4.06,4.52,2.595,0.37,0.0150,-3.0
3,1977,6,123.0,0.13,0.04,0.12,0.03,-3.000,0.206,4.00,4.49,2.059,0.26,0.0140,-3.0
3,1977,7,69.6,0.06,0.02,0.02,0.02,-3.000,0.199,3.90,4.74,2.606,0.25,0.0080,-3.0
3,1977,8,98.8,0.12,0.03,0.03,0.03,-3.000,0.342,3.71,7.54,3.999,0.18,0.0090,-3.0
3,1977,9,197.8,0.04,0.02,0.04,0.06,-3.000,0.095,4.25,2.10,1.207,0.11,0.0090,-3.0
3,1977,10,195.1,0.05,0.02,0.12,0.02,-3.000,0.066,4.41,1.42,0.925,0.27,0.0080,-3.0
3,1977,11,98.9,0.05,0.05,0.04,0.33,-3.000,0.098,4.25,1.85,1.416,0.54,0.0060,-3.0
3,1977,12,140.2,0.03,0.02,0.02,0.03,-3.000,0.056,4.50,1.02,1.044,0.14,0.0060,-3.0
3,1978,1,229.8,0.03,0.02,0.01,0.10,-3.000,0.023,4.64,0.87,0.598,0.29,0.0050,-3.0
3,1978,2,27.3,0.07,0.02,0.01,0.08,-3.000,0.036,4.39,0.97,1.066,0.43,0.0070,-3.0
3,1978,3,71.3,0.17,0.05,0.02,0.24,-3.000,0.106,4.07,3.04,2.698,0.61,0.0120,-3.0
3,1978,4,75.3,0.21,0.05,0.02,0.19,-3.000,0.484,3.88,4.50,3.480,0.66,0.0150,-3.0
3,1978,5,104.4,0.09,0.02,0.02,0.03,-3.000,0.239,4.11,3.11,1.655,0.17,0.0080,-3.0
3,1978,6,141.7,0.09,0.02,0.03,0.02,-3.000,0.237,4.06,3.92,1.689,0.12,0.0140,-3.0
3,1978,7,52.1,0.12,0.03,0.05,0.01,-3.000,0.233,3.95,4.70,1.918,0.18,0.0150,-3.0
3,1978,8,87.8,0.12,0.02,0.04,0.01,-3.000,0.231,3.99,4.38,1.550,0.15,0.0210,-3.0
3,1978,9,34.4,0.04,0.02,0.03,0.06,-3.000,0.560,3.94,4.77,2.072,0.31,0.0080,-3.0
3,1978,10,93.2,0.07,0.03,0.34,0.19,-3.000,0.161,4.11,2.42,2.091,0.40,0.0090,-3.0
3,1978,11,63.4,0.02,0.02,0.01,0.05,-3.000,0.071,4.36,1.41,1.085,0.22,0.0090,-3.0
3,1978,12,105.0,0.04,0.02,0.01,0.04,-3.000,0.065,4.37,1.09,1.938,0.26,0.0100,-3.0
3,1979,1,225.9,0.01,0.01,0.01,0.02,-3.000,0.028,4.50,0.61,1.130,0.13,0.0090,-3.0
3,1979,2,56.4,0.04,0.03,0.02,0.12,-3.000,0.106,4.13,2.69,1.460,0.23,0.0370,-3.0
3,1979,3,141.6,0.07,0.08,0.02,0.55,-3.000,0.226,4.04,3.09,2.209,1.08,0.0250,-3.0
3,1979,4,129.1,0.09,0.03,0.02,0.11,-3.000,0.204,4.18,2.74,1.620,0.37,0.0300,-3.0
3,1979,5,155.3,0.04,0.01,0.03,0.07,-3.000,0.230,4.18,2.68,1.958,0.15,0.0120,-3.0
3,1979,6,52.6,0.11,0.04,0.10,0.07,-3.000,0.100,4.12,3.12,1.823,0.17,0.0300,-3.0
3,1979,7,71.6,0.03,0.01,0.03,0.04,-3.000,0.121,4.04,2.69,1.441,0.19,0.0120,-3.0
3,1979,8,131.3,0.05,0.02,0.04,0.03,-3.000,0.183,4.11,3.10,1.515,0.14,0.0110,-3.0
3,1979,9,124.4,0.09,0.03,0.04,0.08,-3.000,0.060,4.36,1.42,0.806,0.26,0.0130,-3.0
3,1979,10,147.0,0.09,0.04,0.22,0.06,-3.000,0.121,4.36,1.89,1.264,0.24,0.0140,-3.0
3,1979,11,118.0,0.07,0.03,0.12,0.20,-3.000,0.273,4.09,2.77,2.799,0.43,0.0130,-3.0
3,1979,12,79.5,0.05,0.02,0.05,0.08,-3.000,0.140,4.30,1.92,1.531,0.19,0.0500,-3.0
3,1980,1,53.7,0.13,0.06,0.04,0.46,-3.000,0.114,4.34,1.30,2.025,0.80,0.0120,-3.0
3,1980,2,37.7,0.10,0.02,0.03,0.10,-3.000,0.069,4.25,1.26,2.672,0.32,0.0170,-3.0
3,1980,3,135.4,0.07,0.02,0.02,0.06,-3.000,0.159,4.34,1.48,1.584,0.18,0.0080,-3.0
3,1980,4,129.2,0.20,0.05,0.04,0.20,-3.000,0.309,4.20,2.91,1.878,0.32,0.0160,-3.0
3,1980,5,58.0,0.20,0.05,0.10,0.05,-3.000,0.402,4.20,3.08,1.798,0.18,0.0460,-3.0
3,1980,6,76.6,0.08,0.02,0.05,0.05,-3.000,0.212,4.11,2.86,1.503,0.17,0.0190,-3.0
3,1980,7,88.4,0.09,0.02,0.02,0.03,-3.000,0.213,4.09,3.51,1.661,0.18,0.0190,-3.0
3,1980,8,85.0,0.08,0.01,0.02,0.06,-3.000,0.297,4.01,4.42,2.049,0.19,0.0110,-3.0
3,1980,9,132.4,0.09,0.04,0.03,0.10,-3.000,0.296,4.03,3.91,2.145,0.18,0.0070,-3.0
3,1980,10,112.0,0.11,0.03,0.12,0.21,-3.000,0.139,4.29,1.89,1.511,0.40,0.0070,-3.0
3,1980,11,126.2,0.11,0.02,0.03,0.02,-3.000,0.174,4.41,1.13,1.804,0.10,0.0100,-3.0
3,1980,12,66.5,0.10,0.01,0.03,0.15,-3.000,0.187,4.26,1.31,2.644,0.31,0.0160,-3.0
3,1981,1,24.3,0.10,0.01,0.02,0.10,-3.000,0.084,4.06,1.02,4.647,0.53,0.0160,-3.0
3,1981,2,258.5,0.04,0.05,0.03,0.37,-3.000,0.083,4.61,0.99,0.621,0.63,0.0140,-3.0
3,1981,3,42.5,0.21,0.04,0.03,0.19,-3.000,0.251,4.16,2.00,3.486,0.30,0.0200,-3.0
3,1981,4,120.0,0.15,0.03,0.04,0.07,-3.000,0.350,4.15,3.13,1.859,0.15,0.0230,-3.0
3,1981,5,128.2,0.13,0.07,0.24,0.21,-3.000,0.286,4.25,3.11,1.403,0.35,0.2730,-3.0
3,1981,6,166.6,0.07,0.01,0.05,0.02,-3.000,0.352,4.06,4.09,1.739,0.11,0.0170,-3.0
3,1981,7,234.2,0.07,0.02,0.03,0.03,-3.000,0.140,4.31,2.27,1.132,0.10,0.0220,-3.0
3,1981,8,139.4,0.04,0.01,0.05,0.01,-3.000,0.262,4.16,3.49,0.997,0.07,0.0220,-3.0
3,1981,9,149.8,0.07,0.02,0.05,0.04,-3.000,0.339,4.18,3.11,1.522,0.11,0.0190,-3.0
3,1981,10,197.2,0.02,0.01,0.04,0.04,-3.000,0.100,4.43,1.36,1.020,0.10,0.0080,-3.0
3,1981,11,65.4,0.05,0.02,0.05,0.05,-3.000,0.174,4.34,1.81,1.533,0.13,0.0130,-3.0
3,1981,12,138.8,0.02,0.01,0.01,0.02,-3.000,0.039,4.65,0.61,0.955,0.06,0.0090,-3.0
3,1982,1,118.9,0.03,0.01,0.01,0.04,-3.000,0.056,4.59,0.72,1.065,0.11,0.0060,-3.0
3,1982,2,73.8,0.04,0.02,0.01,0.06,-3.000,0.069,4.43,1.19,1.710,0.13,0.0060,-3.0
3,1982,3,111.9,0.10,0.02,0.01,0.09,-3.000,0.157,4.27,2.10,1.797,0.13,0.0070,-3.0
3,1982,4,106.4,0.25,0.05,0.03,0.11,-3.000,0.325,4.22,2.55,2.905,0.20,0.0210,-3.0
3,1982,5,28.9,0.17,0.06,0.34,0.02,-3.000,0.284,4.28,2.72,1.311,0.13,0.8030,-3.0
3,1982,6,157.2,0.05,0.02,0.07,0.04,-3.000,0.175,4.40,1.83,1.139,0.10,0.0120,-3.0
3,1982,7,69.6,0.06,0.02,0.05,0.03,-3.000,0.185,3.93,2.76,1.395,0.12,0.0170,-3.0
3,1982,8,70.4,0.07,0.02,0.05,0.03,-3.000,0.279,4.15,3.07,1.916,0.11,0.0330,-3.0
3,1982,9,109.8,0.03,0.01,0.03,0.02,-3.000,0.228,4.15,3.21,1.264,0.08,0.0150,-3.0
3,1982,10,50.5,0.07,0.12,0.18,0.03,-3.000,0.242,4.13,2.73,1.771,0.11,0.0190,-3.0
3,1982,11,145.6,0.06,0.04,0.05,0.23,-3.000,0.146,4.32,2.07,1.764,0.30,0.0080,-3.0
3,1982,12,71.4,0.07,0.02,0.05,0.08,-3.000,0.166,4.33,1.84,1.501,0.22,0.0270,-3.0
3,1983,1,123.0,0.04,0.02,0.03,0.07,-3.000,0.067,4.73,0.75,0.588,0.13,0.0100,-3.0
3,1983,2,84.2,0.04,0.02,0.02,0.19,-3.000,0.219,4.18,2.89,1.481,0.28,0.0090,-3.0
3,1983,3,139.1,0.04,0.01,0.01,0.07,-3.000,0.067,4.72,0.83,0.532,0.16,0.0060,-3.0
3,1983,4,118.0,0.10,0.03,0.04,0.14,-3.000,0.289,4.25,2.45,1.671,0.20,0.0200,-3.0
3,1983,5,189.4,0.13,0.03,0.06,0.07,-3.000,0.376,4.21,3.15,1.963,0.16,0.0390,-3.0
3,1983,6,33.3,0.15,0.03,0.13,0.01,-3.000,0.241,4.24,2.96,1.569,0.09,0.0360,-3.0
3,1983,7,74.4,0.12,0.03,0.04,0.02,-3.000,0.235,4.23,2.66,1.184,0.13,0.0190,-3.0
3,1983,8,149.5,0.04,0.01,0.02,0.01,-3.000,0.181,4.21,2.55,1.217,0.07,0.0080,-3.0
3,1983,9,46.0,0.08,0.03,0.05,0.13,-3.000,0.145,4.47,1.83,0.789,0.24,0.0130,-3.0
3,1983,10,96.6,0.16,0.04,0.09,0.26,-3.000,0.050,4.55,1.02,0.608,0.35,0.0060,-3.0
3,1983,11,203.4,0.02,0.01,0.02,0.04,-3.000,0.075,4.45,1.16,0.995,0.09,0.0100,-3.0
3,1983,12,194.9,0.05,0.02,0.02,0.08,-3.000,0.031,4.68,0.63,0.652,0.16,0.0040,-3.0
3,1984,1,53.1,0.07,0.01,0.02,0.07,-3.000,0.124,4.26,1.49,2.274,0.18,0.0120,-3.0
3,1984,2,117.5,0.12,0.03,0.03,0.15,-3.000,0.140,4.30,1.76,1.684,0.26,0.0080,-3.0
3,1984,3,121.2,0.09,0.02,0.03,0.05,-3.000,0.025,4.61,0.70,0.710,0.11,0.0090,-3.0
3,1984,4,130.4,0.08,0.03,0.03,0.11,-3.000,0.123,4.39,1.47,0.944,0.21,0.0210,-3.0
3,1984,5,302.1,0.03,0.01,0.09,0.01,-3.000,0.045,4.86,0.49,0.378,0.06,0.0290,-3.0
3,1984,6,176.4,0.07,0.02,0.07,0.04,-3.000,0.260,4.29,2.60,1.238,0.11,0.0160,-3.0
3,1984,7,138.9,0.08,0.02,0.02,0.03,-3.000,0.286,4.05,3.94,1.996,0.12,0.0100,-3.0
3,1984,8,31.4,0.10,0.02,0.04,0.04,-3.000,0.324,3.84,6.15,3.381,0.16,0.0150,-3.0
3,1984,9,38.0,0.12,0.02,0.06,0.08,-3.000,0.256,4.24,2.81,1.585,0.13,0.0190,-3.0
3,1984,10,78.5,0.12,0.03,0.16,0.06,-3.000,0.197,4.29,2.28,1.866,0.12,0.0230,-3.0
3,1984,11,118.0,0.02,0.02,0.03,0.14,-3.000,0.064,4.52,1.02,0.840,0.24,0.0070,-3.0
3,1984,12,98.0,0.03,0.01,0.02,0.06,-3.000,0.061,4.64,0.71,0.825,0.10,0.0080,-3.0
3,1985,1,59.7,0.04,0.02,0.05,0.10,-3.000,0.124,4.18,1.07,3.820,0.23,0.0110,-3.0
3,1985,2,87.8,0.04,0.02,0.04,0.11,-3.000,0.102,4.29,1.78,1.652,0.24,0.0200,-3.0
3,1985,3,92.3,0.08,0.01,0.02,0.05,-3.000,0.153,4.52,1.25,1.199,0.12,0.0150,-3.0
3,1985,4,64.2,0.22,0.05,0.04,0.10,-3.000,0.408,4.24,3.00,2.313,0.23,0.0230,-3.0
3,1985,5,104.1,0.20,0.04,0.05,0.07,-3.000,0.409,4.13,3.82,2.314,0.17,0.0170,-3.0
3,1985,6,117.5,0.10,0.03,0.04,0.04,-3.000,0.263,4.24,2.98,1.533,0.13,0.0150,-3.0
3,1985,7,53.9,0.11,0.03,0.03,0.07,-3.000,0.053,4.31,2.03,0.964,0.15,0.0160,-3.0
3,1985,8,84.4,0.05,0.01,0.02,0.05,-3.000,0.202,4.08,3.65,1.904,0.12,0.0140,-3.0
3,1985,9,145.9,0.03,0.01,0.02,0.04,-3.000,0.026,4.79,0.63,0.385,0.11,0.0090,-3.0
3,1985,10,113.7,0.05,0.01,0.05,0.04,-3.000,0.183,4.17,2.71,1.708,0.12,0.0130,-3.0
3,1985,11,130.7,0.07,0.02,0.01,0.05,-3.000,0.075,4.52,0.88,1.396,0.11,0.0060,-3.0
3,1985,12,83.0,0.06,0.02,0.02,0.11,-3.000,0.180,4.32,1.14,2.513,0.23,0.0160,-3.0
3,1986,1,207.0,0.02,0.02,0.01,0.04,-3.000,0.041,4.76,0.52,0.511,0.10,0.0100,-3.0
3,1986,2,74.9,0.02,0.01,0.01,0.07,-3.000,0.045,4.44,1.14,1.139,0.15,0.0110,-3.0
3,1986,3,125.3,0.09,0.02,0.02,0.06,-3.000,0.213,4.27,2.19,1.816,0.12,0.0150,-3.0
3,1986,4,60.5,0.10,0.03,0.03,0.12,-3.000,0.233,4.15,3.14,2.073,0.24,0.0150,-3.0
3,1986,5,114.0,0.13,0.04,0.07,0.08,-3.000,0.317,4.42,1.95,1.438,0.16,0.0310,-3.0
3,1986,6,85.0,0.16,0.04,0.10,0.02,-3.000,0.245,4.24,2.92,1.473,0.11,0.0290,-3.0
3,1986,7,140.3,0.03,0.01,0.02,0.01,-3.000,0.112,4.29,2.03,1.222,0.06,0.0500,-3.0
3,1986,8,167.5,0.03,0.01,0.01,0.02,-3.000,0.354,4.05,4.14,1.876,0.10,0.0210,-3.0
3,1986,9,97.4,0.04,0.01,0.02,0.05,-3.000,0.183,4.09,3.12,1.847,0.14,0.0160,-3.0
3,1986,10,62.5,0.07,0.02,0.03,0.04,-3.000,0.209,4.23,2.72,1.639,0.08,0.0150,-3.0
3,1986,11,133.0,0.03,0.01,0.01,0.05,-3.000,0.078,4.46,1.04,1.104,0.13,0.0120,-3.0
3,1986,12,104.9,0.01,0.02,0.01,0.09,-3.000,0.070,4.67,0.66,0.626,0.16,0.0080,-3.0
3,1987,1,90.3,0.02,0.01,0.01,0.05,-3.000,0.137,4.42,0.96,1.627,0.12,0.0140,-3.0
3,1987,2,11.4,0.13,0.03,0.02,0.33,-3.000,0.194,4.13,1.12,4.697,0.62,0.0120,-3.0
3,1987,3,164.3,0.03,0.02,0.01,0.08,-3.000,0.037,4.69,0.69,0.519,0.21,0.0110,-3.0
3,1987,4,72.3,0.04,0.02,0.02,0.11,-3.000,0.071,4.69,0.70,0.586,0.27,0.0220,-3.0
3,1987,5,80.9,0.09,0.03,0.07,0.04,-3.000,0.309,4.35,2.51,0.981,0.08,0.0160,-3.0
3,1987,6,193.5,0.10,0.01,0.05,0.04,-3.000,0.224,4.41,1.73,0.940,0.13,0.0210,-3.0
3,1987,7,76.7,0.06,0.02,0.03,0.02,-3.000,0.332,4.13,3.47,1.637,0.11,0.0390,-3.0
3,1987,8,108.7,0.04,0.01,0.02,0.02,-3.000,0.227,4.20,2.75,1.324,0.06,0.0200,-3.0
3,1987,9,154.3,0.04,0.03,0.04,0.17,-3.000,0.060,4.46,1.27,0.805,0.32,0.0180,-3.0
3,1987,10,106.0,0.13,0.04,0.19,0.15,-3.000,0.221,4.19,2.26,2.218,0.31,0.0460,-3.0
3,1987,11,114.8,0.08,0.04,0.05,0.21,-3.000,0.249,4.24,2.00,1.890,0.38,0.0220,-3.0
3,1987,12,61.4,0.07,0.01,0.02,0.07,-3.000,0.203,4.23,1.50,2.522,0.15,0.0280,-3.0
3,1988,1,62.0,0.10,0.02,0.02,0.07,-3.000,0.093,4.51,0.89,1.374,0.29,0.0140,-3.0
3,1988,2,81.3,0.06,0.02,0.01,0.08,-3.000,0.078,4.59,0.75,0.993,0.17,0.0290,-3.0
3,1988,3,47.6,0.19,0.06,0.04,0.25,-3.000,0.411,4.06,2.79,4.208,0.42,0.1010,-3.0
3,1988,4,99.3,0.11,0.03,0.03,0.10,-3.000,0.331,4.15,2.92,2.394,0.22,0.0390,-3.0
3,1988,5,84.7,0.11,0.04,0.19,0.03,-3.000,0.257,4.20,2.41,1.810,0.20,0.0530,-3.0
3,1988,6,70.1,0.30,0.05,0.05,0.03,-3.000,0.399,4.23,2.74,2.173,0.15,0.0300,-3.0
3,1988,7,110.3,0.09,0.02,0.03,0.01,-3.000,0.234,4.10,3.17,1.482,0.11,0.0240,-3.0
3,1988,8,133.1,0.07,0.02,0.02,0.03,-3.000,0.094,4.30,1.79,0.890,0.09,0.0130,-3.0
3,1988,9,71.0,0.05,0.02,0.02,0.04,-3.000,0.238,4.22,2.49,1.633,0.11,0.0150,-3.0
3,1988,10,55.4,0.15,0.04,0.08,0.15,-3.000,0.660,3.99,3.99,3.897,0.29,0.0400,-3.0
3,1988,11,131.4,0.03,0.03,0.07,0.13,-3.000,0.077,4.46,1.18,2.534,0.25,0.0070,-3.0
3,1988,12,64.7,0.11,0.03,0.04,0.15,-3.000,0.160,4.43,1.38,1.446,0.26,0.0060,-3.0
3,1989,1,72.1,0.11,0.04,0.03,0.29,-3.000,0.295,4.23,1.89,3.029,0.56,0.0060,-3.0
3,1989,2,68.7,0.04,0.01,0.01,0.07,-3.000,0.167,4.37,1.41,2.052,0.14,0.0060,-3.0
3,1989,3,87.1,0.18,0.04,0.03,0.14,-3.000,0.218,4.25,2.58,2.023,0.20,0.0070,-3.0
3,1989,4,93.4,0.06,0.01,0.01,0.05,-3.000,0.247,4.24,1.95,1.706,0.10,0.0060,-3.0
3,1989,5,192.4,0.07,0.02,0.05,0.06,-3.000,0.131,4.39,1.70,0.925,0.13,0.0130,-3.0
3,1989,6,148.0,0.06,0.01,0.05,0.02,-3.000,0.297,4.27,2.40,1.498,0.09,0.0310,-3.0
3,1989,7,76.5,0.19,0.03,0.04,0.02,-3.000,0.648,4.19,3.70,1.919,0.12,0.0110,-3.0
3,1989,8,135.6,0.02,0.01,0.03,0.04,-3.000,0.300,4.24,2.71,1.367,0.09,0.0070,-3.0
3,1989,9,130.9,0.08,0.06,0.05,0.19,-3.000,0.152,4.22,2.38,1.607,0.35,0.0250,-3.0
3,1989,10,187.6,0.09,0.04,0.16,0.08,-3.000,0.073,4.50,1.03,0.921,0.17,0.0160,-3.0
3,1989,11,161.6,0.10,0.03,0.05,0.16,-3.000,0.150,4.41,1.39,1.692,0.30,0.0140,-3.0
3,1989,12,65.2,0.09,0.01,0.04,0.09,-3.000,0.125,4.29,1.20,2.538,0.19,0.0160,-3.0
3,1990,1,147.1,0.05,0.01,0.03,0.06,-3.000,0.203,4.28,1.60,1.804,0.15,0.0110,-3.0
3,1990,2,87.4,0.06,0.01,0.02,0.07,-3.000,0.128,4.34,1.08,1.628,0.21,0.0100,-3.0
3,1990,3,71.5,0.10,0.03,0.02,0.09,-3.000,0.231,4.30,2.06,1.338,0.21,0.0130,-3.0
3,1990,4,98.0,0.19,0.04,0.07,0.12,-3.000,0.447,4.03,3.72,2.597,0.21,0.0650,-3.0
3,1990,5,160.0,0.12,0.03,0.05,0.07,-3.000,0.183,4.42,1.64,1.090,0.19,0.0410,-3.0
3,1990,6,205.1,0.11,0.03,0.08,0.02,-3.000,0.385,4.24,2.76,1.770,0.12,0.0520,-3.0
3,1990,7,77.3,0.32,0.06,0.06,0.06,-3.000,0.544,4.19,3.86,2.104,0.15,0.0330,-3.0
3,1990,8,310.7,0.01,0.01,0.04,0.03,-3.000,0.080,4.40,1.37,0.789,0.09,0.0090,-3.0
3,1990,9,113.9,0.06,0.02,0.03,0.09,-3.000,0.383,4.06,3.86,2.675,0.21,0.0080,-3.0
3,1990,10,191.1,0.05,0.03,0.06,0.15,-3.000,0.171,4.44,1.77,1.189,0.27,0.0130,-3.0
3,1990,11,99.8,0.05,0.01,0.02,0.07,-3.000,0.123,4.42,1.54,1.132,0.08,0.0080,-3.0
3,1990,12,167.5,0.04,0.01,0.02,0.08,-3.000,0.074,4.49,1.17,0.985,0.07,0.0070,-3.0
3,1991,1,83.1,0.08,0.02,0.01,0.13,-3.000,0.152,4.37,1.32,1.843,0.21,0.0160,-3.0
3,1991,2,48.7,0.08,0.02,0.01,0.08,-3.000,0.209,4.22,1.97,2.376,0.14,0.0130,-3.0
3,1991,3,114.5,0.10,0.03,0.02,0.09,-3.000,0.178,4.34,1.69,1.549,0.10,0.0170,-3.0
3,1991,4,89.9,0.15,0.04,0.10,0.07,-3.000,0.365,4.11,3.18,2.147,0.17,0.0300,-3.0
3,1991,5,88.3,0.13,0.06,0.16,0.05,-3.000,0.622,4.27,2.92,1.874,0.17,0.1120,-3.0
3,1991,6,48.7,0.21,0.05,0.07,0.03,-3.000,0.428,4.33,2.90,1.861,0.09,0.0060,-3.0
3,1991,7,107.7,0.11,0.01,0.04,0.03,-3.000,0.350,4.23,2.80,1.781,0.09,0.0150,-3.0
3,1991,8,265.6,0.05,0.01,0.01,0.01,-3.000,0.114,4.46,1.49,0.799,0.02,0.0080,-3.0
3,1991,9,112.0,0.04,0.01,0.03,0.04,-3.000,0.183,4.31,1.92,1.124,0.07,0.0170,-3.0
3,1991,10,159.5,0.09,0.03,0.07,0.11,-3.000,0.263,4.18,2.65,1.582,0.19,0.0120,-3.0
3,1991,11,89.4,0.07,0.01,0.03,0.04,-3.000,0.085,4.54,0.91,0.966,0.07,0.0050,-3.0
3,1991,12,112.0,0.04,0.01,0.06,0.05,-3.000,0.149,4.33,1.06,2.188,0.10,0.0040,-3.0
3,1992,1,89.4,0.04,0.02,0.04,0.11,-3.000,0.059,4.51,0.99,0.982,0.19,0.0060,-3.0
3,1992,2,99.3,0.03,0.02,0.01,0.11,-3.000,0.215,4.29,1.36,2.535,0.24,0.0090,-3.0
3,1992,3,119.0,0.07,0.06,0.02,0.33,-3.000,0.185,4.22,2.31,1.658,0.53,0.0080,-3.0
3,1992,4,90.0,0.14,0.04,0.03,0.09,-3.000,0.388,4.15,2.96,2.075,0.28,0.0160,-3.0
3,1992,5,61.4,0.17,0.07,0.19,0.21,-3.000,0.300,4.40,2.16,1.825,0.38,0.0570,-3.0
3,1992,6,76.0,0.06,0.03,0.08,0.10,-3.000,0.152,4.23,2.44,1.587,0.18,0.0130,-3.0
3,1992,7,158.9,0.07,0.02,0.03,0.03,-3.000,0.229,4.25,2.42,1.557,0.08,0.0090,-3.0
3,1992,8,161.1,0.05,0.02,0.03,0.08,-3.000,0.288,4.10,3.47,1.776,0.15,0.0080,-3.0
3,1992,9,128.4,0.02,0.01,0.03,0.06,-3.000,0.115,4.46,1.38,0.969,0.12,0.0080,-3.0
3,1992,10,75.9,0.13,0.05,0.22,0.20,-3.000,0.330,4.14,2.65,2.885,0.39,0.0150,-3.0
3,1992,11,162.5,0.02,0.01,0.01,0.05,-3.000,0.108,4.43,1.18,0.997,0.10,0.0020,-3.0
3,1992,12,58.3,0.09,0.02,0.04,0.13,-3.000,0.260,4.28,1.77,2.160,0.22,0.0020,-3.0
3,1993,1,97.9,0.03,0.01,0.01,0.08,-3.000,0.115,4.45,0.87,1.438,0.12,0.0010,-3.0
3,1993,2,82.1,0.06,0.01,0.02,0.08,-3.000,0.132,4.57,0.69,1.483,0.20,0.0030,-3.0
3,1993,3,140.3,0.06,0.03,0.02,0.20,-3.000,0.128,4.32,1.09,1.848,0.35,0.0040,-3.0
3,1993,4,119.1,0.08,0.04,0.03,0.27,-3.000,0.129,4.43,1.38,0.951,0.44,0.0050,-3.0
3,1993,5,70.7,0.26,0.05,0.15,0.06,-3.000,1.035,3.94,5.71,3.353,0.21,0.0320,-3.0
3,1993,6,85.8,0.07,0.02,0.11,0.05,-3.000,0.237,4.16,2.72,1.887,0.14,0.0130,-3.0
3,1993,7,115.6,0.10,0.02,0.03,0.04,-3.000,0.237,4.19,2.53,1.723,0.11,0.0050,-3.0
3,1993,8,113.7,0.05,0.01,0.03,0.06,-3.000,0.336,4.07,4.00,1.770,0.10,0.0010,-3.0
3,1993,9,126.9,0.04,0.01,0.02,0.04,-3.000,0.171,4.16,2.78,1.368,0.09,0.0020,-3.0
3,1993,10,99.2,0.09,0.02,0.08,0.07,-3.000,0.216,4.34,1.83,1.658,0.14,0.0060,-3.0
3,1993,11,146.1,0.08,0.08,0.05,0.63,-3.000,0.155,4.41,1.60,1.808,1.17,0.0030,-3.0
3,1993,12,90.3,0.05,0.02,0.02,0.11,-3.000,0.215,4.31,1.43,2.347,0.19,0.0040,-3.0
3,1994,1,140.2,0.02,0.01,0.01,0.04,-3.000,0.040,4.62,0.35,1.153,0.13,0.0030,-3.0
3,1994,2,46.1,0.23,0.03,0.03,0.23,-3.000,0.077,4.36,0.95,2.199,0.38,0.0060,-3.0
3,1994,3,142.6,0.05,0.01,0.01,0.05,-3.000,0.140,4.51,1.07,1.263,0.10,0.0060,-3.0
3,1994,4,110.9,0.19,0.03,0.06,0.09,-3.000,0.580,4.07,3.65,2.942,0.18,0.0420,-3.0
3,1994,5,99.6,0.21,0.05,0.11,0.04,-3.000,0.652,4.14,3.42,3.024,0.15,0.0590,-3.0
3,1994,6,108.9,0.14,0.04,0.19,0.10,-3.000,0.432,4.17,3.35,2.262,0.23,0.0220,-3.0
3,1994,7,128.9,0.03,0.01,0.02,0.03,-3.000,0.239,4.14,3.23,1.598,0.08,0.0050,-3.0
3,1994,8,95.0,0.04,0.01,0.02,0.01,-3.000,0.169,4.39,1.86,0.884,0.05,0.0060,-3.0
3,1994,9,130.9,0.04,0.01,0.02,0.02,-3.000,0.190,4.40,1.76,1.064,0.10,0.0030,-3.0
3,1994,10,30.5,0.09,0.02,0.08,0.08,-3.000,0.464,3.82,3.74,5.691,0.22,0.0050,-3.0
3,1994,11,84.9,0.06,0.02,0.05,0.09,-3.000,0.116,4.45,1.22,1.129,0.17,0.0050,-3.0
3,1994,12,77.0,0.04,0.02,0.03,0.10,-3.000,0.084,4.41,1.18,1.358,0.17,0.0010,-3.0
3,1995,1,114.5,0.03,0.03,0.02,0.21,-3.000,0.080,4.38,0.99,1.648,0.37,0.0020,-3.0
3,1995,2,86.8,0.09,0.02,0.03,0.13,-3.000,0.174,4.33,1.13,2.206,0.20,0.0020,-3.0
3,1995,3,76.9,0.12,0.03,0.03,0.17,-3.000,0.401,4.09,2.48,3.341,0.25,0.0050,-3.0
3,1995,4,62.2,0.34,0.04,0.05,0.10,-3.000,0.662,4.03,3.93,3.947,0.21,0.0130,-3.0
3,1995,5,93.9,0.11,0.02,0.11,0.04,-3.000,0.205,4.51,1.24,1.008,0.09,0.1440,-3.0
3,1995,6,48.5,0.07,0.02,0.08,0.03,-3.000,0.306,4.36,1.65,1.350,0.13,0.0350,-3.0
3,1995,7,166.8,0.05,0.01,0.03,0.02,-3.000,0.364,4.16,2.93,1.943,0.12,0.0050,-3.0
3,1995,8,144.1,0.04,0.01,0.02,0.02,-3.000,0.139,4.43,1.28,0.758,0.07,0.0050,-3.0
3,1995,9,91.6,0.07,0.02,0.03,0.11,-3.000,0.357,4.07,3.12,2.085,0.21,0.0050,-3.0
3,1995,10,235.7,0.03,0.02,0.02,0.09,-3.000,0.086,4.57,0.79,0.568,0.24,0.0030,-3.0
3,1995,11,153.6,0.05,0.04,0.03,0.30,-3.000,0.104,4.44,1.01,1.159,0.58,0.0020,-3.0
3,1995,12,99.7,0.09,0.02,0.04,0.06,-3.000,0.188,4.41,1.00,1.920,0.13,0.0030,-3.0
3,1996,1,212.0,0.03,0.05,0.03,0.37,-3.000,0.066,4.52,0.95,0.925,0.64,0.0020,-3.0
3,1996,2,108.4,0.10,0.05,0.11,0.34,-3.000,0.200,4.28,1.53,2.058,0.58,0.0030,-3.0
3,1996,3,53.2,0.23,0.06,0.06,0.39,-3.000,0.163,4.31,1.48,2.805,0.64,0.0060,-3.0
3,1996,4,244.5,0.14,0.04,0.04,0.15,-3.000,0.272,4.25,2.12,2.141,0.30,0.0090,-3.0
3,1996,5,119.7,0.07,0.02,0.04,0.04,-3.000,0.173,4.50,1.13,1.237,0.10,0.0090,-3.0
3,1996,6,168.6,0.04,0.02,0.04,0.05,-3.000,0.331,4.40,2.18,1.472,0.11,0.0070,-3.0
3,1996,7,226.1,0.04,0.01,0.06,0.02,-3.000,0.187,4.44,1.98,1.077,0.06,0.0050,-3.0
3,1996,8,21.6,0.08,0.01,0.06,0.05,-3.000,0.253,4.11,3.58,2.376,0.17,0.0120,-3.0
3,1996,9,79.6,0.05,0.04,0.03,0.27,-3.000,0.140,4.24,2.15,1.663,0.47,0.0070,-3.0
3,1996,10,158.9,0.05,0.02,0.07,0.04,-3.000,0.094,4.55,0.86,0.778,0.09,0.0070,-3.0
3,1996,11,121.9,0.07,0.08,0.04,0.59,-3.000,0.146,4.42,1.54,1.053,1.07,0.0010,-3.0
3,1996,12,209.0,0.03,0.01,0.01,0.07,-3.000,0.103,4.39,0.98,1.280,0.15,0.0010,-3.0
3,1997,1,128.6,0.04,0.01,0.01,0.06,-3.000,0.096,4.41,0.94,1.454,0.13,0.0010,-3.0
3,1997,2,85.6,0.10,0.02,0.02,0.13,-3.000,0.183,4.28,1.49,1.778,0.23,0.0030,-3.0
3,1997,3,145.5,0.09,0.02,0.02,0.08,-3.000,0.211,4.29,1.58,1.914,0.15,0.0020,-3.0
3,1997,4,63.3,0.15,0.06,0.02,0.05,-3.000,0.246,4.41,1.60,1.446,0.09,0.0050,-3.0
3,1997,5,109.4,0.25,0.05,0.08,0.11,-3.000,0.504,4.09,3.36,2.844,0.22,0.0090,-3.0
3,1997,6,78.1,0.19,0.05,0.19,0.08,-3.000,0.619,4.08,3.91,3.125,0.20,0.0780,-3.0
3,1997,7,169.1,0.07,0.01,0.07,0.04,-3.000,0.246,4.40,1.87,1.180,0.10,0.0030,-3.0
3,1997,8,109.6,0.06,0.02,0.09,0.05,-3.000,0.299,4.28,2.36,1.758,0.13,0.0060,-3.0
3,1997,9,71.1,0.09,0.02,0.07,0.07,-3.000,0.286,4.33,2.15,1.468,0.16,0.0290,-3.0
3,1997,10,42.1,0.20,0.04,0.22,0.14,-3.000,0.552,4.16,2.90,3.803,0.33,0.0170,-3.0
3,1997,11,165.2,0.05,0.02,0.03,0.08,-3.000,0.119,4.57,0.80,1.148,0.19,0.0040,-3.0
3,1997,12,73.8,0.04,0.01,0.02,0.08,-3.000,0.143,4.44,1.10,1.689,0.16,0.0020,-3.0
3,1998,1,170.0,0.03,0.01,0.01,0.06,-3.000,0.061,4.66,0.71,0.996,0.13,0.0010,-3.0
3,1998,2,73.7,0.06,0.01,0.01,0.04,-3.000,0.033,4.66,0.67,0.866,0.06,0.0050,-3.0
3,1998,3,117.8,0.05,0.01,0.02,0.06,-3.000,0.086,4.48,0.76,1.435,0.12,0.0010,-3.0
3,1998,4,61.5,0.21,0.03,0.07,0.11,-3.000,0.393,4.35,2.07,2.137,0.21,0.0110,-3.0
3,1998,5,93.2,0.14,0.05,0.13,0.11,-3.000,0.400,4.44,2.01,1.438,0.26,0.0260,-3.0
3,1998,6,308.9,0.05,0.01,0.02,0.03,-3.000,0.132,4.55,1.10,0.807,0.06,0.0070,-3.0
3,1998,7,109.6,0.07,0.01,0.02,0.01,-3.000,0.118,4.45,1.37,0.790,0.04,0.0050,-3.0
3,1998,8,93.6,0.15,0.02,0.09,0.04,-3.000,0.348,4.03,3.53,2.624,0.11,0.0060,-3.0
3,1998,9,82.7,0.18,0.03,0.11,0.03,-3.000,0.482,4.10,3.71,2.060,0.08,0.0120,-3.0
3,1998,10,121.2,0.05,0.01,0.03,0.05,-3.000,0.183,4.27,1.76,1.687,0.11,0.0040,-3.0
3,1998,11,107.4,0.07,0.02,0.04,0.08,-3.000,0.289,4.27,1.67,2.190,0.19,0.0050,-3.0
3,1998,12,61.5,0.18,0.05,0.16,0.09,-3.000,0.505,4.11,2.50,3.744,0.24,0.0370,-3.0
3,1999,1,178.4,0.07,0.01,0.01,0.05,-3.000,0.036,4.51,0.62,1.285,0.10,0.0020,-3.0
3,1999,2,50.2,0.18,0.04,0.07,0.17,-3.000,0.291,4.24,2.19,2.325,0.29,0.0070,-3.0
3,1999,3,129.7,0.11,0.06,0.03,0.37,-3.000,0.086,4.64,1.06,0.849,0.68,0.0040,-3.0
3,1999,4,20.9,1.01,0.14,0.19,0.16,-3.000,1.500,3.93,6.27,7.031,0.26,0.0980,-3.0
3,1999,5,134.7,0.07,0.01,0.05,0.06,-3.000,0.080,4.69,0.85,0.646,0.12,0.0090,-3.0
3,1999,6,83.1,0.17,0.04,0.19,0.09,-3.000,0.337,4.32,2.29,1.815,0.18,0.0380,-3.0
3,1999,7,105.4,0.10,0.02,0.05,0.04,-3.000,0.234,4.33,1.78,1.202,0.07,0.0150,-3.0
3,1999,8,109.4,0.08,0.02,0.04,0.05,-3.000,0.449,4.10,3.32,2.034,0.13,0.0110,-3.0
3,1999,9,320.8,0.05,0.01,0.03,0.04,-3.000,0.073,4.77,0.69,0.446,0.07,0.0040,-3.0
3,1999,10,78.7,0.06,0.05,0.18,0.14,-3.000,0.093,4.50,1.19,1.148,0.24,0.0080,-3.0
3,1999,11,104.4,0.20,0.08,0.10,0.37,-3.000,0.445,4.28,2.18,2.253,0.65,0.0070,-3.0
3,1999,12,57.3,0.15,0.04,0.02,0.21,-3.000,0.263,4.17,1.96,2.388,0.41,0.0040,-3.0
3,2000,1,108.5,0.13,0.02,0.01,0.15,-3.000,0.266,4.27,1.58,2.038,0.28,0.0030,-3.0
3,2000,2,112.3,0.11,0.02,0.01,0.08,-3.000,0.256,4.30,1.35,1.652,0.18,0.0050,-3.0
3,2000,3,112.2,0.12,0.02,0.02,0.08,-3.000,0.255,4.32,1.68,1.454,0.26,0.0070,-3.0
3,2000,4,224.2,0.12,0.03,0.04,0.13,-3.000,0.219,4.49,1.30,1.014,0.25,0.0290,-3.0
3,2000,5,145.7,0.04,0.01,0.09,0.03,-3.000,0.094,4.31,1.50,1.326,0.09,0.0090,-3.0
3,2000,6,91.9,0.12,0.04,0.07,0.14,-3.000,0.411,4.22,2.57,1.781,0.26,0.0090,-3.0
3,2000,7,94.3,0.03,0.01,0.04,0.05,-3.000,0.095,4.55,0.86,0.895,0.10,0.0060,-3.0
3,2000,8,105.7,0.05,0.01,0.09,0.04,-3.000,0.364,4.30,2.39,1.610,0.09,0.0050,-3.0
3,2000,9,91.5,0.03,0.01,0.02,0.04,-3.000,0.186,4.38,1.82,1.178,0.07,0.0050,-3.0
3,2000,10,79.7,0.05,0.02,0.10,0.02,-3.000,0.135,4.48,1.29,0.935,0.09,0.0050,-3.0
3,2000,11,101.8,0.06,0.01,0.02,0.03,-3.000,0.146,4.41,1.17,1.719,0.16,0.0020,-3.0
3,2000,12,143.3,0.02,0.01,0.03,0.08,-3.000,0.054,4.72,0.60,0.828,0.17,0.0030,-3.0
3,2001,1,52.8,0.01,0.01,0.02,0.07,-3.000,0.180,4.29,1.25,2.554,0.20,0.0030,-3.0
3,2001,2,109.4,0.06,0.01,0.02,0.06,-3.000,0.185,4.43,1.17,1.972,0.13,0.0040,-3.0
3,2001,3,118.9,0.07,0.01,0.02,0.09,-3.000,0.079,4.59,0.63,1.396,0.15,0.0040,-3.0
3,2001,4,45.5,0.41,0.06,0.05,0.14,-3.000,0.471,4.20,3.44,2.825,0.20,0.0090,-3.0
3,2001,5,59.7,0.11,0.03,0.10,0.06,-3.000,0.380,4.32,2.13,1.709,0.12,0.0140,-3.0
3,2001,6,114.8,0.04,0.01,0.06,0.04,-3.000,0.140,4.54,1.13,0.884,0.08,0.0120,-3.0
3,2001,7,81.4,0.08,0.01,0.02,0.01,-3.000,0.173,4.47,1.49,1.010,0.05,0.0090,-3.0
3,2001,8,45.9,0.15,0.03,0.05,0.05,-3.000,0.270,4.21,2.82,1.873,0.10,0.0060,-3.0
3,2001,9,150.9,0.02,0.02,0.02,0.11,-3.000,0.128,4.59,0.98,0.723,0.19,0.0020,-3.0
3,2001,10,67.9,0.15,0.03,0.12,0.14,-3.000,0.380,4.25,2.40,2.282,0.24,0.0150,-3.0
3,2001,11,81.2,0.16,0.04,0.04,0.22,-3.000,0.339,4.22,2.17,2.832,0.39,0.0050,-3.0
3,2001,12,78.5,0.04,0.01,0.01,0.06,-3.000,0.181,4.36,1.28,1.864,0.12,0.0020,-3.0
3,2002,1,94.1,0.11,0.01,0.02,0.08,-3.000,0.240,4.44,1.02,2.118,0.16,0.0020,-3.0
3,2002,2,83.9,0.06,0.02,0.02,0.14,-3.000,0.165,4.48,1.18,1.348,0.22,0.0020,-3.0
3,2002,3,129.7,0.12,0.03,0.03,0.22,-3.000,0.237,4.48,1.40,1.566,0.37,0.0040,-3.0
3,2002,4,160.3,0.14,0.03,0.05,0.08,-3.000,0.284,4.41,1.76,1.768,0.14,0.0240,-3.0
3,2002,5,126.3,0.10,0.03,0.14,0.04,-3.000,0.297,4.59,1.37,1.126,0.07,0.0350,-3.0
3,2002,6,125.6,0.09,0.01,0.05,0.03,-3.000,0.487,4.30,2.63,1.716,0.08,0.0140,-3.0
3,2002,7,55.8,0.47,0.07,0.10,0.06,-3.000,0.524,4.48,2.49,2.063,0.12,0.0150,-3.0
3,2002,8,78.9,0.08,0.02,0.02,0.08,-3.000,0.116,4.67,0.79,0.747,0.16,0.0060,-3.0
3,2002,9,122.5,0.02,0.01,0.02,0.02,-3.000,0.103,4.75,0.74,0.424,0.04,0.0030,-3.0
3,2002,10,101.6,0.08,0.03,0.09,0.17,-3.000,0.247,4.32,1.78,1.710,0.31,0.0040,-3.0
3,2002,11,134.5,0.05,0.01,0.09,0.05,-3.000,0.193,4.56,0.85,1.346,0.11,0.0070,-3.0
3,2002,12,98.0,0.04,0.01,0.04,0.04,-3.000,0.107,4.70,0.60,0.890,0.08,0.0030,-3.0
3,2003,1,42.9,0.04,0.01,0.05,0.12,-3.000,0.107,4.39,0.81,1.901,0.22,0.0030,-3.0
3,2003,2,60.9,0.08,0.01,0.06,0.16,-3.000,0.122,4.61,0.83,1.282,0.22,0.0050,-3.0
3,2003,3,99.0,0.09,0.03,0.03,0.22,-3.000,0.247,4.32,1.75,1.849,0.39,0.0040,-3.0
3,2003,4,70.5,0.13,0.02,0.02,0.05,-3.000,0.209,4.40,1.52,1.485,0.10,0.0050,-3.0
3,2003,5,145.6,0.11,0.03,0.07,0.03,-3.000,0.241,4.48,1.63,1.129,0.07,0.0160,-3.0
3,2003,6,60.4,0.09,0.02,0.12,0.02,-3.000,0.247,4.37,2.11,1.122,0.06,0.0710,-3.0
3,2003,7,120.1,0.05,0.01,0.03,0.02,-3.000,0.253,4.37,1.95,1.236,0.06,0.0030,-3.0
3,2003,8,224.8,0.04,0.01,0.02,0.02,-3.000,0.118,4.61,1.10,0.676,0.06,0.0050,-3.0
3,2003,9,194.9,0.03,0.02,0.05,0.15,-3.000,0.144,4.58,1.23,0.657,0.25,0.0250,-3.0
3,2003,10,193.1,0.10,0.02,0.02,0.08,-3.000,0.210,4.58,1.02,1.252,0.16,0.0040,-3.0
3,2003,11,168.4,0.05,0.05,0.03,0.39,-3.000,0.128,4.46,1.28,1.016,0.72,0.0020,-3.0
3,2003,12,225.5,0.03,0.02,0.01,0.15,-3.000,0.041,4.71,0.66,0.724,0.28,0.0020,-3.0
3,2004,1,36.3,0.07,0.01,0.02,0.10,-3.000,0.211,4.28,1.53,2.390,0.19,0.0040,-3.0
3,2004,2,38.9,0.30,0.04,0.02,0.14,-3.000,0.155,4.52,1.36,1.936,0.23,0.0050,-3.0
3,2004,3,77.0,0.19,0.04,0.04,0.17,-3.000,0.801,4.02,3.74,4.702,0.25,0.0070,-3.0
3,2004,4,113.3,0.10,0.02,0.02,0.04,-3.000,0.195,4.71,0.96,0.766,0.09,0.0040,-3.0
3,2004,5,157.5,0.08,0.02,0.09,0.03,-3.000,0.216,4.52,1.38,1.125,0.05,0.0170,-3.0
3,2004,6,68.7,0.11,0.02,0.10,0.04,-3.000,0.227,4.30,2.26,1.347,0.11,0.0130,-3.0
3,2004,7,149.5,0.04,0.01,0.05,0.02,-3.000,0.177,4.35,1.78,1.097,0.07,0.0130,-3.0
3,2004,8,207.4,0.05,0.01,0.03,0.05,-3.000,0.121,4.55,1.71,0.775,0.09,0.0050,-3.0
3,2004,9,90.3,0.03,0.02,0.02,0.13,-3.000,0.048,4.68,0.64,0.519,0.22,0.0040,-3.0
3,2004,10,59.6,0.05,0.01,0.07,0.02,-3.000,0.065,4.57,0.78,0.651,0.06,0.0050,-3.0
3,2004,11,145.6,0.04,0.03,0.05,0.06,-3.000,0.088,4.63,0.90,0.832,0.12,0.0020,-3.0
3,2004,12,151.4,0.03,0.02,0.02,0.15,-3.000,0.093,4.56,0.88,1.161,0.29,0.0070,-3.0
3,2005,1,78.7,0.05,0.02,0.02,0.18,-3.000,0.143,4.43,1.13,1.696,0.29,0.0010,-3.0
3,2005,2,90.3,0.03,0.01,0.01,0.06,-3.000,0.056,4.56,0.91,1.027,0.10,0.0010,-3.0
3,2005,3,88.6,0.10,0.02,0.01,0.09,-3.000,0.155,4.63,0.92,1.275,0.17,0.0010,-3.0
3,2005,4,170.0,0.09,0.04,0.03,0.23,-3.000,0.227,4.51,1.59,1.010,0.42,0.0010,-3.0
3,2005,5,83.2,0.10,0.02,0.07,0.05,-3.000,0.249,4.54,1.36,1.142,0.08,0.0010,-3.0
3,2005,6,169.9,0.05,0.01,0.04,0.01,-3.000,0.241,4.51,1.71,0.998,0.04,0.0010,-3.0
3,2005,7,76.4,0.05,0.01,0.04,0.01,-3.000,0.219,4.46,1.96,0.854,0.05,0.0010,-3.0
3,2005,8,220.1,0.05,0.02,0.02,0.07,-3.000,0.161,4.52,1.59,0.770,0.14,0.0010,-3.0
3,2005,9,79.8,0.06,0.02,0.07,0.12,-3.000,0.156,4.50,1.64,0.971,0.21,0.0010,-3.0
3,2005,10,300.2,0.01,0.01,0.01,0.03,-3.000,0.005,5.26,0.13,0.073,0.06,0.0010,-3.0
3,2005,11,177.1,0.05,0.02,0.03,0.13,-3.000,0.114,4.49,1.25,1.066,0.26,0.0010,-3.0
3,2005,12,103.3,0.03,0.01,0.01,0.12,-3.000,0.099,4.62,0.78,1.049,0.23,0.0010,-3.0
3,2006,1,159.0,0.07,0.03,0.02,0.21,-3.000,0.087,4.57,0.97,1.123,0.39,0.0010,-3.0
3,2006,2,67.7,0.17,0.02,0.01,0.16,-3.000,0.110,4.50,1.02,1.860,0.26,0.0010,-3.0
3,2006,3,50.5,0.23,0.04,0.05,0.25,-3.000,0.655,4.09,3.65,3.373,0.46,0.0760,-3.0
3,2006,4,70.5,0.26,0.06,0.05,0.13,-3.000,0.331,4.43,2.20,1.520,0.24,0.0380,-3.0
3,2006,5,220.1,0.05,0.02,0.14,0.06,-3.000,0.024,5.00,0.53,0.102,0.12,0.0090,-3.0
3,2006,6,190.3,0.06,0.02,0.07,0.07,-3.000,0.092,4.74,0.94,0.605,0.11,0.0010,-3.0
3,2006,7,119.4,0.03,0.01,0.01,0.01,-3.000,0.079,4.73,1.77,0.313,0.02,0.0010,-3.0
3,2006,8,69.8,0.08,0.01,0.03,0.02,-3.000,0.124,4.38,1.90,0.773,0.06,0.0010,-3.0
3,2006,9,68.7,0.07,0.03,0.22,0.14,-3.000,0.143,4.52,1.47,0.959,0.27,0.0010,-3.0
3,2006,10,241.6,0.01,0.01,0.04,0.03,-3.000,0.083,4.69,0.71,0.717,0.06,0.0010,-3.0
3,2006,11,135.7,0.03,0.02,0.03,0.11,-3.000,0.028,4.84,0.65,0.386,0.21,0.0010,-3.0
3,2006,12,128.0,0.05,0.02,0.03,0.09,-3.000,0.136,4.47,1.09,1.455,0.17,0.0010,-3.0
3,2007,1,94.9,0.03,0.01,0.04,0.04,-3.000,0.068,4.68,0.69,0.951,0.08,0.0010,-3.0
3,2007,2,73.4,0.03,0.01,0.01,0.09,-3.000,0.026,4.82,0.30,0.751,0.17,0.0010,-3.0
3,2007,3,87.0,0.14,0.03,0.04,0.13,-3.000,0.282,4.52,1.65,1.411,0.18,0.0010,-3.0
3,2007,4,173.3,0.06,0.01,0.02,0.03,-3.000,0.108,4.78,0.72,0.645,0.06,0.0010,-3.0
3,2007,5,81.5,0.13,0.02,0.06,0.02,-3.000,0.349,4.68,1.63,0.833,0.06,0.0010,-3.0
3,2007,6,83.2,0.17,0.03,0.11,0.03,-3.000,0.474,4.48,2.31,1.435,0.08,0.0010,-3.0
3,2007,7,151.6,0.08,0.01,0.03,0.01,-3.000,0.310,4.58,1.64,0.886,0.04,0.0010,-3.0
3,2007,8,125.1,0.10,0.02,0.05,0.04,-3.000,0.413,4.29,2.96,1.145,0.08,0.0010,-3.0
3,2007,9,100.0,0.05,0.01,0.02,0.02,-3.000,0.280,4.50,1.63,0.779,0.06,0.0010,-3.0
3,2007,10,186.9,0.03,0.01,0.03,0.06,-3.000,0.089,4.66,0.89,0.630,0.11,0.0010,-3.0
3,2007,11,135.4,0.07,0.02,0.02,0.09,-3.000,0.362,4.32,1.96,1.763,0.18,0.0010,-3.0
3,2007,12,159.3,0.03,0.02,0.01,0.17,-3.000,0.071,4.65,0.70,0.932,0.32,0.0010,-3.0
3,2008,1,75.4,0.07,0.01,0.01,0.14,-3.000,0.101,4.55,0.78,1.400,0.23,0.0010,-3.0
3,2008,2,205.8,0.05,0.01,0.01,0.06,-3.000,0.086,4.59,0.81,0.984,0.11,0.0010,-3.0
3,2008,3,161.1,0.09,0.02,0.01,0.09,-3.000,0.155,4.66,0.84,1.120,0.13,0.0010,-3.0
3,2008,4,112.1,0.16,0.02,0.02,0.05,-3.000,0.259,4.50,1.55,1.184,0.08,0.0010,-3.0
3,2008,5,45.8,0.27,0.06,0.15,0.05,-3.000,0.389,4.64,2.05,1.222,0.11,0.0060,-3.0
3,2008,6,140.2,0.11,0.03,0.11,0.03,-3.000,0.207,4.44,2.19,1.227,0.09,0.0010,-3.0
3,2008,7,156.6,0.06,0.01,0.02,0.05,-3.000,0.220,4.51,1.55,0.885,0.10,0.0010,-3.0
3,2008,8,163.9,0.03,0.01,0.01,0.01,-3.000,0.082,4.65,0.88,0.659,0.03,0.0010,-3.0
3,2008,9,158.4,0.03,0.01,0.01,0.02,-3.000,0.065,4.80,0.61,0.306,0.05,0.0010,-3.0
3,2008,10,157.0,0.04,0.03,0.06,0.16,-3.000,0.100,4.64,1.09,0.768,0.33,0.0010,-3.0
3,2008,11,150.3,0.02,0.01,0.01,0.04,-3.000,0.084,4.69,0.70,0.730,0.09,0.0010,-3.0
3,2008,12,162.6,0.03,0.01,0.01,0.06,-3.000,0.046,4.85,0.39,0.596,0.10,0.0010,-3.0
3,2009,1,75.9,0.03,0.01,0.01,0.06,-3.000,0.041,4.78,0.29,0.866,0.09,0.0010,-3.0
3,2009,2,78.8,0.10,0.02,0.02,0.15,-3.000,0.218,4.51,1.11,1.542,0.24,0.0010,-3.0
3,2009,3,89.4,0.12,0.02,0.02,0.13,-3.000,0.224,4.60,1.24,1.161,0.17,0.0010,-3.0
3,2009,4,83.9,0.14,0.05,0.06,0.19,-3.000,0.171,4.58,1.35,1.232,0.29,0.0010,-3.0
3,2009,5,158.6,0.09,0.03,0.10,0.04,-3.000,0.043,4.99,0.74,0.253,0.10,0.0080,-3.0
3,2009,6,139.3,0.03,0.01,0.02,0.04,-3.000,0.048,5.02,0.44,0.328,0.08,0.0010,-3.0
3,2009,7,244.4,0.03,0.01,0.01,0.01,-3.000,0.083,4.78,0.80,0.582,0.04,0.0010,-3.0
3,2009,8,154.7,0.05,0.01,0.01,0.01,-3.000,0.043,4.84,0.61,0.424,0.04,0.0010,-3.0
3,2009,9,54.5,0.05,0.03,0.05,0.10,-3.000,0.017,5.12,0.35,0.284,0.21,0.0010,-3.0
3,2009,10,178.5,0.04,0.01,0.04,0.03,-3.000,0.097,4.78,0.68,0.736,0.08,0.0010,-3.0
3,2009,11,121.1,0.03,0.03,0.04,0.16,-3.000,0.005,5.10,0.28,0.263,0.32,0.0010,-3.0
3,2009,12,128.8,0.05,0.01,0.04,0.06,-3.000,0.039,4.92,0.35,0.495,0.12,0.0010,-3.0
3,2010,1,86.2,0.03,0.02,0.03,0.19,-3.000,0.031,4.80,0.55,0.655,0.36,0.0010,-3.0
3,2010,2,78.3,0.04,0.03,0.04,0.20,-3.000,0.018,5.09,0.28,0.458,0.40,0.0010,-3.0
3,2010,3,128.4,0.06,0.02,0.03,0.11,-3.000,0.044,4.97,0.44,0.365,0.22,0.0010,-3.0
3,2010,4,97.8,0.33,0.07,0.07,0.08,-3.000,0.462,4.98,1.93,1.517,0.11,0.0010,-3.0
3,2010,5,62.4,0.16,0.03,0.09,0.03,-3.000,0.227,4.98,0.91,0.968,0.06,0.0010,-3.0
3,2010,6,181.4,0.04,0.01,0.03,0.01,-3.000,0.161,4.71,1.13,0.699,0.04,0.0010,-3.0
3,2010,7,119.8,0.05,0.01,0.01,0.02,-3.000,0.091,4.72,0.86,0.652,0.05,0.0010,-3.0
3,2010,8,93.4,0.06,0.01,0.03,0.03,-3.000,0.124,4.68,0.91,0.791,0.09,0.0010,-3.0
3,2010,9,171.8,0.11,0.04,0.04,0.20,-3.000,0.160,4.67,1.23,0.994,0.41,0.0010,-3.0
3,2010,10,159.8,0.11,0.03,0.10,0.09,-3.000,0.090,5.08,0.50,0.633,0.20,0.0010,-3.0
3,2010,11,94.4,0.06,0.02,0.06,0.12,-3.000,0.094,4.73,0.82,0.749,0.19,0.0010,-3.0
3,2010,12,140.1,0.03,0.02,0.01,0.11,-3.000,0.005,5.03,0.25,0.362,0.22,0.0010,-3.0
3,2011,1,70.8,0.03,0.01,0.01,0.06,-3.000,0.036,4.78,0.23,0.914,0.11,0.0010,-3.0
3,2011,2,124.2,0.10,0.01,0.01,0.08,-3.000,0.084,4.79,0.58,0.995,0.11,0.0010,-3.0
3,2011,3,157.5,0.07,0.03,0.02,0.20,-3.000,0.062,4.99,0.48,0.510,0.39,0.0010,-3.0
3,2011,4,178.0,0.20,0.03,0.03,0.09,-3.000,0.233,4.85,0.99,0.786,0.16,0.0010,-3.0
3,2011,5,133.7,0.09,0.04,0.18,0.10,-3.000,0.078,4.74,0.89,0.669,0.22,0.0040,-3.0
3,2011,6,111.4,0.13,0.02,0.10,0.03,-3.000,0.176,4.87,0.80,0.895,0.08,0.0010,-3.0
3,2011,7,59.1,0.23,0.04,0.06,0.07,-3.000,0.256,4.50,1.89,1.619,0.17,0.0010,-3.0
3,2011,8,312.3,0.02,0.01,0.03,0.05,-3.000,0.039,5.01,0.40,0.126,0.11,0.0010,-3.0
3,2011,9,171.6,0.03,0.01,0.01,0.03,-3.000,0.027,4.94,0.28,0.138,0.07,0.0010,-3.0
3,2011,10,153.2,0.04,0.01,0.02,0.03,-3.000,0.042,5.05,0.31,0.357,0.08,0.0010,-3.0
3,2011,11,95.3,0.04,0.02,0.03,0.13,-3.000,0.026,5.04,0.33,0.389,0.25,0.0010,-3.0
3,2011,12,123.6,0.05,0.02,0.06,0.07,-3.000,0.101,4.70,0.66,1.090,0.12,0.0010,-3.0
3,2012,1,121.5,0.07,0.02,0.03,0.14,-3.000,0.102,4.74,0.59,1.085,0.25,0.0010,-3.0
3,2012,2,32.1,0.21,0.03,0.04,0.11,-3.000,0.254,4.73,1.07,1.869,0.16,0.0010,-3.0
3,2012,3,62.9,0.60,0.10,0.06,0.17,-3.000,0.715,4.84,2.24,2.742,0.22,0.0010,-3.0
3,2012,4,98.9,0.13,0.03,0.06,0.07,-3.000,0.093,4.90,0.63,0.694,0.13,0.0010,-3.0
3,2012,5,236.9,0.07,0.02,0.04,0.07,-3.000,0.094,4.97,0.60,0.621,0.15,0.0010,-3.0
3,2012,6,169.5,0.06,0.01,0.04,0.01,-3.000,0.009,5.15,0.34,0.181,0.05,0.0010,-3.0
3,2012,7,85.3,0.14,0.02,0.04,0.01,-3.000,0.116,5.04,0.59,0.697,0.05,0.0010,-3.0
3,2012,8,212.2,0.05,0.01,0.03,0.02,-3.000,0.035,4.95,0.58,0.556,0.04,0.0010,-3.0
3,2012,9,169.3,0.04,0.02,0.02,0.11,-3.000,0.053,5.02,0.51,0.469,0.20,0.0010,-3.0
3,2012,10,167.1,0.07,0.05,0.17,0.31,-3.000,0.017,5.18,0.36,0.263,0.57,0.0010,-3.0
3,2012,11,22.5,0.08,0.02,0.02,0.14,-3.000,0.146,4.88,0.61,0.754,0.26,0.0010,-3.0
3,2012,12,147.8,0.05,0.01,0.01,0.05,-3.000,0.102,4.84,0.49,0.813,0.09,0.0010,-3.0
3,2013,1,84.0,0.07,0.01,0.01,0.06,-3.000,0.104,4.79,0.52,1.230,0.13,-3.0000,-3.0
3,2013,2,72.8,0.06,0.02,0.01,0.17,-3.000,0.057,4.80,0.37,1.055,0.28,-3.0000,-3.0
3,2013,3,82.9,0.08,0.03,0.02,0.19,-3.000,0.079,4.97,0.46,0.651,0.32,-3.0000,-3.0
3,2013,4,66.5,0.16,0.03,0.05,0.12,-3.000,0.406,4.83,1.16,1.414,0.17,-3.0000,-3.0
3,2013,5,116.7,0.09,0.04,0.14,0.18,-3.000,0.157,5.13,0.56,0.714,0.22,-3.0000,-3.0
3,2013,6,180.8,0.10,0.02,0.13,0.26,-3.000,0.180,4.89,0.69,0.924,0.13,-3.0000,-3.0
3,2013,7,182.1,0.05,0.03,0.11,0.31,-3.000,0.087,4.94,0.43,0.584,0.14,-3.0000,-3.0
3,2013,8,91.9,0.05,0.05,0.05,0.07,-3.000,0.138,4.86,0.55,0.643,0.12,-3.0000,-3.0
3,2013,9,123.3,0.07,0.01,0.04,0.04,-3.000,0.135,5.04,0.51,0.572,0.09,-3.0000,-3.0
3,2013,10,71.2,0.06,0.02,0.07,0.05,-3.000,0.183,4.77,0.56,0.862,0.14,-3.0000,-3.0
3,2013,11,131.9,0.04,0.01,0.04,0.08,-3.000,0.103,4.90,0.37,0.711,0.09,-3.0000,-3.0
3,2013,12,95.1,0.05,0.01,0.03,0.11,-3.000,0.104,4.74,0.52,0.885,0.14,-3.0000,-3.0
3,2014,1,108.8,0.07,0.01,0.05,0.16,-3.000,0.083,4.77,0.43,0.903,0.23,-3.0000,-3.0
3,2014,2,80.6,0.08,0.01,0.04,0.16,-3.000,0.097,4.95,0.40,0.783,0.23,-3.0000,-3.0
3,2014,3,110.8,0.06,0.01,0.04,0.11,-3.000,0.204,4.99,0.55,0.706,0.14,-3.0000,-3.0
3,2014,4,83.2,0.08,0.01,0.04,0.13,-3.000,0.139,4.95,0.49,0.525,0.14,-3.0000,-3.0
3,2014,5,123.7,0.14,0.05,0.12,0.38,-3.000,0.231,4.89,0.70,1.029,0.45,-3.0000,-3.0
