ws,year,mo,flow,Ca,Mg,K,Na,Al,NH4,pH,SO4,NO3,Cl,PO4,SiO2
3,1963,6,7.5,2.33,0.43,0.14,1.40,-3.000,-3.000,-3.00,-3.00,-3.000,-3.00,-3.0000,-3.0
3,1963,7,1.4,2.37,0.46,0.20,1.63,-3.000,-3.000,-3.00,-3.00,-3.000,-3.00,-3.0000,-3.0
3,1963,8,3.1,2.49,0.51,0.24,1.52,-3.000,-3.000,-3.00,-3.00,-3.000,-3.00,-3.0000,-3.0
3,1963,9,0.7,2.73,0.60,0.48,1.82,-3.000,-3.000,-3.00,-3.00,-3.000,-3.00,-3.0000,-3.0
3,1963,10,1.1,2.89,0.74,1.57,1.96,-3.000,-3.000,-3.00,-3.00,-3.000,-3.00,-3.0000,-3.0
3,1963,11,82.4,2.31,0.46,0.39,1.02,-3.000,-3.000,-3.00,-3.00,-3.000,-3.00,-3.0000,-3.0
3,1963,12,57.7,1.76,0.38,0.21,0.94,-3.000,-3.000,-3.00,-3.00,-3.000,-3.00,-3.0000,-3.0
3,1964,1,56.2,1.88,0.37,0.17,1.09,-3.000,-3.000,-3.00,-3.00,-3.000,-3.00,-3.0000,-3.0
3,1964,2,18.6,1.88,0.38,0.18,1.16,-3.000,-3.000,-3.00,-3.00,-3.000,-3.00,-3.0000,-3.0
3,1964,3,92.5,1.91,0.39,0.19,0.94,-3.000,-3.000,-3.00,-3.00,-3.000,-3.00,-3.0000,-3.0
3,1964,4,253.0,1.80,0.36,0.19,0.81,-3.000,-3.000,-3.00,-3.00,-3.000,-3.00,-3.0000,-3.0
3,1964,5,71.4,1.98,0.36,0.18,1.19,-3.000,-3.000,-3.00,-3.00,-3.000,-3.00,-3.0000,-3.0
3,1964,6,2.9,1.70,0.41,0.16,1.35,-3.000,-3.000,-3.00,-3.00,-3.000,-3.00,-3.0000,-3.0
3,1964,7,6.1,1.66,0.41,0.21,1.21,-3.000,-3.000,-3.00,-3.00,-3.000,-3.00,-3.0000,-3.0
3,1964,8,10.5,1.66,0.41,0.21,1.21,-3.000,-3.000,-3.00,-3.00,-3.000,-3.00,-3.0000,-3.0
3,1964,9,0.8,1.66,0.41,0.21,1.21,-3.000,-3.000,-3.00,-3.00,-3.000,-3.00,-3.0000,-3.0
3,1964,10,3.7,1.66,0.41,0.21,1.21,-3.000,-3.000,-3.00,-3.00,-3.000,-3.00,-3.0000,-3.0
3,1964,11,44.3,1.66,0.41,0.21,1.21,-3.000,-3.000,-3.00,-3.00,-3.000,-3.00,-3.0000,-3.0
3,1964,12,71.2,1.66,0.41,0.21,1.21,-3.000,-3.000,-3.00,-3.00,-3.000,-3.00,-3.0000,-3.0
3,1965,1,24.1,1.66,0.41,0.21,1.21,-3.000,-3.000,-3.00,-3.00,-3.000,-3.00,-3.0000,-3.0
3,1965,2,28.4,1.66,0.41,0.21,1.21,-3.000,-3.000,-3.00,-3.00,-3.000,-3.00,-3.0000,-3.0
3,1965,3,37.2,1.66,0.41,0.21,1.21,-3.000,-3.000,-3.00,-3.00,-3.000,-3.00,-3.0000,-3.0
3,1965,4,177.8,1.66,0.41,0.21,1.21,-3.000,-3.000,-3.00,-3.00,-3.000,-3.00,-3.0000,-3.0
3,1965,5,32.8,1.34,0.37,0.17,1.11,-3.000,-3.000,5.38,-3.00,-3.000,-3.00,-3.0000,-3.0
3,1965,6,13.9,1.43,0.41,0.16,1.15,-3.000,-3.000,5.38,-3.00,-3.000,-3.00,-3.0000,-3.0
3,1965,7,2.3,1.70,0.44,0.18,1.48,-3.000,-3.000,5.57,-3.00,-3.000,-3.00,-3.0000,-3.0
3,1965,8,0.8,1.81,0.56,0.26,1.98,-3.000,-3.000,5.45,-3.00,-3.000,-3.00,-3.0000,-3.0
3,1965,9,35.2,1.83,0.46,0.15,1.57,-3.000,-3.000,5.59,-3.00,-3.000,-3.00,-3.0000,-3.0
3,1965,10,80.0,1.72,0.38,0.14,1.08,-3.000,-3.000,5.32,-3.00,-3.000,-3.00,-3.0000,-3.0
3,1965,11,87.9,1.61,0.39,0.12,1.11,-3.000,-3.000,5.12,-3.00,-3.000,-3.00,-3.0000,-3.0
3,1965,12,27.3,1.68,0.40,0.13,1.18,-3.000,-3.000,5.13,-3.00,-3.000,-3.00,-3.0000,-3.0
3,1966,1,38.8,1.70,0.42,0.13,1.17,-3.000,-3.000,5.25,-3.00,-3.000,-3.00,-3.0000,-3.0
3,1966,2,22.1,1.69,0.42,0.15,1.25,-3.000,-3.000,5.32,-3.00,-3.000,-3.00,-3.0000,-3.0
3,1966,3,117.3,1.68,0.42,0.19,1.11,-3.000,-3.000,5.17,-3.00,-3.000,-3.00,-3.0000,-3.0
3,1966,4,179.7,1.58,0.39,0.17,0.92,-3.000,-3.000,4.75,-3.00,-3.000,-3.00,-3.0000,-3.0
3,1966,5,100.5,1.47,0.37,0.17,0.96,-3.000,-3.000,4.78,-3.00,-3.000,-3.00,-3.0000,-3.0
3,1966,6,34.3,1.51,0.40,0.14,1.16,-3.000,-3.000,5.13,-3.00,-3.000,-3.00,-3.0000,-3.0
3,1966,7,4.4,1.79,0.53,0.23,1.61,-3.000,-3.000,5.24,-3.00,-3.000,-3.00,-3.0000,-3.0
3,1966,8,19.9,1.63,0.44,0.17,1.12,-3.000,-3.000,4.80,-3.00,-3.000,-3.00,-3.0000,-3.0
3,1966,9,19.0,1.55,0.43,0.10,1.28,-3.000,-3.000,4.85,-3.00,-3.000,-3.00,-3.0000,-3.0
3,1966,10,46.6,1.44,0.41,0.20,1.23,-3.000,-3.000,4.75,-3.00,-3.000,-3.00,-3.0000,-3.0
3,1966,11,120.3,1.55,0.37,0.13,1.05,-3.000,-3.000,4.91,-3.00,-3.000,-3.00,-3.0000,-3.0
3,1966,12,53.7,1.43,0.38,0.11,1.09,-3.000,-3.000,4.84,-3.00,-3.000,-3.00,-3.0000,-3.0
3,1967,1,23.1,1.68,0.40,0.14,1.21,-3.000,-3.000,4.76,-3.00,-3.000,-3.00,-3.0000,-3.0
3,1967,2,15.2,1.57,0.42,0.15,1.31,-3.000,-3.000,4.70,-3.00,-3.000,-3.00,-3.0000,-3.0
3,1967,3,44.6,1.60,0.41,0.20,1.15,-3.000,-3.000,4.51,-3.00,-3.000,-3.00,-3.0000,-3.0
3,1967,4,271.7,1.56,0.38,0.21,0.84,-3.000,-3.000,4.33,-3.00,-3.000,-3.00,-3.0000,-3.0
3,1967,5,119.1,1.53,0.37,0.16,0.95,-3.000,-3.000,4.59,-3.00,-3.000,-3.00,-3.0000,-3.0
3,1967,6,19.2,1.61,0.39,0.16,1.24,-3.000,-3.000,4.77,-3.00,-3.000,-3.00,-3.0000,-3.0
3,1967,7,7.5,1.65,0.41,0.15,1.41,-3.000,-3.000,4.80,-3.00,-3.000,-3.00,-3.0000,-3.0
3,1967,8,10.7,1.84,0.38,0.14,1.24,-3.000,-3.000,5.01,-3.00,-3.000,-3.00,-3.0000,-3.0
3,1967,9,27.1,1.70,0.40,0.16,1.43,-3.000,-3.000,5.14,-3.00,-3.000,-3.00,-3.0000,-3.0
3,1967,10,96.2,1.75,0.39,0.17,1.18,-3.000,-3.000,4.94,-3.00,-3.000,-3.00,-3.0000,-3.0
3,1967,11,71.0,1.77,0.40,0.11,1.11,-3.000,-3.000,4.76,-3.00,-3.000,-3.00,-3.0000,-3.0
3,1967,12,75.4,1.70,0.41,0.12,1.07,-3.000,-3.000,5.02,-3.00,-3.000,-3.00,-3.0000,-3.0
3,1968,1,16.6,1.50,0.43,0.14,1.27,-3.000,-3.000,4.69,-3.00,-3.000,-3.00,-3.0000,-3.0
3,1968,2,36.3,1.49,0.44,0.15,1.27,-3.000,-3.000,4.12,-3.00,-3.000,-3.00,-3.0000,-3.0
3,1968,3,183.5,1.66,0.42,0.19,1.14,-3.000,-3.000,4.98,-3.00,-3.000,-3.00,-3.0000,-3.0
3,1968,4,198.6,1.52,0.41,0.26,0.98,-3.000,-3.000,4.95,-3.00,-3.000,-3.00,-3.0000,-3.0
3,1968,5,123.6,1.44,0.40,0.25,1.03,-3.000,-3.000,4.94,-3.00,-3.000,-3.00,-3.0000,-3.0
3,1968,6,103.1,1.42,0.38,0.18,1.02,-3.000,-3.000,4.94,-3.00,-3.000,-3.00,-3.0000,-3.0
3,1968,7,17.6,1.42,0.39,0.16,1.23,-3.000,-3.000,5.03,-3.00,-3.000,-3.00,-3.0000,-3.0
3,1968,8,1.3,1.87,0.48,0.25,1.92,-3.000,-3.000,5.26,-3.00,-3.000,-3.00,-3.0000,-3.0
3,1968,9,1.9,2.42,0.64,0.40,2.37,-3.000,-3.000,5.61,-3.00,-3.000,-3.00,-3.0000,-3.0
3,1968,10,3.3,2.01,0.59,0.61,2.19,-3.000,-3.000,6.08,-3.00,-3.000,-3.00,-3.0000,-3.0
3,1968,11,25.1,1.82,0.47,0.33,1.39,-3.000,-3.000,5.11,-3.00,-3.000,-3.00,-3.0000,-3.0
3,1968,12,52.7,1.81,0.42,0.21,1.13,-3.000,-3.000,4.86,-3.00,-3.000,-3.00,-3.0000,-3.0
3,1969,1,23.3,1.68,0.40,0.16,1.22,-3.000,-3.000,5.10,-3.00,-3.000,-3.00,-3.0000,-3.0
3,1969,2,17.6,1.74,0.40,0.17,1.24,-3.000,-3.000,5.08,-3.00,-3.000,-3.00,-3.0000,-3.0
3,1969,3,32.8,1.70,0.39,0.19,1.05,-3.000,-3.000,4.80,-3.00,-3.000,-3.00,-3.0000,-3.0
3,1969,4,435.0,1.61,0.36,0.22,0.80,-3.000,-3.000,4.58,-3.00,-3.000,-3.00,-3.0000,-3.0
3,1969,5,121.3,1.46,0.34,0.21,1.02,-3.000,-3.000,4.69,-3.00,-3.000,-3.00,-3.0000,-3.0
3,1969,6,16.5,1.67,0.36,0.20,1.14,-3.000,-3.000,4.43,-3.00,-3.000,-3.00,-3.0000,-3.0
3,1969,7,50.6,2.08,0.44,0.37,1.17,-3.000,-3.000,5.09,-3.00,-3.000,-3.00,-3.0000,-3.0
3,1969,8,50.0,1.80,0.35,0.16,1.06,-3.000,-3.000,4.97,-3.00,-3.000,-3.00,-3.0000,-3.0
3,1969,9,6.4,1.76,0.39,0.15,1.36,-3.000,-3.000,5.19,-3.00,-3.000,-3.00,-3.0000,-3.0
3,1969,10,14.7,1.67,0.44,0.42,1.43,-3.000,-3.000,5.26,-3.00,-3.000,-3.00,-3.0000,-3.0
3,1969,11,116.4,2.01,0.42,0.19,1.17,-3.000,-3.000,4.69,-3.00,-3.000,-3.00,-3.0000,-3.0
3,1969,12,113.9,2.11,0.44,0.14,1.14,-3.000,-3.000,4.58,-3.00,-3.000,-3.00,-3.0000,-3.0
3,1970,1,23.3,2.13,0.46,0.17,1.16,-3.000,-3.000,4.73,-3.00,-3.000,-3.00,-3.0000,-3.0
3,1970,2,70.6,2.13,0.46,0.19,1.11,-3.000,-3.000,4.65,-3.00,-3.000,-3.00,-3.0000,-3.0
3,1970,3,25.1,2.07,0.46,0.20,1.18,-3.000,-3.000,5.14,-3.00,-3.000,-3.00,-3.0000,-3.0
3,1970,4,256.2,2.09,0.44,0.22,0.93,-3.000,-3.000,4.88,-3.00,-3.000,-3.00,-3.0000,-3.0
3,1970,5,74.9,1.92,0.40,0.24,0.97,-3.000,-3.000,4.92,-3.00,-3.000,-3.00,-3.0000,-3.0
3,1970,6,5.6,1.79,0.42,0.20,1.41,-3.000,-3.000,5.32,-3.00,-3.000,-3.00,-3.0000,-3.0
3,1970,7,7.1,1.81,0.42,0.19,1.40,-3.000,-3.000,5.34,-3.00,-3.000,-3.00,-3.0000,-3.0
3,1970,8,9.7,1.89,0.47,0.61,1.49,-3.000,-3.000,5.58,-3.00,-3.000,-3.00,-3.0000,-3.0
3,1970,9,32.7,1.81,0.42,0.21,1.33,-3.000,-3.000,5.32,-3.00,-3.000,-3.00,-3.0000,-3.0
3,1970,10,83.3,1.72,0.40,0.19,1.06,-3.000,-3.000,5.07,-3.00,-3.000,-3.00,-3.0000,-3.0
3,1970,11,70.3,2.10,0.44,0.17,1.14,-3.000,-3.000,4.98,-3.00,-3.000,-3.00,-3.0000,-3.0
3,1970,12,38.7,2.17,0.47,0.16,1.20,-3.000,-3.000,4.93,-3.00,-3.000,-3.00,-3.0000,-3.0
3,1971,1,20.3,2.13,0.48,0.20,1.29,-3.000,-3.000,5.00,-3.00,-3.000,-3.00,-3.0000,-3.0
3,1971,2,30.5,2.08,0.49,0.17,1.24,-3.000,-3.000,5.03,-3.00,-3.000,-3.00,-3.0000,-3.0
3,1971,3,33.3,2.13,0.49,0.19,1.27,-3.000,-3.000,5.01,-3.00,-3.000,-3.00,-3.0000,-3.0
3,1971,4,271.2,2.28,0.49,0.22,0.95,-3.000,-3.000,4.85,-3.00,-3.000,-3.00,-3.0000,-3.0
3,1971,5,159.1,2.03,0.42,0.23,0.79,-3.000,-3.000,4.88,-3.00,-3.000,-3.00,-3.0000,-3.0
3,1971,6,10.2,1.93,0.45,0.21,1.28,-3.000,0.016,5.23,6.23,0.259,0.21,-3.0000,4.6
3,1971,7,5.6,1.91,0.48,0.28,1.47,-3.000,0.020,5.33,7.18,1.071,0.66,-3.0000,7.6
3,1971,8,10.8,1.76,0.43,0.42,1.38,-3.000,0.023,5.43,7.58,0.672,0.58,-3.0000,7.3
3,1971,9,14.4,1.81,0.42,0.19,1.29,-3.000,0.021,5.21,6.28,0.704,0.46,-3.0000,7.0
3,1971,10,48.3,1.90,0.43,0.19,1.21,-3.000,0.028,5.11,7.97,2.278,0.52,-3.0000,6.6
3,1971,11,20.2,1.87,0.43,0.14,1.30,-3.000,0.033,5.22,5.80,3.215,0.60,-3.0000,6.3
3,1971,12,52.2,2.01,0.46,0.13,1.20,-3.000,0.031,5.03,5.72,3.257,0.59,-3.0000,6.3
3,1972,1,32.0,2.05,0.47,0.15,1.21,-3.000,0.006,5.05,4.68,4.169,0.60,-3.0000,6.3
3,1972,2,21.6,2.07,0.49,0.17,1.33,-3.000,0.006,5.17,4.90,4.436,0.61,-3.0000,6.3
3,1972,3,92.6,2.25,0.50,0.17,1.16,-3.000,0.007,4.90,5.66,7.018,0.56,-3.0000,6.0
3,1972,4,200.1,2.21,0.48,0.24,0.93,-3.000,0.016,4.71,5.95,7.569,0.46,0.0010,5.3
3,1972,5,205.9,2.06,0.43,0.30,0.74,-3.000,0.026,4.62,6.27,6.316,0.41,0.0010,5.4
3,1972,6,42.7,1.71,0.35,0.15,0.98,-3.000,0.030,4.89,7.20,1.193,0.43,0.0010,6.2
3,1972,7,56.4,1.68,0.35,0.11,1.05,-3.000,0.025,4.97,7.52,0.576,0.53,0.0020,6.6
3,1972,8,40.3,1.70,0.33,0.12,1.00,-3.000,0.021,4.90,7.79,0.949,0.45,0.0070,7.5
3,1972,9,7.0,1.69,0.41,0.15,1.42,-3.000,0.018,5.28,8.48,0.573,0.52,0.0090,8.4
3,1972,10,26.5,1.64,0.40,0.36,1.26,-3.000,0.023,5.16,8.03,0.523,0.68,0.0010,6.6
3,1972,11,99.1,1.77,0.38,0.19,1.03,-3.000,0.007,4.91,7.86,1.116,0.71,0.0020,5.9
3,1972,12,62.5,1.77,0.37,0.12,1.05,-3.000,0.005,4.86,7.25,1.566,0.59,0.0010,5.9
3,1973,1,100.6,1.75,0.37,0.18,0.95,-3.000,0.008,4.82,6.88,2.239,0.69,0.0030,5.3
3,1973,2,83.8,1.77,0.36,0.16,0.93,-3.000,0.016,4.89,6.23,2.371,0.83,0.0020,5.5
3,1973,3,208.9,1.69,0.35,0.21,0.87,-3.000,0.028,4.82,6.21,2.421,0.46,0.0010,5.0
3,1973,4,112.1,1.54,0.31,0.19,0.85,-3.000,0.026,4.89,6.26,1.815,0.55,0.0030,5.0
3,1973,5,122.4,1.54,0.32,0.21,0.98,-3.000,0.023,4.97,7.04,0.923,0.55,0.0030,6.0
3,1973,6,244.5,1.53,0.29,0.18,0.79,-3.000,0.014,4.83,6.84,0.544,0.39,0.0030,4.4
3,1973,7,72.0,1.54,0.29,0.14,0.79,-3.000,0.025,4.91,6.88,0.407,0.35,0.0030,4.6
3,1973,8,7.7,1.74,0.40,0.17,1.45,-3.000,0.016,5.38,7.39,0.991,0.48,0.0020,7.5
3,1973,9,33.8,1.69,0.41,0.15,1.36,-3.000,0.026,5.41,7.78,0.844,0.41,0.0020,6.9
3,1973,10,41.0,1.66,0.40,0.20,1.18,-3.000,0.037,5.28,7.36,0.542,0.44,0.0020,6.3
3,1973,11,103.4,1.76,0.40,0.14,1.06,-3.000,0.036,5.08,6.67,1.899,0.51,0.0020,6.0
3,1973,12,266.1,1.70,0.36,0.16,0.80,-3.000,0.032,4.87,5.97,3.141,0.52,0.0020,4.8
3,1974,1,46.2,1.82,0.39,0.16,0.89,-3.000,0.027,5.01,6.29,3.069,0.47,0.0020,4.9
3,1974,2,37.5,1.88,0.43,0.17,0.99,-3.000,0.028,5.05,6.43,3.093,0.46,0.0020,5.6
3,1974,3,100.4,1.77,0.40,0.19,0.85,-3.000,0.039,5.03,6.23,3.429,0.44,0.0010,5.0
3,1974,4,239.3,1.61,0.34,0.21,0.72,-3.000,0.036,4.95,6.14,2.808,0.39,0.0020,4.3
3,1974,5,139.9,1.51,0.32,0.20,0.75,-3.000,0.035,5.01,6.54,1.461,0.42,0.0050,4.8
3,1974,6,49.5,1.48,0.32,0.18,0.89,-3.000,0.031,5.11,6.33,0.730,0.42,0.0030,5.1
3,1974,7,17.3,1.52,0.33,0.12,1.08,-3.000,0.029,5.19,6.57,0.416,0.44,0.0030,6.0
3,1974,8,9.8,1.60,0.38,0.14,1.21,-3.000,0.041,5.27,7.21,0.824,0.46,0.0020,6.6
3,1974,9,51.3,1.52,0.34,0.11,0.85,-3.000,0.032,5.16,8.79,0.341,0.31,0.0020,5.6
3,1974,10,38.0,1.53,0.36,0.21,0.97,-3.000,0.034,5.33,7.52,0.142,0.34,0.0020,5.8
3,1974,11,82.0,1.60,0.37,0.16,1.00,-3.000,0.010,5.26,6.85,0.925,0.40,0.0020,5.5
3,1974,12,79.1,1.65,0.38,0.15,0.88,-3.000,0.010,5.10,6.80,1.873,0.50,0.0030,5.5
3,1975,1,25.2,1.76,0.41,0.16,1.03,-3.000,0.010,5.16,6.24,2.442,0.51,0.0030,5.8
3,1975,2,21.5,1.81,0.42,0.18,1.04,-3.000,0.018,5.19,6.39,2.765,0.50,0.0030,5.5
3,1975,3,118.3,1.76,0.41,0.18,1.02,-3.000,0.011,5.13,6.25,2.867,0.64,0.0020,5.2
3,1975,4,200.7,1.64,0.36,0.18,0.87,-3.000,0.020,5.02,6.25,2.634,0.61,0.0010,4.8
3,1975,5,61.9,1.53,0.35,0.19,0.81,-3.000,0.020,4.94,6.42,1.691,0.53,0.0020,5.0
3,1975,6,93.9,1.50,0.34,0.12,0.92,-3.000,0.013,5.11,7.53,0.533,0.56,0.0060,5.8
3,1975,7,52.7,1.48,0.32,0.12,0.94,-3.000,0.017,5.03,7.16,0.494,0.46,0.0030,5.6
3,1975,8,3.9,1.69,0.43,0.21,1.50,-3.000,0.010,5.49,7.40,1.084,0.48,0.0040,7.8
3,1975,9,56.5,1.62,0.33,0.12,0.91,-3.000,0.015,5.14,7.18,0.218,0.32,0.0020,5.8
3,1975,10,138.5,1.58,0.32,0.14,0.85,-3.000,0.010,5.06,7.11,0.318,0.41,0.0030,5.3
3,1975,11,117.9,1.47,0.30,0.12,0.94,-3.000,0.020,5.08,6.52,1.142,0.47,0.0060,5.3
3,1975,12,49.5,1.65,0.34,0.11,0.97,-3.000,0.020,5.17,6.30,1.881,0.46,0.0030,5.4
3,1976,1,62.0,1.69,0.36,0.15,0.91,-3.000,0.012,5.05,6.33,3.543,0.48,0.0030,4.8
3,1976,2,82.9,1.63,0.36,0.14,0.94,-3.000,0.015,5.08,6.04,3.358,0.46,0.0020,5.2
3,1976,3,183.8,1.62,0.36,0.17,0.84,-3.000,0.020,5.02,6.01,3.635,0.42,0.0010,4.9
3,1976,4,185.7,1.47,0.31,0.20,0.71,-3.000,0.018,4.98,6.35,2.871,0.35,0.0020,4.5
3,1976,5,158.5,1.35,0.29,0.20,0.75,-3.000,0.012,5.04,6.19,1.228,0.38,0.0030,4.9
3,1976,6,12.9,1.44,0.33,0.15,1.06,-3.000,0.012,5.29,6.73,0.414,0.43,0.0040,5.8
3,1976,7,11.3,1.48,0.33,0.18,1.17,-3.000,0.011,5.37,6.94,0.625,0.44,0.0040,6.2
3,1976,8,35.5,1.42,0.39,0.16,1.01,-3.000,0.005,5.27,6.78,0.591,0.32,0.0010,5.7
3,1976,9,29.4,1.47,0.32,0.18,0.98,-3.000,0.008,5.12,7.37,0.789,0.33,0.0020,5.5
3,1976,10,151.3,1.40,0.31,0.15,0.91,-3.000,0.008,5.17,6.37,0.492,0.39,0.0010,5.5
3,1976,11,64.0,1.42,0.31,0.10,0.89,-3.000,0.009,5.11,6.32,0.946,0.50,0.0010,5.9
3,1976,12,44.8,1.62,0.36,0.22,1.01,-3.000,0.011,5.18,6.35,2.385,0.51,0.0020,4.6
3,1977,1,11.7,1.49,0.38,0.12,1.20,-3.000,0.006,5.39,6.16,1.701,0.50,0.0020,6.3
3,1977,2,9.2,1.60,0.38,0.14,1.33,-3.000,0.006,5.45,6.42,1.895,0.52,0.0030,7.1
3,1977,3,258.5,1.48,0.32,0.23,0.82,-3.000,0.007,4.97,5.58,3.926,0.32,0.0040,5.0
3,1977,4,149.4,1.29,0.27,0.17,0.75,-3.000,0.006,5.01,5.71,2.141,0.33,0.0040,5.2
3,1977,5,24.9,1.30,0.29,0.18,1.01,-3.000,0.005,5.24,6.12,0.809,0.38,0.0030,7.2
3,1977,6,19.8,1.37,0.33,0.16,1.21,-3.000,0.005,5.43,6.23,0.236,0.46,0.0020,6.9
3,1977,7,3.0,1.51,0.40,0.18,1.52,-3.000,0.005,5.65,6.94,0.768,0.41,0.0040,7.5
3,1977,8,3.3,1.61,0.47,0.20,1.69,-3.000,0.008,5.70,6.93,1.300,0.35,0.0050,9.5
3,1977,9,42.1,1.49,0.32,0.23,0.95,-3.000,0.010,5.19,6.43,0.438,0.29,0.0040,5.3
3,1977,10,186.6,1.39,0.27,0.15,0.72,-3.000,0.015,5.00,6.23,0.058,0.35,0.0070,4.8
3,1977,11,63.3,1.42,0.30,0.12,0.89,-3.000,0.010,5.16,6.68,0.270,0.41,0.0030,5.7
3,1977,12,72.9,1.38,0.30,0.09,0.89,-3.000,0.007,5.15,6.09,0.526,0.38,0.0040,5.5
3,1978,1,149.2,1.34,0.28,0.28,0.71,-3.000,0.005,4.94,5.58,1.243,0.44,0.0050,4.3
3,1978,2,20.4,1.38,0.30,0.12,0.94,-3.000,0.005,5.18,6.14,0.800,0.38,0.0040,5.4
3,1978,3,24.0,1.45,0.34,0.15,1.13,-3.000,0.007,5.26,6.13,1.244,0.48,0.0040,5.8
3,1978,4,219.2,1.35,0.29,0.14,0.81,-3.000,0.009,5.03,5.63,1.241,0.40,0.0020,4.8
3,1978,5,100.0,1.26,0.26,0.16,0.81,-3.000,0.012,5.01,5.93,0.455,0.37,0.0030,4.9
3,1978,6,77.3,1.34,0.28,0.11,1.35,-3.000,0.010,5.12,5.99,0.148,0.43,0.0030,5.5
3,1978,7,1.0,1.44,0.40,0.14,1.66,-3.000,0.010,5.32,6.76,0.941,0.54,0.0040,7.5
3,1978,8,1.1,1.57,0.47,0.22,1.86,-3.000,0.010,5.43,7.14,1.501,0.51,0.0040,8.2
3,1978,9,0.7,1.48,0.48,0.17,2.14,-3.000,0.010,5.39,7.47,1.256,0.56,0.0030,9.0
3,1978,10,3.4,1.60,0.54,0.90,1.72,-3.000,0.017,5.55,7.66,0.685,0.84,0.0020,7.2
3,1978,11,6.4,1.65,0.52,0.79,1.48,-3.000,0.016,5.40,7.07,1.171,0.80,0.0080,6.4
3,1978,12,11.0,1.55,0.42,0.29,1.29,-3.000,0.010,5.52,6.63,0.845,0.83,0.0020,6.6
3,1979,1,76.0,1.39,0.33,0.30,0.80,-3.000,0.012,5.03,5.77,1.595,0.51,0.0050,5.5
3,1979,2,20.0,1.42,0.35,0.14,1.10,-3.000,0.010,5.31,6.25,0.816,0.42,0.0030,5.9
3,1979,3,305.2,1.32,0.29,0.20,0.78,-3.000,0.010,4.91,5.60,1.181,0.66,0.0040,3.9
3,1979,4,200.7,1.19,0.25,0.17,0.69,-3.000,0.015,4.84,5.55,0.550,0.47,0.0060,3.6
3,1979,5,115.9,1.19,0.24,0.13,0.81,-3.000,0.010,5.02,6.06,0.109,0.44,0.0060,4.8
3,1979,6,18.2,1.24,0.26,0.10,0.93,-3.000,0.010,5.14,5.90,0.083,0.47,0.0030,4.4
3,1979,7,3.6,1.35,0.32,0.14,1.31,-3.000,0.015,5.27,6.27,0.453,0.52,0.0030,6.3
3,1979,8,3.8,1.43,0.36,0.16,1.18,-3.000,0.017,5.35,6.19,0.461,0.46,0.0030,6.7
3,1979,9,20.1,1.42,0.33,0.12,1.16,-3.000,0.011,5.29,6.50,0.297,0.48,0.0040,6.1
3,1979,10,97.8,1.33,0.26,0.19,0.86,-3.000,0.019,5.09,5.96,0.067,0.47,0.0030,5.2
3,1979,11,110.9,1.30,0.27,0.15,0.95,-3.000,0.012,4.99,6.17,0.577,0.55,0.0030,5.2
3,1979,12,64.1,1.48,0.30,0.13,1.03,-3.000,0.015,5.09,6.16,1.033,0.57,0.0030,5.7
3,1980,1,30.0,1.54,0.32,0.15,1.10,-3.000,0.014,5.11,6.05,1.601,0.65,0.0020,5.9
3,1980,2,4.0,1.78,0.44,0.21,1.41,-3.000,0.019,5.47,6.69,1.258,0.64,0.0020,8.0
3,1980,3,63.7,1.41,0.34,0.35,0.89,-3.000,0.022,5.05,5.18,2.798,0.61,0.0050,4.5
3,1980,4,216.7,1.37,0.32,0.32,0.78,-3.000,0.021,4.95,5.01,2.666,0.60,0.0060,4.3
3,1980,5,60.2,1.44,0.32,0.24,0.92,-3.000,0.013,5.02,5.73,1.390,0.71,0.0030,5.5
3,1980,6,10.6,1.40,0.35,0.16,1.13,-3.000,0.010,5.18,6.27,0.286,0.67,0.0030,5.8
3,1980,7,3.1,1.52,0.48,0.18,1.51,-3.000,0.016,5.36,6.43,1.062,0.58,0.0030,7.6
3,1980,8,3.0,1.61,0.49,0.21,1.79,-3.000,0.020,5.53,6.60,1.690,0.60,0.0030,8.6
3,1980,9,4.9,1.68,0.43,0.24,1.36,-3.000,0.015,5.43,6.69,1.174,0.51,0.0030,6.8
3,1980,10,32.9,1.44,0.36,0.30,1.04,-3.000,0.015,5.06,6.64,0.466,0.78,0.0010,5.5
3,1980,11,70.1,1.36,0.34,0.14,1.09,-3.000,0.012,5.13,6.28,0.700,0.67,0.0030,5.7
3,1980,12,50.9,1.39,0.31,0.13,0.97,-3.000,0.019,5.04,6.27,0.920,0.63,0.0020,5.3
3,1981,1,8.3,1.49,0.37,0.16,1.30,-3.000,0.045,5.21,6.45,1.106,0.65,0.0020,6.1
3,1981,2,277.0,1.42,0.32,0.26,0.89,-3.000,0.022,4.88,5.69,2.260,0.88,0.0040,4.4
3,1981,3,57.4,1.31,0.31,0.18,0.92,-3.000,0.016,4.96,5.82,1.116,0.76,0.0010,5.2
3,1981,4,112.7,1.30,0.29,0.17,0.95,-3.000,0.011,4.95,6.07,0.619,0.71,0.0010,5.4
3,1981,5,103.1,1.30,0.28,0.19,1.02,-3.000,0.019,4.97,6.20,0.335,0.67,0.0010,5.5
3,1981,6,68.8,1.32,0.29,0.09,1.06,-3.000,0.011,5.04,6.15,0.077,0.65,0.0020,5.4
3,1981,7,93.8,1.30,0.28,0.09,1.01,-3.000,0.015,5.01,6.09,0.067,0.56,0.0050,5.8
3,1981,8,80.3,1.21,0.25,0.08,0.85,-3.000,0.013,4.90,6.10,0.036,0.41,0.0060,5.2
3,1981,9,43.0,1.27,0.30,0.11,1.08,-3.000,0.019,5.13,6.16,0.111,0.44,0.0020,6.0
3,1981,10,163.6,1.19,0.27,0.15,0.91,-3.000,0.015,5.04,6.26,0.106,0.48,0.0020,5.3
3,1981,11,55.7,1.20,0.28,0.09,0.97,-3.000,0.012,5.12,6.25,0.138,0.55,0.0010,6.0
3,1981,12,30.1,1.23,0.30,0.08,1.06,-3.000,0.010,5.20,6.27,0.329,0.50,0.0020,6.7
3,1982,1,36.9,1.22,0.31,0.10,1.03,-3.000,0.014,5.14,6.08,0.587,0.44,0.0010,6.7
3,1982,2,32.3,1.25,0.33,0.10,1.12,-3.000,0.013,5.28,6.34,0.489,0.46,0.0020,7.1
3,1982,3,59.5,1.28,0.34,0.12,1.10,-3.000,0.017,5.21,6.10,0.959,0.47,0.0020,7.4
3,1982,4,363.4,1.12,0.27,0.19,0.69,-3.000,0.014,4.92,5.29,1.258,0.34,0.0050,4.7
3,1982,5,42.6,1.11,0.26,0.15,0.80,-3.000,0.018,5.05,5.40,0.392,0.37,0.0030,5.3
3,1982,6,38.3,1.20,0.29,0.10,1.06,-3.000,0.010,5.26,5.74,0.131,0.39,0.0040,5.9
3,1982,7,6.7,1.25,0.32,0.11,1.15,-3.000,0.019,5.32,5.94,0.300,0.42,0.0060,6.3
3,1982,8,1.9,1.41,0.42,0.19,1.56,-3.000,0.022,5.49,6.42,0.630,0.45,0.0070,7.7
3,1982,9,4.2,1.38,0.40,0.29,1.40,-3.000,0.013,5.54,6.41,0.566,0.40,0.0040,6.8
3,1982,10,10.9,1.30,0.36,0.25,1.29,-3.000,0.013,5.56,6.42,0.067,0.38,0.0030,6.4
3,1982,11,83.5,1.27,0.31,0.17,1.02,-3.000,0.020,5.14,6.21,0.201,0.47,0.0020,5.6
3,1982,12,76.7,1.27,0.30,0.09,0.98,-3.000,0.010,5.16,6.13,0.285,0.47,0.0020,5.8
3,1983,1,81.7,1.17,0.27,0.16,0.82,-3.000,0.010,4.96,5.75,0.964,0.47,0.0040,4.8
3,1983,2,66.9,1.13,0.26,0.15,0.80,-3.000,0.012,4.94,5.54,0.922,0.43,0.0040,4.6
3,1983,3,120.9,1.18,0.28,0.12,0.90,-3.000,0.014,5.08,5.73,0.633,0.47,0.0030,4.9
3,1983,4,150.9,1.08,0.25,0.14,0.81,-3.000,0.013,5.01,5.24,0.457,0.47,0.0040,4.5
3,1983,5,161.5,1.08,0.24,0.15,0.84,-3.000,0.014,4.98,5.65,0.226,0.50,0.0040,4.8
3,1983,6,35.3,1.13,0.26,0.15,0.93,-3.000,0.016,5.06,5.58,0.133,0.47,0.0060,5.1
3,1983,7,1.0,1.43,0.42,0.23,1.53,-3.000,0.013,5.31,6.33,1.022,0.59,0.0050,7.4
3,1983,8,2.7,1.49,0.41,0.31,1.34,-3.000,0.016,5.46,5.82,1.223,0.48,0.0050,6.4
3,1983,9,0.7,1.55,0.44,0.40,1.42,-3.000,0.016,5.49,5.62,1.697,0.56,0.0070,6.5
3,1983,10,5.9,1.35,0.37,0.56,1.26,-3.000,0.011,5.36,5.79,0.308,0.71,0.0040,5.8
3,1983,11,101.9,1.24,0.30,0.23,0.92,-3.000,0.018,5.06,5.45,0.036,0.67,0.0030,5.1
3,1983,12,159.7,1.10,0.23,0.14,0.72,-3.000,0.015,5.02,5.16,0.131,0.53,0.0030,4.3
3,1984,1,16.0,1.21,0.28,0.12,0.98,-3.000,0.013,5.27,5.54,0.176,0.49,0.0040,5.4
3,1984,2,114.7,1.14,0.26,0.11,0.88,-3.000,0.011,5.08,5.38,0.402,0.51,0.0020,4.8
3,1984,3,64.4,1.10,0.26,0.10,0.92,-3.000,0.012,5.14,5.33,0.202,0.47,0.0030,5.0
3,1984,4,258.9,1.01,0.23,0.13,0.73,-3.000,0.020,5.03,4.97,0.212,0.38,0.0050,4.2
3,1984,5,235.4,1.02,0.22,0.14,0.79,-3.000,0.010,5.04,5.47,0.037,0.34,0.0060,4.5
3,1984,6,94.7,1.08,0.24,0.10,0.83,-3.000,0.012,5.09,5.38,0.028,0.33,0.0050,4.9
3,1984,7,65.3,1.10,0.23,0.07,0.80,-3.000,0.010,5.08,5.17,0.021,0.36,0.0050,4.7
3,1984,8,1.2,1.22,0.33,0.11,1.52,-3.000,0.015,5.34,6.10,0.382,0.46,0.0070,7.4
3,1984,9,0.6,1.21,0.42,0.15,1.97,-3.000,0.020,5.37,6.69,0.612,0.64,0.0070,8.4
3,1984,10,3.2,1.30,0.50,0.95,1.87,-3.000,0.018,5.77,7.00,0.515,0.70,0.0090,7.9
3,1984,11,37.7,1.19,0.34,0.44,1.17,-3.000,0.019,5.29,6.05,0.277,0.68,0.0050,5.8
3,1984,12,78.2,1.17,0.27,0.17,0.90,-3.000,0.020,5.11,5.16,0.369,0.53,0.0030,4.9
3,1985,1,22.5,1.20,0.28,0.16,0.95,-3.000,0.014,5.10,5.19,0.375,0.52,0.0020,5.3
3,1985,2,67.5,1.16,0.28,0.19,0.94,-3.000,0.012,5.03,5.43,1.468,0.55,0.0020,4.9
3,1985,3,98.1,1.10,0.26,0.15,0.93,-3.000,0.014,5.09,5.32,0.836,0.51,0.0030,4.9
3,1985,4,112.4,1.10,0.26,0.16,0.88,-3.000,0.013,5.04,5.23,0.759,0.51,0.0040,4.7
3,1985,5,66.7,1.14,0.27,0.15,1.00,-3.000,0.022,5.10,5.62,0.186,0.53,0.0040,5.2
3,1985,6,20.8,1.31,0.32,0.12,1.19,-3.000,0.016,5.41,5.92,0.139,0.54,0.0060,5.8
3,1985,7,3.2,1.40,0.29,0.11,1.30,-3.000,0.018,5.49,6.18,0.154,0.56,0.0080,6.4
3,1985,8,1.0,1.45,0.45,0.15,1.85,-3.000,0.014,5.45,6.84,0.398,0.56,0.0080,8.2
3,1985,9,17.0,1.21,0.26,0.25,0.83,-3.000,0.031,5.02,5.46,0.223,0.51,0.0080,4.6
3,1985,10,74.6,1.13,0.24,0.14,0.86,-3.000,0.019,5.00,5.55,0.045,0.48,0.0060,4.7
3,1985,11,100.1,1.11,0.25,0.09,0.91,-3.000,0.020,5.04,5.58,0.052,0.47,0.0050,5.1
3,1985,12,43.8,1.09,0.25,0.08,0.92,-3.000,0.010,5.03,5.47,0.200,0.44,0.0050,5.0
3,1986,1,175.2,1.07,0.25,0.26,0.65,-3.000,0.024,4.87,4.57,0.970,0.35,0.0110,3.6
3,1986,2,24.3,1.13,0.28,0.12,0.89,-3.000,0.023,5.15,5.35,0.267,0.38,0.0060,5.0
3,1986,3,180.3,1.06,0.26,0.12,0.79,-3.000,0.020,5.00,5.10,0.463,0.34,0.0050,4.5
3,1986,4,144.9,0.98,0.24,0.11,0.73,-3.000,0.020,4.98,5.00,0.245,0.33,0.0040,4.3
3,1986,5,74.7,1.04,0.26,0.10,0.99,-3.000,0.027,5.11,5.40,0.028,0.43,0.0050,5.4
3,1986,6,20.2,1.13,0.28,0.08,1.09,-3.000,0.022,5.22,5.56,0.037,0.45,0.0040,5.6
3,1986,7,21.2,1.19,0.29,0.09,1.14,-3.000,0.027,5.28,5.59,0.052,0.42,0.0060,5.6
3,1986,8,77.5,1.15,0.26,0.06,0.91,-3.000,0.027,5.12,5.43,0.047,0.35,0.0060,5.0
3,1986,9,37.2,1.12,0.27,0.08,1.04,-3.000,0.022,5.21,5.57,0.029,0.32,0.0050,5.3
3,1986,10,52.2,1.11,0.29,0.12,1.09,-3.000,0.023,5.19,5.75,0.027,0.33,0.0060,5.3
3,1986,11,89.7,1.10,0.28,0.10,1.02,-3.000,0.026,5.14,5.52,0.314,0.33,0.0050,5.4
3,1986,12,66.3,1.07,0.27,0.07,0.97,-3.000,0.026,5.13,5.44,0.312,0.34,0.0060,5.4
3,1987,1,19.9,1.13,0.31,0.08,1.12,-3.000,0.020,5.23,5.61,0.294,0.36,0.0050,5.9
3,1987,2,10.9,1.15,0.34,0.10,1.23,-3.000,0.018,5.36,5.80,0.314,0.39,0.0060,6.2
3,1987,3,247.4,1.17,0.27,0.21,0.82,-3.000,0.025,5.03,4.88,1.205,0.35,0.0040,4.8
3,1987,4,102.3,1.18,0.25,0.26,0.72,-3.000,0.024,5.00,4.82,0.917,0.37,0.0050,4.6
3,1987,5,49.4,1.09,0.30,0.13,1.01,-3.000,0.021,5.20,5.30,0.095,0.42,0.0080,5.5
3,1987,6,95.4,1.11,0.27,0.08,1.02,-3.000,0.023,5.18,5.33,0.053,0.41,0.0080,5.5
3,1987,7,21.2,1.13,0.28,0.08,1.07,-3.000,0.023,5.21,5.33,0.065,0.39,0.0060,5.6
3,1987,8,7.3,1.24,0.36,0.11,1.46,0.000,0.015,5.39,5.92,0.172,0.41,0.0070,7.4
3,1987,9,45.7,1.11,0.28,0.18,1.15,0.000,0.017,5.29,5.26,0.058,0.38,0.0080,5.3
3,1987,10,64.2,1.06,0.28,0.19,1.07,-3.000,0.021,5.24,5.23,0.021,0.39,0.0070,5.3
3,1987,11,79.0,1.09,0.29,0.19,0.95,-3.000,0.012,4.99,5.23,0.483,0.49,0.0080,5.1
3,1987,12,54.3,1.10,0.29,0.13,0.97,-3.000,0.017,5.10,5.33,0.409,0.50,0.0070,5.3
3,1988,1,19.4,1.17,0.33,0.10,1.16,-3.000,0.025,5.33,5.68,0.340,0.49,0.0050,6.1
3,1988,2,28.7,1.23,0.36,0.11,1.16,-3.000,0.034,5.29,5.58,0.372,0.45,0.0050,5.8
3,1988,3,77.5,1.21,0.35,0.21,0.99,-3.000,0.023,5.05,5.00,1.633,0.51,0.0100,4.9
3,1988,4,160.9,1.11,0.31,0.15,0.93,-3.000,0.019,5.10,5.11,0.891,0.47,0.0090,4.7
3,1988,5,63.1,1.11,0.29,0.16,1.09,-3.000,0.025,5.24,5.50,0.149,0.49,0.0110,5.4
3,1988,6,7.0,1.21,0.35,0.16,1.32,-3.000,0.015,5.42,5.71,0.160,0.54,0.0100,6.2
3,1988,7,7.3,1.38,0.40,0.18,1.55,-3.000,0.018,5.57,6.11,0.212,0.53,0.0110,7.0
3,1988,8,6.6,1.26,0.33,0.14,1.29,-3.000,0.015,5.24,5.80,0.155,0.51,0.0100,5.8
3,1988,9,12.3,1.23,0.33,0.12,1.25,-3.000,0.017,5.22,5.81,0.067,0.47,0.0090,5.7
3,1988,10,10.7,1.28,0.42,0.51,1.53,-3.000,0.012,5.57,6.35,0.076,0.61,0.0030,6.0
3,1988,11,86.9,1.21,0.34,0.17,1.10,-3.000,0.024,5.11,5.70,0.322,0.69,0.0040,4.8
3,1988,12,22.8,1.28,0.35,0.13,1.22,-3.000,0.018,5.23,5.85,0.504,0.59,0.0030,5.0
3,1989,1,11.8,1.31,0.38,0.14,1.33,-3.000,0.017,5.32,5.95,0.634,0.54,0.0020,4.8
3,1989,2,17.2,1.34,0.41,0.15,1.37,-3.000,0.024,5.37,6.08,0.713,0.55,0.0020,5.9
3,1989,3,93.7,1.27,0.35,0.17,1.13,-3.000,0.019,5.16,5.27,1.503,0.57,0.0020,5.0
3,1989,4,200.7,1.20,0.30,0.16,0.94,-3.000,0.022,5.03,5.10,1.462,0.54,0.0020,4.5
3,1989,5,165.8,1.11,0.27,0.18,0.88,-3.000,0.019,5.02,5.25,0.649,0.48,0.0030,4.7
3,1989,6,79.5,1.15,0.29,0.13,1.01,-3.000,0.026,5.12,5.55,0.167,0.52,0.0030,5.0
3,1989,7,6.2,1.19,0.30,0.10,1.22,-3.000,0.018,5.31,5.70,0.159,0.51,0.0020,5.8
3,1989,8,13.3,1.24,0.32,0.12,1.22,-3.000,0.015,5.25,5.79,0.045,0.41,0.0030,5.9
3,1989,9,19.0,1.24,0.33,0.14,1.23,-3.000,0.021,5.26,5.89,0.024,0.46,0.0050,5.7
3,1989,10,146.1,1.21,0.29,0.22,0.95,-3.000,0.033,5.08,5.62,0.065,0.52,0.0050,4.9
3,1989,11,137.5,1.14,0.21,0.11,0.96,-3.000,0.016,5.05,5.46,0.358,0.54,0.0050,5.1
3,1989,12,18.6,1.18,0.30,0.10,1.09,-3.000,0.015,5.13,5.53,0.601,0.53,0.0060,5.5
3,1990,1,69.2,1.19,0.33,0.11,1.11,-3.000,0.032,5.09,5.28,1.375,0.52,0.0040,5.4
3,1990,2,66.1,1.21,0.32,0.12,1.09,-3.000,0.016,5.03,5.29,1.657,0.51,0.0040,5.3
3,1990,3,190.1,1.17,0.29,0.16,0.97,-3.000,0.026,4.97,4.87,2.186,0.43,0.0070,4.9
3,1990,4,132.4,1.12,0.28,0.16,0.92,-3.000,0.015,5.00,4.93,1.712,0.43,0.0060,4.8
3,1990,5,129.4,1.12,0.27,0.19,0.93,-3.000,0.030,5.03,5.11,0.863,0.45,0.0060,4.9
3,1990,6,92.9,1.16,0.28,0.10,0.98,-3.000,0.022,5.11,5.42,0.092,0.47,0.0090,5.2
3,1990,7,30.1,1.11,0.26,0.08,0.99,-3.000,0.028,5.14,5.45,0.026,0.42,0.0080,5.2
3,1990,8,182.7,1.30,0.32,0.26,0.93,-3.000,0.031,5.16,4.99,1.072,0.39,0.0090,5.0
3,1990,9,14.0,1.17,0.30,0.09,1.19,-3.000,0.022,5.32,5.77,0.071,0.41,0.0040,5.9
3,1990,10,156.5,1.14,0.28,0.14,0.93,-3.000,0.024,5.17,5.43,0.057,0.47,0.0030,5.2
3,1990,11,89.2,1.09,0.25,0.08,0.90,-3.000,0.018,5.07,5.23,0.454,0.49,0.0080,5.1
3,1990,12,149.3,1.04,0.26,0.11,0.81,-3.000,0.014,4.96,4.84,1.258,0.43,0.0070,4.6
3,1991,1,31.8,1.08,0.28,0.09,0.99,-3.000,0.012,5.13,5.19,0.998,0.42,0.0060,5.4
3,1991,2,25.8,1.15,0.31,0.10,1.04,-3.000,0.022,5.19,5.28,1.250,0.42,0.0070,5.4
3,1991,3,129.4,1.15,0.30,0.11,0.91,-3.000,0.025,5.04,4.88,1.929,0.39,0.0040,4.9
3,1991,4,130.1,1.06,0.28,0.11,0.86,-3.000,0.025,5.00,5.02,1.170,0.41,0.0030,4.8
3,1991,5,52.0,1.20,0.30,0.12,1.03,-3.000,0.018,5.14,5.42,0.330,0.46,0.0030,5.6
3,1991,6,5.9,1.22,0.35,0.12,1.26,-3.000,0.020,5.36,5.73,0.216,0.51,0.0030,6.3
3,1991,7,4.2,1.41,0.39,0.34,1.19,-3.000,0.010,5.37,5.42,1.083,0.43,0.0090,5.5
3,1991,8,70.7,1.14,0.26,0.11,0.74,-3.000,0.022,5.01,4.91,0.021,0.36,0.0060,4.3
3,1991,9,19.1,1.18,0.32,0.10,1.18,-3.000,0.029,5.33,5.59,0.014,0.37,0.0030,5.8
3,1991,10,136.8,1.09,0.27,0.10,0.86,-3.000,0.028,5.06,5.25,0.027,0.34,0.0030,5.0
3,1991,11,64.0,1.05,0.26,0.13,0.93,-3.000,0.023,5.10,5.35,0.153,0.41,0.0020,5.2
3,1991,12,73.6,1.11,0.28,0.10,0.92,-3.000,0.029,5.03,5.36,0.428,0.40,0.0010,5.1
3,1992,1,73.0,1.07,0.28,0.09,0.92,-3.000,0.018,5.12,5.34,0.410,0.37,0.0020,5.1
3,1992,2,15.8,1.15,0.33,0.11,1.08,-3.000,0.017,5.33,5.45,0.430,0.44,0.0030,5.6
3,1992,3,118.3,1.12,0.31,0.13,0.98,-3.000,0.034,5.19,5.17,0.745,0.44,0.0030,5.1
3,1992,4,196.0,0.97,0.25,0.15,0.80,-3.000,0.026,5.07,4.81,0.576,0.44,0.0060,4.2
3,1992,5,59.8,1.02,0.27,0.14,0.85,-3.000,0.018,5.09,5.03,0.225,0.48,0.0040,4.7
3,1992,6,19.1,1.09,0.29,0.12,1.03,-3.000,0.028,5.20,5.20,0.077,0.52,0.0030,5.3
3,1992,7,24.8,1.15,0.29,0.09,1.04,-3.000,0.033,5.28,5.24,0.018,0.49,0.0050,5.2
3,1992,8,44.5,1.12,0.28,0.07,1.09,-3.000,0.030,5.27,5.35,0.029,0.41,0.0040,5.4
3,1992,9,63.8,1.09,0.26,0.06,0.97,-3.000,0.038,5.20,5.25,0.010,0.36,-3.0000,5.1
3,1992,10,53.5,1.07,0.29,0.15,1.04,-3.000,0.028,5.25,5.44,0.010,0.39,0.0000,5.3
3,1992,11,159.9,0.99,0.25,0.08,0.91,-3.000,0.046,5.07,5.16,0.054,0.41,0.0010,5.0
3,1992,12,41.1,1.02,0.27,0.07,0.99,-3.000,0.043,5.19,5.39,0.097,0.39,0.0010,5.4
3,1993,1,42.1,1.04,0.28,0.07,1.04,-3.000,0.036,5.21,5.37,0.216,0.39,0.0010,5.5
3,1993,2,14.8,1.07,0.31,0.10,1.15,-3.000,0.041,5.32,5.45,0.178,0.41,0.0010,5.8
3,1993,3,121.1,1.00,0.28,0.13,0.92,-3.000,0.033,5.02,4.81,0.835,0.41,0.0030,4.6
3,1993,4,258.9,0.94,0.24,0.13,0.74,-3.000,0.020,5.04,4.53,0.313,0.36,0.0030,4.2
3,1993,5,31.2,0.99,0.26,0.12,0.99,-3.000,0.011,5.11,5.07,0.011,0.46,0.0010,5.1
3,1993,6,25.8,1.04,0.27,0.11,1.02,-3.000,0.005,5.24,5.02,0.010,0.45,0.0020,5.3
3,1993,7,4.7,1.27,0.35,0.14,1.65,-3.000,0.006,5.50,5.84,0.051,0.55,0.0040,7.2
3,1993,8,9.0,1.29,0.35,0.13,1.46,-3.000,0.006,5.48,5.70,0.010,0.47,0.0010,6.9
3,1993,9,19.4,1.10,0.29,0.09,1.12,-3.000,0.018,5.29,5.40,0.010,0.43,0.0010,5.3
3,1993,10,47.2,1.04,0.28,0.20,1.01,-3.000,0.026,5.25,5.46,0.010,0.46,0.0020,5.0
3,1993,11,144.2,1.03,0.26,0.13,0.89,-3.000,0.014,5.06,5.24,0.063,0.66,0.0010,4.8
3,1993,12,82.5,1.03,0.26,0.10,0.90,-3.000,0.022,5.03,5.04,0.105,0.80,0.0010,4.7
3,1994,1,22.6,1.08,0.29,0.10,1.09,-3.000,0.032,5.27,5.33,0.170,0.65,0.0010,5.5
3,1994,2,26.9,1.05,0.28,0.09,1.06,-3.000,0.014,5.29,5.16,0.223,0.55,0.0010,5.3
3,1994,3,52.5,1.07,0.28,0.10,1.06,-3.000,0.005,5.27,5.24,0.172,0.57,0.0010,5.2
3,1994,4,334.4,0.91,0.22,0.11,0.78,-3.000,0.008,4.99,4.82,0.298,0.43,0.0010,4.1
3,1994,5,81.9,0.94,0.23,0.11,0.86,-3.000,0.012,5.08,4.92,0.023,0.42,0.0010,4.7
3,1994,6,17.3,1.06,0.27,0.11,1.14,-3.000,0.017,5.38,5.21,0.010,0.47,0.0010,5.6
3,1994,7,9.2,1.13,0.29,0.09,1.31,-3.000,0.007,5.50,5.33,0.010,0.52,0.0010,6.3
3,1994,8,11.2,1.11,0.29,0.10,1.33,-3.000,0.005,5.48,5.27,0.109,0.46,0.0020,6.0
3,1994,9,20.4,1.10,0.31,0.14,1.34,-3.000,0.011,5.56,5.41,0.031,0.48,0.0020,5.8
3,1994,10,16.3,1.07,0.31,0.20,1.31,-3.000,0.008,5.54,5.47,0.010,0.46,0.0020,5.7
3,1994,11,34.8,1.10,0.31,0.14,1.30,-3.000,0.006,5.49,5.47,0.043,0.48,0.0030,5.9
3,1994,12,86.8,1.09,0.29,0.09,1.12,-3.000,0.019,5.30,5.21,0.234,0.48,0.0020,5.6
3,1995,1,110.6,1.07,0.27,0.11,0.96,-3.000,0.015,5.09,4.91,0.678,0.54,0.0030,5.1
3,1995,2,16.3,1.10,0.30,0.10,1.14,-3.000,0.016,5.32,5.24,0.279,0.51,0.0010,6.0
3,1995,3,118.5,1.05,0.27,0.11,1.00,-3.000,0.012,5.13,4.94,0.567,0.51,0.0010,5.4
3,1995,4,60.8,1.01,0.26,0.11,1.02,-3.000,0.005,5.14,5.04,0.274,0.50,0.0010,5.5
3,1995,5,64.0,1.03,0.27,0.13,1.12,-3.000,0.013,5.21,5.19,0.091,0.51,0.0020,5.7
3,1995,6,16.1,1.07,0.28,0.11,1.24,-3.000,0.012,5.29,5.28,0.049,0.54,0.0020,6.0
3,1995,7,13.7,1.14,0.32,0.18,1.26,-3.000,0.010,5.32,5.25,0.321,0.55,0.0030,6.3
3,1995,8,61.3,1.09,0.26,0.08,1.00,-3.000,0.014,5.14,4.98,0.010,0.48,0.0020,5.3
3,1995,9,4.1,1.17,0.38,0.15,1.58,-3.000,0.018,5.53,5.97,0.032,0.53,0.0020,7.5
3,1995,10,151.8,1.05,0.26,0.18,0.97,-3.000,0.017,5.04,4.96,0.073,0.67,0.0020,5.0
3,1995,11,158.8,0.95,0.23,0.11,0.88,-3.000,0.005,4.94,4.69,0.061,0.71,0.0020,5.0
3,1995,12,21.0,1.00,0.27,0.09,1.09,-3.000,0.005,5.21,5.02,0.194,0.60,0.0010,5.4
3,1996,1,233.8,0.94,0.26,0.13,0.97,-3.000,0.005,5.08,4.67,0.571,0.66,0.0020,4.8
3,1996,2,106.3,0.96,0.26,0.12,1.00,-3.000,0.005,5.11,4.67,0.393,0.75,0.0010,4.9
3,1996,3,81.7,0.92,0.25,0.11,0.99,-3.000,0.005,5.19,4.67,0.275,0.72,0.0010,5.0
3,1996,4,276.8,0.81,0.21,0.11,0.83,-3.000,0.005,5.06,4.33,0.258,0.56,0.0020,4.2
3,1996,5,155.0,0.80,0.20,0.13,0.82,-3.000,0.007,5.13,4.30,0.071,0.51,0.0020,4.3
3,1996,6,64.5,0.90,0.23,0.09,1.00,-3.000,0.010,5.29,4.50,0.010,0.51,0.0020,4.9
3,1996,7,126.0,0.87,0.21,0.06,0.87,-3.000,0.005,5.19,4.26,0.010,0.40,0.0010,4.6
3,1996,8,6.4,0.97,0.26,0.09,1.18,-3.000,0.005,5.49,4.82,0.070,0.45,0.0020,6.0
3,1996,9,2.3,1.04,0.36,0.22,1.76,-3.000,0.005,5.78,5.73,0.249,0.64,0.0030,7.6
3,1996,10,41.7,0.93,0.27,0.58,1.00,-3.000,0.005,5.38,4.61,0.015,0.71,0.0030,4.6
3,1996,11,129.1,0.96,0.24,0.16,0.94,-3.000,0.006,5.22,4.55,0.022,0.78,0.0010,4.6
3,1996,12,190.6,0.83,0.20,0.14,0.77,-3.000,0.006,4.96,4.04,0.236,0.61,0.0020,3.9
3,1997,1,30.6,0.89,0.23,0.11,0.91,-3.000,0.008,5.21,4.37,0.234,0.54,0.0010,4.5
3,1997,2,39.4,0.92,0.26,0.10,0.99,-3.000,0.020,5.28,4.49,0.287,0.52,0.0010,5.0
3,1997,3,70.0,0.89,0.25,0.11,0.94,-3.000,0.009,5.16,4.43,0.345,0.50,0.0010,4.7
3,1997,4,281.9,0.77,0.20,0.13,0.75,-3.000,0.007,5.03,3.98,0.442,0.36,0.0010,3.8
3,1997,5,121.9,0.77,0.20,0.12,0.78,-3.000,0.005,5.07,4.09,0.106,0.34,0.0010,4.2
3,1997,6,16.4,0.94,0.26,0.12,1.17,-3.000,0.005,5.45,4.71,0.049,0.48,0.0020,5.7
3,1997,7,42.9,0.97,0.26,0.09,1.18,-3.000,0.012,5.41,4.71,0.066,0.49,0.0010,6.0
3,1997,8,4.1,1.02,0.33,0.13,1.55,-3.000,0.009,5.73,5.09,0.088,0.50,0.0030,7.4
3,1997,9,5.4,1.04,0.33,0.15,1.46,-3.000,0.019,5.91,5.03,0.153,0.47,0.0020,6.9
3,1997,10,8.8,1.02,0.33,0.36,1.29,-3.000,0.030,5.86,5.07,0.059,0.49,0.0020,5.8
3,1997,11,69.6,0.90,0.26,0.23,0.97,-3.000,0.017,5.33,4.61,0.017,0.49,0.0020,5.0
3,1997,12,21.3,0.98,0.29,0.09,1.14,-3.000,0.012,5.52,4.92,0.128,0.45,0.0010,5.7
3,1998,1,95.4,0.87,0.25,0.20,0.79,-3.000,0.018,5.21,4.07,0.692,0.36,0.0030,4.5
3,1998,2,48.0,0.92,0.26,0.10,1.02,-3.000,0.005,5.39,4.67,0.167,0.41,0.0010,5.5
3,1998,3,231.9,0.83,0.22,0.12,0.81,-3.000,0.016,5.18,4.13,0.327,0.32,0.0010,4.6
3,1998,4,104.0,0.81,0.21,0.11,0.77,-3.000,0.015,5.16,4.06,0.198,0.31,0.0010,4.6
3,1998,5,57.6,0.89,0.23,0.12,0.93,-3.000,0.012,5.27,4.41,0.011,0.39,0.0010,5.6
3,1998,6,204.0,0.85,0.21,0.09,0.81,-3.000,0.005,5.15,4.05,0.006,0.34,0.0010,4.9
3,1998,7,40.1,0.89,0.21,0.08,0.86,-3.000,0.005,5.25,4.13,0.027,0.32,0.0010,5.2
3,1998,8,8.3,0.95,0.30,0.15,1.29,-3.000,0.005,5.62,4.58,0.038,0.42,0.0010,6.8
3,1998,9,12.7,0.96,0.27,0.20,1.35,-3.000,0.005,5.75,4.78,0.010,0.42,0.0030,6.6
3,1998,10,54.6,0.94,0.26,0.19,1.21,-3.000,0.005,5.56,4.53,0.434,0.42,0.0020,6.0
3,1998,11,76.6,1.07,0.29,0.11,1.15,-3.000,0.005,5.32,4.31,1.388,0.45,0.0020,5.9
3,1998,12,48.3,1.05,0.29,0.09,1.17,-3.000,0.005,5.32,4.36,1.467,0.46,0.0020,6.2
3,1999,1,96.0,1.15,0.31,0.11,1.03,-3.000,0.005,5.17,4.08,2.277,0.42,0.0010,5.5
3,1999,2,38.2,1.13,0.30,0.12,1.08,-3.000,0.005,5.25,4.12,2.157,0.43,0.0020,5.7
3,1999,3,169.2,1.11,0.29,0.21,0.93,-3.000,0.005,5.06,3.73,2.799,0.53,0.0030,4.7
3,1999,4,120.3,1.21,0.25,0.20,0.81,-3.000,0.005,5.07,3.73,2.690,0.47,0.0010,5.0
3,1999,5,81.8,0.95,0.26,0.18,1.02,-3.000,0.013,5.17,4.22,1.045,0.51,0.0030,5.5
3,1999,6,12.1,0.95,0.27,0.10,1.21,-3.000,0.005,5.45,4.74,0.273,0.53,0.0030,6.2
3,1999,7,8.4,1.01,0.29,0.11,1.41,-3.000,0.005,5.60,4.86,0.252,0.52,0.0030,7.0
3,1999,8,7.2,0.98,0.29,0.11,1.45,-3.000,0.005,5.72,4.80,0.285,0.47,0.0030,6.2
3,1999,9,154.4,0.97,0.26,0.10,1.05,-3.000,0.005,5.41,4.38,0.120,0.39,0.0020,5.2
3,1999,10,74.8,0.88,0.24,0.13,0.95,-3.000,0.005,5.43,4.44,0.047,0.44,0.0020,5.5
3,1999,11,100.2,0.96,0.25,0.09,1.05,-3.000,0.005,5.29,4.36,0.466,0.54,0.0020,5.5
3,1999,12,47.5,0.98,0.27,0.09,1.08,-3.000,0.005,5.28,4.40,0.825,0.57,0.0020,5.9
3,2000,1,38.9,1.00,0.28,0.10,1.10,-3.000,0.005,5.35,4.39,1.128,0.55,0.0020,5.8
3,2000,2,35.1,1.05,0.31,0.16,1.05,-3.000,0.005,5.23,4.26,2.150,0.54,0.0020,5.2
3,2000,3,200.0,0.98,0.27,0.14,0.91,-3.000,0.005,5.04,3.98,2.210,0.51,0.0010,5.1
3,2000,4,256.5,0.88,0.22,0.20,0.74,-3.000,0.005,4.94,3.77,1.545,0.48,0.0010,4.5
3,2000,5,122.6,0.85,0.21,0.16,0.89,-3.000,0.005,5.13,4.26,0.337,0.48,0.0020,5.0
3,2000,6,21.6,0.90,0.25,0.10,1.11,-3.000,0.005,5.37,4.50,0.084,0.54,0.0020,5.6
3,2000,7,5.8,0.97,0.28,0.10,1.33,-3.000,0.005,5.60,4.78,0.127,0.51,0.0010,6.7
3,2000,8,15.6,0.95,0.26,0.08,1.26,-3.000,0.005,5.67,4.72,0.062,0.41,0.0020,6.3
3,2000,9,16.0,1.02,0.29,0.06,1.37,-3.000,0.005,5.68,5.03,0.021,0.42,0.0020,7.1
3,2000,10,27.3,0.91,0.29,0.33,1.24,-3.000,0.005,5.76,4.94,0.014,0.46,0.0020,6.1
3,2000,11,65.8,0.87,0.26,0.13,1.03,-3.000,0.005,5.42,4.63,0.079,0.42,0.0020,5.4
3,2000,12,126.6,0.90,0.24,0.16,0.83,-3.000,0.005,5.20,4.18,0.704,0.42,0.0030,5.1
3,2001,1,13.0,0.91,0.25,0.09,1.01,-3.000,0.005,5.46,4.47,0.428,0.40,0.0010,6.0
3,2001,2,15.5,0.98,0.30,0.12,1.18,-3.000,0.005,5.61,4.67,0.604,0.43,0.0020,6.4
3,2001,3,18.8,0.99,0.30,0.14,1.23,-3.000,0.008,5.68,4.80,0.629,0.44,0.0020,6.2
3,2001,4,261.9,0.86,0.23,0.15,0.81,-3.000,0.005,5.18,4.02,0.949,0.34,0.0020,4.7
3,2001,5,25.8,0.87,0.24,0.12,0.95,-3.000,0.005,5.46,4.43,0.169,0.39,0.0020,5.5
3,2001,6,53.2,0.85,0.22,0.09,0.88,-3.000,0.005,5.25,4.18,0.101,0.38,0.0020,5.0
3,2001,7,2.9,1.08,0.35,0.08,1.59,-3.000,0.005,5.88,5.17,0.073,0.48,0.0030,8.2
3,2001,8,0.6,1.18,0.38,0.25,1.55,-3.000,0.005,5.82,4.91,0.450,0.54,0.0030,7.2
3,2001,9,13.3,1.11,0.34,0.29,1.31,-3.000,0.005,5.72,4.72,0.470,0.57,0.0020,5.9
3,2001,10,8.5,0.96,0.33,0.42,1.40,-3.000,0.005,5.81,5.11,0.021,0.61,0.0010,6.7
3,2001,11,39.0,0.93,0.25,0.18,1.08,-3.000,0.007,5.38,4.57,0.073,0.63,0.0010,5.4
3,2001,12,52.0,0.93,0.25,0.11,1.04,-3.000,0.007,5.32,4.51,0.137,0.64,0.0010,5.4
3,2002,1,23.1,0.98,0.26,0.08,1.14,-3.000,0.007,5.47,4.73,0.143,0.55,0.0010,5.8
3,2002,2,55.0,0.92,0.25,0.10,1.04,-3.000,0.005,5.31,4.47,0.354,0.56,0.0010,5.2
3,2002,3,114.0,0.87,0.23,0.11,0.96,-3.000,0.005,5.18,4.25,0.427,0.61,0.0010,5.0
3,2002,4,248.7,0.80,0.20,0.15,0.80,-3.000,0.005,5.07,4.02,0.333,0.47,0.0030,4.5
3,2002,5,97.9,0.79,0.20,0.13,0.89,-3.000,0.005,5.24,4.19,0.028,0.44,0.0020,4.9
3,2002,6,56.5,0.84,0.21,0.07,0.98,-3.000,0.005,5.34,4.28,0.011,0.42,0.0020,5.1
3,2002,7,3.0,1.03,0.30,0.09,1.46,-3.000,0.005,5.72,4.98,0.012,0.50,0.0010,7.6
3,2002,8,1.2,1.17,0.36,0.15,1.71,-3.000,0.005,5.98,5.10,0.205,0.50,0.0020,8.4
3,2002,9,2.5,1.06,0.35,0.34,1.31,-3.000,0.005,5.81,4.37,0.651,0.47,0.0050,5.9
3,2002,10,14.7,0.95,0.28,0.21,1.14,-3.000,0.005,5.61,4.60,0.014,0.60,0.0010,5.1
3,2002,11,82.7,0.83,0.22,0.16,0.89,-3.000,0.005,5.20,4.23,0.013,0.59,0.0020,4.4
3,2002,12,33.4,0.85,0.23,0.09,1.01,-3.000,0.005,5.38,4.41,0.028,0.50,0.0010,5.0
3,2003,1,18.7,0.89,0.25,0.10,1.12,-3.000,0.005,5.50,4.59,0.067,0.49,0.0010,5.4
3,2003,2,8.8,0.96,0.29,0.13,1.26,-3.000,0.005,5.71,4.87,0.241,0.50,0.0010,6.0
3,2003,3,160.9,0.88,0.24,0.15,0.97,-3.000,0.005,5.21,4.19,0.745,0.54,0.0020,4.8
3,2003,4,100.1,0.79,0.21,0.13,0.87,-3.000,0.005,5.17,4.11,0.286,0.47,0.0020,4.7
3,2003,5,110.6,0.80,0.20,0.13,0.93,-3.000,0.005,5.18,4.31,0.084,0.46,0.0010,4.9
3,2003,6,29.4,0.85,0.22,0.10,1.06,-3.000,0.011,5.34,4.44,0.010,0.47,0.0020,5.3
3,2003,7,4.0,1.13,0.31,0.09,1.47,-3.000,0.005,5.81,4.89,0.049,0.53,0.0030,7.3
3,2003,8,98.8,0.83,0.18,0.10,0.72,-3.000,0.005,4.99,3.74,0.017,0.32,0.0030,4.6
3,2003,9,85.2,0.84,0.21,0.06,1.02,-3.000,0.005,5.32,4.23,0.010,0.43,0.0010,5.1
3,2003,10,157.3,0.76,0.19,0.16,0.90,-3.000,0.005,5.14,4.09,0.059,0.50,0.0020,4.5
3,2003,11,164.0,0.84,0.19,0.09,0.86,-3.000,0.005,5.20,4.00,0.035,0.60,0.0010,4.8
3,2003,12,205.0,0.76,0.19,0.07,0.88,-3.000,0.005,5.17,3.90,0.171,0.62,0.0010,4.6
3,2004,1,34.1,0.78,0.21,0.07,0.92,-3.000,0.005,5.25,4.11,0.232,0.57,0.0010,4.8
3,2004,2,8.4,0.92,0.28,0.11,1.17,-3.000,0.005,5.61,4.54,0.291,0.56,0.0010,5.7
3,2004,3,81.8,0.81,0.24,0.12,0.98,-3.000,0.005,5.22,4.07,0.686,0.55,0.0010,4.7
3,2004,4,143.9,0.75,0.21,0.12,0.89,-3.000,0.005,5.16,3.91,0.460,0.50,0.0010,4.4
3,2004,5,114.6,0.74,0.20,0.10,0.93,-3.000,0.010,5.19,4.05,0.023,0.49,0.0010,4.7
3,2004,6,23.1,0.78,0.21,0.07,1.03,-3.000,0.005,5.35,4.23,0.018,0.49,0.0010,5.2
3,2004,7,32.0,0.91,0.26,0.08,1.20,-3.000,0.005,5.48,4.50,0.016,0.50,0.0030,5.9
3,2004,8,72.1,0.86,0.23,0.06,1.12,-3.000,0.005,5.54,4.27,0.010,0.42,0.0020,5.3
3,2004,9,58.4,0.82,0.21,0.05,1.03,-3.000,0.005,5.45,4.13,0.010,0.38,0.0030,5.1
3,2004,10,18.7,0.85,0.26,0.20,1.24,-3.000,0.005,5.74,4.42,0.010,0.44,0.0020,5.5
3,2004,11,112.6,0.78,0.23,0.11,1.01,-3.000,0.005,5.37,4.16,0.068,0.45,0.0010,4.9
3,2004,12,130.3,0.76,0.21,0.08,0.94,-3.000,0.005,5.31,4.04,0.078,0.45,0.0010,4.8
3,2005,1,37.1,0.80,0.23,0.08,1.00,-3.000,0.005,5.44,4.17,0.156,0.48,0.0010,5.1
3,2005,2,24.2,0.82,0.25,0.08,1.09,-3.000,0.005,5.57,4.26,0.156,0.47,0.0010,5.4
3,2005,3,53.8,0.79,0.24,0.12,1.01,-3.000,0.005,5.44,4.11,0.363,0.47,0.0010,5.0
3,2005,4,293.3,0.71,0.20,0.13,0.80,-3.000,0.005,5.16,3.64,0.409,0.45,0.0010,4.2
3,2005,5,73.0,0.74,0.20,0.11,0.92,-3.000,0.005,5.32,3.90,0.033,0.47,0.0010,4.6
3,2005,6,89.6,0.77,0.21,0.08,1.02,-3.000,0.005,5.42,4.03,0.010,0.47,0.0010,4.9
3,2005,7,20.9,0.81,0.22,0.06,1.13,-3.000,0.005,5.57,4.30,0.010,0.48,0.0010,5.3
3,2005,8,34.9,0.82,0.23,0.10,1.13,-3.000,0.005,5.66,4.06,0.010,0.43,0.0010,5.1
3,2005,9,31.1,0.84,0.24,0.11,1.17,-3.000,0.005,5.71,4.18,0.011,0.44,0.0010,5.3
3,2005,10,232.3,0.74,0.18,0.07,0.87,-3.000,0.005,5.31,3.74,0.010,0.44,0.0010,4.3
3,2005,11,157.0,0.72,0.20,0.10,0.89,-3.000,0.005,5.38,3.78,0.010,0.42,0.0010,4.5
3,2005,12,74.3,0.74,0.20,0.07,0.87,-3.000,0.005,5.31,3.72,0.140,0.45,0.0010,4.4
3,2006,1,173.3,0.72,0.20,0.09,0.81,-3.000,0.005,5.30,3.61,0.213,0.43,0.0010,4.1
3,2006,2,66.2,0.73,0.21,0.09,0.84,-3.000,0.005,5.32,3.65,0.215,0.45,0.0010,4.3
3,2006,3,67.2,0.77,0.23,0.11,0.92,-3.000,0.005,5.44,3.79,0.270,0.49,0.0010,4.8
3,2006,4,71.1,0.73,0.22,0.11,0.91,-3.000,0.005,5.33,3.79,0.192,0.48,0.0010,4.8
3,2006,5,167.4,0.70,0.20,0.13,0.88,-3.000,0.005,5.32,3.65,0.026,0.44,0.0010,4.8
3,2006,6,70.4,0.74,0.21,0.10,0.98,-3.000,0.005,5.52,3.69,0.010,0.43,0.0010,5.0
3,2006,7,34.6,0.80,0.22,0.07,1.09,-3.000,0.005,5.70,3.83,0.010,0.44,0.0010,5.6
3,2006,8,3.4,0.88,0.27,0.11,1.38,-3.000,0.005,5.97,4.07,0.060,0.43,0.0010,6.7
3,2006,9,2.9,0.95,0.34,0.22,1.61,-3.000,0.005,6.12,4.86,0.016,0.50,0.0010,7.2
3,2006,10,133.3,0.74,0.22,0.16,0.96,-3.000,0.005,5.40,3.78,0.018,0.45,0.0010,4.6
3,2006,11,149.1,0.70,0.19,0.10,0.83,-3.000,0.005,5.33,3.62,0.076,0.42,0.0010,4.6
3,2006,12,95.5,0.73,0.20,0.09,0.87,-3.000,0.005,5.40,3.71,0.282,0.40,0.0010,4.9
3,2007,1,83.3,0.70,0.20,0.09,0.82,-3.000,0.005,5.35,3.53,0.490,0.36,0.0010,4.5
3,2007,2,8.8,0.85,0.27,0.12,1.08,-3.000,0.005,5.79,4.11,0.324,0.40,0.0010,5.8
3,2007,3,97.7,0.80,0.24,0.13,0.94,-3.000,0.005,5.37,3.65,0.906,0.41,0.0010,4.7
3,2007,4,200.0,0.68,0.20,0.17,0.70,-3.000,0.005,5.13,3.14,0.963,0.33,0.0010,3.8
3,2007,5,61.3,0.71,0.21,0.12,0.88,-3.000,0.005,5.40,3.69,0.116,0.37,0.0010,4.8
3,2007,6,18.2,0.80,0.22,0.35,1.02,-3.000,0.005,5.63,3.83,0.049,0.41,0.0010,5.4
3,2007,7,30.1,0.82,0.23,0.08,1.02,-3.000,0.005,5.67,3.82,0.095,0.37,0.0010,5.3
3,2007,8,14.8,1.01,0.31,0.28,1.28,-3.000,0.024,5.84,4.77,0.410,0.54,0.0010,6.5
3,2007,9,18.4,0.87,0.25,0.12,1.18,-3.000,0.005,5.72,4.13,0.046,0.33,0.0010,5.7
3,2007,10,104.5,0.75,0.22,0.13,0.99,-3.000,0.005,5.47,3.84,0.010,0.36,0.0010,5.1
3,2007,11,119.9,0.74,0.22,0.08,0.95,-3.000,0.005,5.47,3.84,0.029,0.36,0.0010,5.2
3,2007,12,52.7,0.77,0.23,0.08,0.95,-3.000,0.005,5.37,3.74,0.361,0.51,0.0010,4.8
3,2008,1,81.7,0.76,0.23,0.08,0.96,-3.000,0.005,5.45,3.78,0.263,0.47,0.0010,5.1
3,2008,2,67.9,0.76,0.24,0.09,0.98,-3.000,0.005,5.47,3.90,0.254,0.44,0.0010,5.4
3,2008,3,94.1,0.75,0.23,0.11,0.91,-3.000,0.005,5.41,3.71,0.416,0.39,0.0010,5.1
3,2008,4,374.4,0.67,0.20,0.13,0.73,-3.000,0.005,5.27,3.26,0.488,0.28,0.0010,4.3
3,2008,5,43.6,0.69,0.20,0.13,0.79,-3.000,0.005,5.44,3.44,0.054,0.30,0.0010,4.8
3,2008,6,23.1,0.77,0.23,0.11,0.97,-3.000,0.005,5.56,3.66,0.010,0.35,0.0010,5.0
3,2008,7,38.2,0.76,0.21,0.07,0.92,-3.000,0.005,5.64,3.57,0.012,0.32,0.0010,5.2
3,2008,8,111.9,0.73,0.19,0.05,0.77,-3.000,0.005,5.43,3.34,0.010,0.25,0.0010,4.8
3,2008,9,37.8,0.74,0.21,0.08,0.93,-3.000,0.005,5.68,3.46,0.010,0.28,0.0010,5.2
3,2008,10,116.2,0.71,0.21,0.10,0.84,-3.000,0.005,5.52,3.48,0.010,0.35,0.0010,5.1
3,2008,11,127.0,0.71,0.21,0.07,0.84,-3.000,0.005,5.44,3.53,0.025,0.39,0.0010,5.2
3,2008,12,110.9,0.70,0.21,0.06,0.82,-3.000,0.005,5.41,3.56,0.143,0.32,0.0010,5.2
3,2009,1,27.3,0.72,0.22,0.07,0.88,-3.000,0.005,5.56,3.66,0.140,0.31,0.0010,5.4
3,2009,2,34.6,0.76,0.24,0.08,0.95,-3.000,0.005,5.68,3.76,0.273,0.36,0.0010,5.7
3,2009,3,143.0,0.69,0.22,0.09,0.82,-3.000,0.005,5.40,3.47,0.421,0.33,0.0010,4.9
3,2009,4,171.3,0.65,0.20,0.10,0.73,-3.000,0.005,5.32,3.20,0.348,0.28,0.0010,4.5
3,2009,5,94.2,0.70,0.21,0.09,0.90,-3.000,0.005,5.57,3.52,0.011,0.33,0.0010,5.4
3,2009,6,69.6,0.72,0.21,0.07,0.90,0.005,0.005,5.71,3.41,0.010,0.30,0.0010,5.2
3,2009,7,120.2,0.70,0.19,0.07,0.83,0.005,0.005,5.63,3.25,0.010,0.25,0.0010,5.1
3,2009,8,72.3,0.69,0.19,0.05,0.80,0.005,0.005,5.55,3.13,0.010,0.21,0.0010,5.0
3,2009,9,6.9,0.78,0.25,0.11,1.14,0.005,0.005,5.98,3.57,0.010,0.31,0.0010,6.2
3,2009,10,101.8,0.70,0.21,0.12,0.86,0.005,0.005,5.69,3.39,0.010,0.31,0.0010,5.0
3,2009,11,97.3,0.68,0.20,0.08,0.81,0.004,0.005,5.50,3.28,0.010,0.35,0.0010,5.1
3,2009,12,103.8,0.68,0.20,0.07,0.80,0.005,0.005,5.53,3.23,0.030,0.34,0.0010,5.2
3,2010,1,84.9,0.76,0.24,0.16,0.88,0.005,0.005,5.65,3.26,0.354,0.47,0.0010,5.1
3,2010,2,38.2,0.74,0.24,0.10,0.90,0.005,0.005,5.70,3.46,0.169,0.36,0.0010,5.6
3,2010,3,222.3,0.64,0.19,0.12,0.74,0.005,0.005,5.38,2.92,0.221,0.38,0.0010,4.6
3,2010,4,113.1,0.64,0.19,0.11,0.78,0.005,0.005,5.51,3.11,0.044,0.36,0.0010,5.0
3,2010,5,59.2,0.67,0.20,0.09,0.88,0.005,0.005,5.58,3.33,0.010,0.34,0.0010,5.4
3,2010,6,54.4,0.72,0.20,0.10,0.86,-3.000,0.005,5.49,3.01,0.010,0.32,0.0010,5.0
3,2010,7,23.1,0.76,0.22,0.07,1.06,-3.000,0.005,5.85,3.37,0.010,0.34,0.0010,6.2
3,2010,8,12.1,0.77,0.23,0.08,1.23,-3.000,0.005,5.99,3.47,0.010,0.36,0.0010,6.6
3,2010,9,45.7,0.82,0.26,0.09,1.22,-3.000,0.005,5.99,3.61,0.010,0.42,0.0010,6.6
3,2010,10,156.7,0.75,0.23,0.09,1.01,-3.000,0.005,5.79,3.37,0.010,0.44,0.0010,5.7
3,2010,11,103.1,0.70,0.22,0.09,0.92,-3.000,0.005,5.61,3.38,0.024,0.45,0.0010,5.5
3,2010,12,151.1,0.68,0.21,0.09,0.80,-3.000,0.005,5.37,3.10,0.136,0.42,0.0010,5.0
3,2011,1,38.6,0.71,0.22,0.07,0.91,-3.000,0.005,5.67,3.42,0.192,0.38,0.0010,5.5
3,2011,2,21.6,0.77,0.25,0.10,1.04,-3.000,0.005,5.87,3.68,0.223,0.36,0.0010,6.2
3,2011,3,173.4,0.70,0.21,0.13,0.79,-3.000,0.005,5.33,2.87,0.733,0.47,0.0010,4.8
3,2011,4,343.2,0.61,0.18,0.20,0.62,-3.000,0.005,5.22,2.59,0.428,0.33,0.0010,3.9
3,2011,5,136.5,0.62,0.18,0.12,0.77,-3.000,0.005,5.46,2.91,0.018,0.35,0.0010,4.9
3,2011,6,34.0,0.72,0.22,0.10,1.00,0.009,0.005,5.80,3.21,0.010,0.39,0.0010,5.8
3,2011,7,7.3,0.88,0.27,0.09,1.31,0.012,0.005,5.95,3.63,0.011,0.42,0.0010,7.2
3,2011,8,127.1,0.65,0.17,0.09,0.71,0.094,0.005,5.36,2.55,0.010,0.28,0.0010,4.6
3,2011,9,88.0,0.66,0.17,0.07,0.76,0.071,0.005,5.55,2.73,0.010,0.27,0.0010,5.0
3,2011,10,148.3,0.63,0.17,0.09,0.78,0.066,0.005,5.58,2.78,0.010,0.29,0.0010,5.1
3,2011,11,81.2,0.65,0.20,0.10,0.90,0.064,0.005,5.73,3.06,0.065,0.32,0.0010,5.6
3,2011,12,131.3,0.66,0.19,0.08,0.86,0.071,0.005,5.60,2.96,0.231,0.34,0.0010,5.4
3,2012,1,73.5,0.69,0.21,0.09,0.88,0.061,0.005,5.65,3.08,0.408,0.33,0.0010,5.4
3,2012,2,31.7,0.71,0.22,0.10,0.94,0.046,0.005,5.75,3.24,0.338,0.35,0.0010,5.8
3,2012,3,163.3,0.69,0.21,0.12,0.84,0.078,0.005,5.47,2.79,0.958,0.36,0.0010,5.0
3,2012,4,86.7,0.68,0.20,0.19,0.85,0.082,0.005,5.46,2.79,0.571,0.38,0.0010,5.1
3,2012,5,206.0,0.63,0.19,0.12,0.89,0.058,0.005,5.65,2.95,0.118,0.36,0.0010,5.4
3,2012,6,111.8,0.64,0.18,0.09,0.86,0.061,0.005,5.61,2.81,0.086,0.33,0.0010,5.2
3,2012,7,7.7,0.78,0.24,0.09,1.29,0.029,0.005,6.00,3.36,0.023,0.39,0.0010,7.1
3,2012,8,63.8,0.72,0.21,0.10,1.02,0.040,0.005,5.92,2.88,0.010,0.29,0.0010,5.9
3,2012,9,76.4,0.74,0.21,0.08,1.11,0.035,0.005,5.97,3.20,0.010,0.32,0.0010,6.2
3,2012,10,132.3,0.63,0.19,0.12,0.93,0.045,0.005,5.78,2.93,0.010,0.35,0.0010,5.4
3,2012,11,54.5,0.66,0.20,0.09,0.98,0.048,0.005,5.81,3.01,0.073,0.44,0.0010,5.8
3,2012,12,96.5,0.67,0.21,0.08,0.93,0.060,0.005,5.65,2.87,0.482,0.42,0.0010,5.2
3,2013,1,85.5,0.66,0.20,0.21,0.82,-3.000,0.005,5.33,2.52,1.074,0.38,-3.0000,-3.0
3,2013,2,39.2,0.70,0.22,0.15,0.93,-3.000,0.005,5.54,2.84,0.943,0.39,-3.0000,-3.0
3,2013,3,86.3,0.73,0.23,0.13,1.00,-3.000,0.005,5.74,2.99,0.792,0.44,-3.0000,-3.0
3,2013,4,159.1,0.65,0.20,0.12,0.88,-3.000,0.005,5.56,2.71,0.841,0.42,-3.0000,-3.0
3,2013,5,78.3,0.64,0.19,0.11,0.97,-3.000,0.005,5.74,2.94,0.096,0.47,-3.0000,-3.0
3,2013,6,83.9,0.67,0.20,0.09,0.93,-3.000,0.006,5.83,2.93,0.030,0.48,-3.0000,-3.0
3,2013,7,99.4,0.68,0.19,0.09,1.10,-3.000,0.003,5.85,2.85,0.043,0.40,-3.0000,-3.0
3,2013,8,18.8,0.71,0.21,0.08,1.23,-3.000,0.003,6.06,3.00,0.105,0.38,-3.0000,-3.0
3,2013,9,25.5,0.79,0.23,0.10,1.28,-3.000,0.004,6.09,3.15,0.176,0.35,-3.0000,-3.0
3,2013,10,20.6,0.74,0.25,0.37,1.32,-3.000,0.005,6.19,3.37,0.070,0.39,-3.0000,-3.0
3,2013,11,108.0,0.73,0.25,0.17,1.03,-3.000,0.004,5.75,2.91,1.091,0.41,-3.0000,-3.0
3,2013,12,60.0,0.73,0.24,0.11,1.03,-3.000,0.004,5.72,2.76,1.358,0.39,-3.0000,-3.0
3,2014,1,100.0,0.84,0.25,0.19,0.96,-3.000,0.004,5.49,2.46,2.320,0.33,-3.0000,-3.0
3,2014,2,15.2,0.84,0.27,0.16,1.12,-3.000,0.005,5.86,3.03,1.369,0.40,-3.0000,-3.0
3,2014,3,18.8,0.80,0.27,0.17,1.09,-3.000,0.006,5.88,3.11,1.300,0.41,-3.0000,-3.0
3,2014,4,330.3,0.80,0.25,0.19,0.86,-3.000,0.004,5.33,2.21,2.544,0.37,-3.0000,-3.0
3,2014,5,122.3,0.70,0.21,0.20,0.92,-3.000,0.003,5.56,2.49,1.005,0.43,-3.0000,-3.0
