ws,year,mo,precip,Ca,Mg,K,Na,Al,NH4,pH,SO4,NO3,Cl,PO4,SiO2
4,1963,6,67.5,0.30,0.07,0.10,0.07,-3.000,-3.000,-3.00,-3.00,-3.000,-3.00,-3.0000,-3.0
4,1963,7,70.1,0.29,0.06,0.11,0.07,-3.000,-3.000,-3.00,-3.00,-3.000,-3.00,-3.0000,-3.0
4,1963,8,147.0,0.19,0.04,0.08,0.04,-3.000,-3.000,-3.00,-3.00,-3.000,-3.00,-3.0000,-3.0
4,1963,9,39.8,0.20,0.08,0.52,0.09,-3.000,-3.000,-3.00,-3.00,-3.000,-3.00,-3.0000,-3.0
4,1963,10,29.8,0.60,0.13,0.89,0.08,-3.000,-3.000,-3.00,-3.00,-3.000,-3.00,-3.0000,-3.0
4,1963,11,209.5,0.18,0.09,0.41,0.14,-3.000,-3.000,-3.00,-3.00,-3.000,-3.00,-3.0000,-3.0
4,1963,12,72.9,0.11,0.02,0.42,0.07,-3.000,-3.000,-3.00,-3.00,-3.000,-3.00,-3.0000,-3.0
4,1964,1,121.1,0.08,0.02,0.04,0.13,-3.000,-3.000,-3.00,-3.00,-3.000,-3.00,-3.0000,-3.0
4,1964,2,42.3,0.13,0.03,0.06,0.09,-3.000,-3.000,-3.00,-3.00,-3.000,-3.00,-3.0000,-3.0
4,1964,3,139.4,0.22,0.04,0.06,0.08,-3.000,-3.000,-3.00,-3.00,-3.000,-3.00,-3.0000,-3.0
4,1964,4,108.5,0.53,0.09,0.06,0.09,-3.000,-3.000,-3.00,-3.00,-3.000,-3.00,-3.0000,-3.0
4,1964,5,97.3,0.48,0.09,0.22,0.07,-3.000,-3.000,-3.00,-3.00,-3.000,0.52,-3.0000,-3.0
4,1964,6,56.7,0.58,0.10,0.27,0.06,-3.000,0.300,4.25,4.20,0.770,0.38,-3.0000,-3.0
4,1964,7,130.8,0.29,0.04,0.21,0.07,-3.000,0.104,3.88,6.63,1.161,0.45,-3.0000,-3.0
4,1964,8,153.1,0.23,0.02,0.12,0.05,-3.000,0.133,4.38,2.10,0.133,0.14,-3.0000,-3.0
4,1964,9,35.9,0.62,0.37,0.22,0.21,-3.000,0.393,3.24,5.62,1.396,6.29,-3.0000,-3.0
4,1964,10,52.9,1.07,0.54,0.37,1.37,-3.000,0.100,4.07,1.47,0.032,12.93,-3.0000,-3.0
4,1964,11,115.7,0.28,0.30,0.15,0.50,-3.000,0.054,4.21,2.29,0.386,4.16,-3.0000,-3.0
4,1964,12,115.0,0.16,0.05,0.03,0.07,-3.000,0.077,4.49,1.87,0.922,0.17,-3.0000,-3.0
4,1965,1,62.7,0.11,0.03,0.03,0.14,-3.000,0.833,4.62,1.94,0.555,0.43,-3.0000,-3.0
4,1965,2,98.0,0.16,0.04,0.05,0.18,-3.000,0.099,4.41,1.72,0.339,0.61,-3.0000,-3.0
4,1965,3,28.3,0.44,0.10,0.15,0.29,-3.000,0.120,4.22,2.87,1.109,0.93,-3.0000,-3.0
4,1965,4,83.3,0.20,0.03,0.11,0.09,-3.000,0.542,4.22,3.83,1.508,0.51,-3.0000,-3.0
4,1965,5,23.9,0.65,0.30,0.23,0.46,-3.000,0.069,4.28,4.85,1.188,10.94,-3.0000,-3.0
4,1965,6,108.9,0.16,0.10,0.05,0.10,-3.000,0.042,4.13,3.96,0.373,4.82,-3.0000,-3.0
4,1965,7,97.1,0.16,0.20,0.07,0.19,-3.000,0.295,4.20,4.14,0.197,7.14,-3.0000,-3.0
4,1965,8,86.9,0.12,0.02,0.03,0.27,-3.000,0.132,4.09,4.25,1.118,0.91,-3.0000,-3.0
4,1965,9,198.5,0.12,0.02,0.02,0.12,-3.000,0.088,4.15,3.32,0.878,1.03,-3.0000,-3.0
4,1965,10,124.4,0.23,0.04,0.05,0.10,-3.000,0.168,4.27,2.66,1.252,1.81,-3.0000,-3.0
4,1965,11,148.8,0.22,0.03,0.06,0.07,-3.000,0.266,4.19,3.17,1.797,0.56,-3.0000,-3.0
4,1965,12,75.1,0.10,0.03,0.08,0.13,-3.000,0.376,4.10,3.49,2.703,0.47,-3.0000,-3.0
4,1966,1,68.6,0.14,0.02,0.05,0.12,-3.000,0.123,4.19,1.58,1.985,0.44,-3.0000,-3.0
4,1966,2,60.8,0.05,0.01,0.02,0.08,-3.000,0.143,4.33,1.54,0.685,0.20,-3.0000,-3.0
4,1966,3,119.9,0.15,0.03,0.03,0.14,-3.000,0.204,4.29,2.23,1.418,0.33,-3.0000,-3.0
4,1966,4,65.8,0.20,0.02,0.04,0.09,-3.000,0.545,3.98,4.52,3.122,0.32,-3.0000,-3.0
4,1966,5,94.1,0.85,0.05,0.06,0.45,-3.000,0.349,4.04,5.18,2.361,0.91,-3.0000,-3.0
4,1966,6,112.5,0.15,0.03,0.07,0.10,-3.000,0.187,4.14,3.95,1.402,0.39,-3.0000,-3.0
4,1966,7,99.4,0.31,0.05,0.06,0.11,-3.000,0.144,3.87,6.05,2.127,1.71,-3.0000,-3.0
4,1966,8,196.2,0.13,0.02,0.01,0.04,-3.000,0.131,4.08,3.55,1.051,0.85,-3.0000,-3.0
4,1966,9,118.9,0.18,0.03,0.02,0.08,-3.000,0.117,4.24,2.72,0.995,1.20,-3.0000,-3.0
4,1966,10,84.1,0.31,0.03,0.02,0.10,-3.000,0.122,3.98,2.62,0.984,4.46,-3.0000,-3.0
4,1966,11,141.4,0.13,0.03,0.04,0.15,-3.000,0.166,4.00,2.34,1.435,2.86,-3.0000,-3.0
4,1966,12,99.5,0.04,0.01,0.02,0.07,-3.000,0.030,4.32,0.99,0.789,0.85,-3.0000,-3.0
4,1967,1,59.1,0.14,0.04,0.08,0.20,-3.000,0.269,4.07,3.14,2.582,0.59,-3.0000,-3.0
4,1967,2,112.9,0.06,0.02,0.10,0.11,-3.000,0.124,4.44,1.58,1.465,0.41,-3.0000,-3.0
4,1967,3,53.0,0.25,0.04,0.05,0.09,-3.000,0.306,4.08,3.76,2.096,0.61,-3.0000,-3.0
4,1967,4,143.0,0.09,0.02,0.03,0.05,-3.000,0.195,4.14,2.75,1.464,0.59,-3.0000,-3.0
4,1967,5,118.6,0.15,0.04,0.07,0.06,-3.000,0.370,4.11,3.48,1.825,1.11,-3.0000,-3.0
4,1967,6,80.7,0.16,0.03,0.07,0.04,-3.000,0.424,4.03,5.40,1.553,0.75,-3.0000,-3.0
4,1967,7,112.8,0.12,0.04,0.03,0.35,-3.000,0.300,3.87,4.95,1.980,0.54,-3.0000,-3.0
4,1967,8,137.7,0.26,0.05,0.07,0.04,-3.000,0.169,4.02,3.98,1.321,0.25,-3.0000,-3.0
4,1967,9,139.7,0.05,0.02,0.03,0.06,-3.000,0.142,4.28,2.26,0.792,0.22,-3.0000,-3.0
4,1967,10,121.7,0.09,0.06,0.14,0.22,-3.000,0.265,4.25,2.78,1.644,0.59,-3.0000,-3.0
4,1967,11,115.7,0.15,0.15,0.04,0.15,-3.000,0.218,4.33,1.81,1.905,0.33,-3.0000,-3.0
4,1967,12,156.2,0.06,0.02,0.01,0.12,-3.000,0.091,4.39,1.87,1.495,0.30,-3.0000,-3.0
4,1968,1,75.2,0.11,0.02,0.05,0.10,-3.000,0.300,4.04,3.30,2.857,0.30,-3.0000,-3.0
4,1968,2,62.2,0.24,0.15,0.07,0.29,-3.000,0.065,4.21,1.91,2.266,0.33,-3.0000,-3.0
4,1968,3,95.2,0.22,0.07,0.04,0.32,-3.000,0.108,4.22,2.53,1.421,0.36,-3.0000,-3.0
4,1968,4,114.8,0.73,0.15,0.19,0.22,-3.000,0.244,4.32,2.57,1.139,0.38,-3.0000,-3.0
4,1968,5,208.9,0.08,0.02,0.07,0.04,-3.000,0.232,4.01,3.98,1.678,0.29,-3.0000,-3.0
4,1968,6,162.8,0.12,0.03,0.06,0.03,-3.000,0.280,4.05,3.87,1.248,0.65,-3.0000,-3.0
4,1968,7,58.5,0.19,0.04,0.08,0.05,-3.000,0.391,3.91,5.59,1.629,0.49,-3.0000,-3.0
4,1968,8,52.8,0.11,0.04,0.03,0.08,-3.000,0.590,3.93,4.27,1.796,1.09,-3.0000,-3.0
4,1968,9,71.6,0.12,0.07,0.04,0.20,-3.000,0.310,4.01,3.03,0.943,0.49,-3.0000,-3.0
4,1968,10,76.2,0.07,0.08,0.18,0.42,-3.000,0.126,4.28,1.34,0.481,1.04,-3.0000,-3.0
4,1968,11,130.9,0.09,0.02,0.04,0.03,-3.000,0.159,4.40,1.52,1.064,0.19,-3.0000,-3.0
4,1968,12,193.3,0.04,0.01,0.01,0.02,-3.000,0.133,4.41,1.12,0.979,0.14,-3.0000,-3.0
4,1969,1,77.4,0.08,0.02,0.04,0.16,-3.000,0.191,4.30,1.82,1.415,0.32,-3.0000,-3.0
4,1969,2,172.4,0.04,0.03,0.01,0.03,-3.000,0.160,4.69,0.75,0.409,0.10,-3.0000,-3.0
4,1969,3,86.5,0.23,0.04,0.07,0.12,-3.000,0.352,3.92,4.15,2.422,0.44,-3.0000,-3.0
4,1969,4,91.8,0.21,0.03,0.05,0.12,-3.000,0.299,3.96,3.78,2.119,0.47,-3.0000,-3.0
4,1969,5,107.6,0.32,0.04,0.10,0.27,-3.000,0.355,4.04,3.52,1.532,0.49,-3.0000,-3.0
4,1969,6,90.9,0.24,0.06,0.15,0.12,-3.000,0.487,4.09,3.25,1.254,0.33,-3.0000,-3.0
4,1969,7,195.1,0.11,0.02,0.03,0.06,-3.000,0.232,4.01,3.28,1.290,0.23,-3.0000,-3.0
4,1969,8,140.9,0.10,0.02,0.02,0.02,-3.000,0.329,4.16,2.02,0.614,0.63,-3.0000,-3.0
4,1969,9,44.7,0.13,0.02,0.13,0.04,-3.000,0.343,4.14,3.26,0.968,0.33,-3.0000,-3.0
4,1969,10,63.7,0.17,0.02,0.11,0.06,-3.000,0.240,4.16,2.70,0.785,0.52,-3.0000,-3.0
4,1969,11,145.1,0.08,0.05,0.06,0.34,-3.000,0.156,4.17,2.23,0.637,0.66,-3.0000,-3.0
4,1969,12,195.8,0.19,0.02,0.02,0.19,-3.000,0.127,4.16,1.22,2.376,0.24,-3.0000,-3.0
4,1970,1,25.0,0.12,0.03,0.04,0.18,-3.000,0.210,4.14,2.17,2.188,0.24,-3.0000,-3.0
4,1970,2,98.9,0.18,0.04,0.04,0.19,-3.000,0.188,4.22,1.81,1.929,0.28,-3.0000,-3.0
4,1970,3,110.5,0.07,0.02,0.02,0.06,-3.000,0.193,4.15,2.00,1.610,0.12,-3.0000,-3.0
4,1970,4,97.7,0.26,0.04,0.04,0.07,-3.000,0.285,4.18,2.50,1.595,0.13,-3.0000,-3.0
4,1970,5,91.1,0.35,0.07,0.20,0.15,-3.000,0.226,4.18,2.47,0.890,0.39,-3.0000,-3.0
4,1970,6,97.9,0.09,0.02,0.04,0.03,-3.000,0.675,3.96,3.78,1.133,0.27,-3.0000,-3.0
4,1970,7,63.5,0.27,0.07,0.26,0.08,-3.000,0.563,3.88,5.60,2.625,0.14,-3.0000,-3.0
4,1970,8,158.0,0.19,0.05,0.22,0.06,-3.000,0.509,3.96,4.17,2.068,0.15,-3.0000,-3.0
4,1970,9,139.5,0.05,0.01,0.08,0.03,-3.000,0.284,3.93,3.35,1.650,0.30,-3.0000,-3.0
4,1970,10,101.7,0.07,0.03,0.04,0.18,-3.000,0.506,3.70,3.88,3.235,0.91,-3.0000,-3.0
4,1970,11,92.3,0.08,0.04,0.05,0.32,-3.000,0.206,4.26,2.05,1.159,0.48,-3.0000,-3.0
4,1970,12,140.5,0.11,0.02,0.10,0.07,-3.000,0.120,4.28,1.55,1.300,0.60,-3.0000,-3.0
4,1971,1,92.9,0.11,0.02,0.05,0.07,-3.000,0.062,4.26,1.43,2.562,0.31,-3.0000,-3.0
4,1971,2,121.3,0.11,0.03,0.02,0.14,-3.000,0.346,4.40,1.66,1.459,0.30,-3.0000,-3.0
4,1971,3,94.9,0.12,0.03,0.03,0.05,-3.000,0.084,4.37,0.93,1.500,0.25,-3.0000,-3.0
4,1971,4,49.3,0.61,0.26,0.09,0.26,-3.000,0.454,3.91,4.82,3.080,0.42,-3.0000,-3.0
4,1971,5,115.0,0.20,0.04,0.10,0.10,-3.000,0.469,3.84,5.69,2.579,0.62,-3.0000,-3.0
4,1971,6,66.8,0.14,0.02,0.05,0.02,-3.000,0.418,3.97,4.92,1.657,0.34,-3.0000,-3.0
4,1971,7,146.9,0.11,0.02,0.02,0.05,-3.000,0.310,4.13,3.79,1.274,0.22,-3.0000,-3.0
4,1971,8,117.2,0.04,0.02,0.01,0.12,-3.000,0.070,4.74,0.90,0.230,0.25,-3.0000,-3.0
4,1971,9,74.3,0.04,0.02,0.02,0.10,-3.000,0.294,4.05,2.39,1.333,0.97,-3.0000,-3.0
4,1971,10,104.0,0.13,0.06,0.04,0.31,-3.000,0.100,4.03,2.40,1.790,1.10,0.0100,-3.0
4,1971,11,102.0,0.08,0.03,0.01,0.13,-3.000,0.092,4.11,2.65,2.263,0.41,0.0040,-3.0
4,1971,12,123.2,0.07,0.02,0.02,0.06,-3.000,0.141,4.27,1.98,1.887,0.27,0.0030,-3.0
4,1972,1,69.2,0.10,0.02,0.03,0.14,-3.000,0.168,4.21,2.31,2.097,0.35,0.0120,-3.0
4,1972,2,73.7,0.14,0.03,0.02,0.17,-3.000,0.180,4.17,1.47,2.729,0.36,0.0150,-3.0
4,1972,3,170.0,0.05,0.06,0.02,0.07,-3.000,0.178,4.28,2.10,1.589,0.18,0.0130,-3.0
4,1972,4,81.6,0.23,0.03,0.03,0.06,-3.000,0.482,4.01,4.21,2.496,0.20,0.0120,-3.0
4,1972,5,90.0,0.14,0.04,0.07,0.10,-3.000,0.427,3.96,3.48,2.266,0.42,0.0110,-3.0
4,1972,6,118.5,0.13,0.04,0.11,0.17,-3.000,0.239,4.02,2.95,1.418,0.84,0.0390,-3.0
4,1972,7,161.5,0.07,0.01,0.03,0.02,-3.000,0.253,4.05,3.45,1.390,0.17,0.0150,-3.0
4,1972,8,161.8,0.07,0.02,0.02,0.06,-3.000,0.276,3.98,4.14,1.964,0.22,0.0220,-3.0
4,1972,9,48.2,0.09,0.02,0.05,0.09,-3.000,0.346,3.95,4.59,2.343,0.82,0.0210,-3.0
4,1972,10,90.5,0.09,0.04,0.07,0.22,-3.000,0.160,4.23,2.21,1.638,0.65,0.0130,-3.0
4,1972,11,165.6,0.04,0.03,0.02,0.06,-3.000,0.067,4.30,1.82,1.198,0.24,0.0040,-3.0
4,1972,12,182.3,0.09,0.10,0.03,0.08,-3.000,0.046,4.30,2.13,1.289,0.22,0.0050,-3.0
4,1973,1,113.1,0.07,0.02,0.02,0.17,-3.000,0.108,4.41,1.69,1.258,0.31,0.0080,-3.0
4,1973,2,70.1,0.03,0.01,0.02,0.07,-3.000,0.047,4.21,1.19,0.997,1.01,0.0010,-3.0
4,1973,3,92.1,0.12,0.03,0.03,0.13,-3.000,0.102,4.22,2.26,1.371,0.84,0.0040,-3.0
4,1973,4,103.0,0.05,0.03,0.03,0.18,-3.000,0.069,4.32,1.73,1.363,0.29,0.0230,-3.0
4,1973,5,171.8,0.05,0.01,0.04,0.03,-3.000,0.135,4.19,2.41,1.512,0.43,0.0050,-3.0
4,1973,6,363.4,0.05,0.01,0.03,0.08,-3.000,0.161,4.19,3.39,1.538,0.18,0.0060,-3.0
4,1973,7,88.4,0.21,0.04,0.05,0.03,-3.000,0.434,4.04,4.60,1.933,0.24,0.0060,-3.0
4,1973,8,118.6,0.07,0.01,0.03,0.03,-3.000,0.208,4.10,3.96,1.392,0.26,0.0040,-3.0
4,1973,9,147.5,0.07,0.02,0.03,0.05,-3.000,0.256,3.97,5.00,2.121,0.23,0.0040,-3.0
4,1973,10,96.8,0.26,0.05,0.26,0.07,-3.000,0.439,4.18,3.09,2.564,0.43,0.0170,-3.0
4,1973,11,130.8,0.17,0.03,0.04,0.10,-3.000,0.342,4.09,3.20,2.987,0.21,0.0080,-3.0
4,1973,12,284.7,0.05,0.01,0.02,0.10,-3.000,0.054,4.64,0.88,0.683,0.22,0.0060,-3.0
4,1974,1,114.3,0.07,0.01,0.03,0.06,-3.000,0.143,4.31,1.91,1.691,0.23,0.0050,-3.0
4,1974,2,88.9,0.09,0.01,0.01,0.08,-3.000,0.088,4.38,1.63,1.340,0.20,0.0020,-3.0
4,1974,3,124.2,0.16,0.03,0.03,0.13,-3.000,0.143,4.37,1.95,1.823,0.24,0.0020,-3.0
4,1974,4,138.0,0.19,0.03,0.04,0.08,-3.000,0.227,4.13,2.70,1.792,0.30,0.0050,-3.0
4,1974,5,163.0,0.12,0.03,0.05,0.05,-3.000,0.271,4.09,3.43,1.486,0.25,0.0210,-3.0
4,1974,6,124.1,0.07,0.02,0.04,0.07,-3.000,0.119,4.17,2.49,1.084,0.29,0.0060,-3.0
4,1974,7,105.4,0.15,0.03,0.07,0.04,-3.000,0.318,4.03,4.43,1.566,0.19,0.0160,-3.0
4,1974,8,135.6,0.04,0.01,0.03,0.02,-3.000,0.156,4.06,4.05,1.180,0.13,0.0130,-3.0
4,1974,9,168.0,0.03,0.02,0.03,0.05,-3.000,0.131,4.16,2.87,1.125,0.41,0.0030,-3.0
4,1974,10,46.8,0.35,0.06,0.74,0.12,-3.000,0.583,3.88,6.64,2.932,0.70,0.0090,-3.0
4,1974,11,119.2,0.01,0.01,0.07,0.06,-3.000,0.115,4.33,1.57,1.256,0.25,0.0040,-3.0
4,1974,12,100.5,0.03,0.05,0.03,0.35,-3.000,0.100,4.32,1.94,1.622,0.63,0.0040,-3.0
4,1975,1,107.2,0.05,0.02,0.02,0.09,-3.000,0.075,4.41,1.40,1.599,0.25,0.0060,-3.0
4,1975,2,80.5,0.06,0.01,0.02,0.05,-3.000,0.101,4.34,1.59,1.768,0.21,0.0050,-3.0
4,1975,3,137.6,0.10,0.07,0.03,0.50,-3.000,0.164,4.26,2.57,1.954,0.88,0.0030,-3.0
4,1975,4,53.2,0.25,0.04,0.04,0.09,-3.000,0.540,4.12,4.20,2.575,0.33,0.0050,-3.0
4,1975,5,38.7,0.31,0.05,0.11,0.05,-3.000,0.513,3.77,5.23,3.770,0.63,0.0460,-3.0
4,1975,6,159.8,0.05,0.01,0.03,0.03,-3.000,0.134,4.14,2.66,1.381,0.19,0.0050,-3.0
4,1975,7,181.6,0.02,0.01,0.01,0.03,-3.000,0.119,4.17,2.57,1.359,0.14,0.0030,-3.0
4,1975,8,95.7,0.12,0.02,0.02,0.03,-3.000,0.171,3.96,4.18,1.739,0.22,0.0080,-3.0
4,1975,9,165.1,0.07,0.01,0.01,0.03,-3.000,0.096,4.23,2.38,0.935,0.16,0.0030,-3.0
4,1975,10,142.6,0.12,0.01,0.01,0.02,-3.000,0.011,4.82,0.77,0.178,0.10,0.0030,-3.0
4,1975,11,136.0,0.03,0.01,0.01,0.04,-3.000,0.086,4.30,1.36,1.373,0.20,0.0050,-3.0
4,1975,12,113.0,0.03,0.01,0.01,0.05,-3.000,0.062,4.50,1.16,0.925,0.23,0.0030,-3.0
4,1976,1,144.8,0.01,0.02,0.02,0.16,-3.000,0.109,4.17,2.11,2.197,0.39,0.0100,-3.0
4,1976,2,125.3,0.06,0.02,0.02,0.08,-3.000,0.137,4.34,1.82,1.587,0.17,0.0070,-3.0
4,1976,3,111.2,0.28,0.04,0.03,0.16,-3.000,0.271,4.13,2.90,3.116,0.38,0.0030,-3.0
4,1976,4,80.8,0.05,0.02,0.05,0.03,-3.000,0.184,4.32,2.88,0.833,0.13,0.0090,-3.0
4,1976,5,195.5,0.07,0.03,0.09,0.04,-3.000,0.263,4.21,3.21,1.343,0.16,0.0330,-3.0
4,1976,6,112.9,0.07,0.02,0.02,0.06,-3.000,0.131,4.19,3.06,1.319,0.22,0.0060,-3.0
4,1976,7,106.5,0.08,0.02,0.04,0.03,-3.000,0.172,4.12,3.47,1.351,0.30,0.0140,-3.0
4,1976,8,143.7,0.05,0.02,0.03,0.07,-3.000,0.166,4.16,2.90,1.234,0.19,0.0110,-3.0
4,1976,9,133.8,0.06,0.03,0.03,0.10,-3.000,0.209,4.08,3.70,1.975,0.23,0.0070,-3.0
4,1976,10,201.0,0.02,0.01,0.05,0.02,-3.000,0.094,4.40,1.70,1.128,0.13,0.0050,-3.0
4,1976,11,67.7,0.11,0.02,0.03,0.08,-3.000,0.270,4.09,2.57,2.730,0.59,0.0170,-3.0
4,1976,12,104.2,0.16,0.03,0.02,0.14,-3.000,0.136,4.24,1.30,2.535,0.55,0.0200,-3.0
4,1977,1,77.3,0.03,0.01,0.02,0.05,-3.000,0.116,4.32,1.13,2.240,0.62,0.0060,-3.0
4,1977,2,79.5,0.06,0.01,0.02,0.10,-3.000,0.380,4.13,2.05,2.914,0.74,0.0080,-3.0
4,1977,3,157.3,0.08,0.01,0.01,0.05,-3.000,0.098,4.50,1.18,0.885,0.43,0.0090,-3.0
4,1977,4,111.6,0.25,0.05,0.03,0.07,-3.000,0.214,4.24,2.35,2.792,0.23,0.0110,-3.0
4,1977,5,39.5,0.33,0.07,0.11,0.05,-3.000,0.242,4.07,4.44,2.502,0.38,0.0150,-3.0
4,1977,6,128.7,0.13,0.04,0.11,0.03,-3.000,0.193,4.00,4.41,2.029,0.25,0.0130,-3.0
4,1977,7,70.3,0.06,0.02,0.02,0.02,-3.000,0.199,3.90,4.75,2.597,0.25,0.0080,-3.0
4,1977,8,98.2,0.11,0.03,0.03,0.03,-3.000,0.329,3.71,7.46,3.932,0.18,0.0090,-3.0
4,1977,9,198.7,0.04,0.02,0.04,0.06,-3.000,0.093,4.25,2.08,1.195,0.11,0.0090,-3.0
4,1977,10,192.7,0.05,0.02,0.12,0.02,-3.000,0.067,4.40,1.44,0.939,0.27,0.0080,-3.0
4,1977,11,104.4,0.05,0.05,0.04,0.34,-3.000,0.096,4.26,1.82,1.403,0.56,0.0060,-3.0
4,1977,12,136.1,0.03,0.01,0.02,0.03,-3.000,0.055,4.50,1.01,1.036,0.13,0.0060,-3.0
4,1978,1,227.9,0.03,0.02,0.01,0.10,-3.000,0.022,4.64,0.87,0.593,0.29,0.0050,-3.0
4,1978,2,40.3,0.06,0.01,0.01,0.07,-3.000,0.030,4.45,0.80,0.861,0.40,0.0060,-3.0
4,1978,3,68.7,0.15,0.05,0.02,0.24,-3.000,0.107,4.10,2.85,2.579,0.61,0.0110,-3.0
4,1978,4,75.9,0.20,0.05,0.02,0.19,-3.000,0.484,3.89,4.41,3.417,0.66,0.0140,-3.0
4,1978,5,109.5,0.09,0.02,0.03,0.03,-3.000,0.243,4.11,3.16,1.679,0.17,0.0080,-3.0
4,1978,6,143.9,0.09,0.02,0.03,0.02,-3.000,0.231,4.07,3.86,1.668,0.13,0.0140,-3.0
4,1978,7,53.6,0.12,0.03,0.05,0.01,-3.000,0.241,3.94,4.80,1.934,0.19,0.0160,-3.0
4,1978,8,90.6,0.12,0.02,0.04,0.01,-3.000,0.228,3.99,4.35,1.570,0.15,0.0230,-3.0
4,1978,9,36.8,0.04,0.02,0.03,0.07,-3.000,0.553,3.95,4.69,2.047,0.32,0.0080,-3.0
4,1978,10,93.3,0.07,0.03,0.35,0.19,-3.000,0.163,4.10,2.43,2.111,0.40,0.0090,-3.0
4,1978,11,64.1,0.02,0.02,0.01,0.05,-3.000,0.071,4.35,1.42,1.092,0.23,0.0090,-3.0
4,1978,12,108.7,0.04,0.02,0.01,0.05,-3.000,0.066,4.37,1.09,1.944,0.26,0.0110,-3.0
4,1979,1,225.5,0.01,0.01,0.01,0.02,-3.000,0.027,4.50,0.59,1.123,0.13,0.0090,-3.0
4,1979,2,56.7,0.04,0.03,0.02,0.10,-3.000,0.107,4.13,2.70,1.440,0.19,0.0390,-3.0
4,1979,3,135.4,0.07,0.08,0.02,0.58,-3.000,0.212,4.05,3.02,2.121,1.13,0.0240,-3.0
4,1979,4,139.3,0.09,0.03,0.02,0.10,-3.000,0.206,4.18,2.71,1.633,0.39,0.0290,-3.0
4,1979,5,158.9,0.04,0.01,0.03,0.08,-3.000,0.229,4.18,2.69,1.962,0.15,0.0120,-3.0
4,1979,6,57.4,0.11,0.04,0.10,0.07,-3.000,0.100,4.12,3.12,1.818,0.17,0.0300,-3.0
4,1979,7,74.2,0.03,0.01,0.03,0.04,-3.000,0.121,4.03,2.71,1.445,0.19,0.0120,-3.0
4,1979,8,133.3,0.05,0.02,0.04,0.03,-3.000,0.184,4.11,3.11,1.507,0.14,0.0110,-3.0
4,1979,9,126.8,0.09,0.02,0.04,0.08,-3.000,0.062,4.35,1.45,0.826,0.27,0.0130,-3.0
4,1979,10,153.1,0.09,0.04,0.22,0.06,-3.000,0.127,4.35,1.94,1.305,0.25,0.0140,-3.0
4,1979,11,122.5,0.07,0.03,0.12,0.20,-3.000,0.268,4.09,2.76,2.763,0.43,0.0130,-3.0
4,1979,12,77.3,0.05,0.02,0.05,0.08,-3.000,0.142,4.30,1.93,1.552,0.19,0.0500,-3.0
4,1980,1,50.1,0.13,0.06,0.04,0.46,-3.000,0.114,4.34,1.30,2.021,0.80,0.0120,-3.0
4,1980,2,35.5,0.10,0.02,0.03,0.10,-3.000,0.068,4.26,1.23,2.645,0.31,0.0160,-3.0
4,1980,3,139.7,0.07,0.02,0.02,0.07,-3.000,0.161,4.34,1.48,1.581,0.19,0.0080,-3.0
4,1980,4,128.5,0.20,0.05,0.04,0.20,-3.000,0.317,4.19,2.97,1.910,0.31,0.0170,-3.0
4,1980,5,58.5,0.20,0.05,0.10,0.05,-3.000,0.404,4.20,3.09,1.812,0.18,0.0450,-3.0
4,1980,6,80.4,0.08,0.02,0.05,0.05,-3.000,0.213,4.12,2.81,1.482,0.16,0.0190,-3.0
4,1980,7,90.4,0.09,0.02,0.02,0.03,-3.000,0.206,4.10,3.47,1.646,0.17,0.0200,-3.0
4,1980,8,86.5,0.08,0.01,0.02,0.05,-3.000,0.297,4.01,4.37,1.997,0.18,0.0110,-3.0
4,1980,9,134.4,0.09,0.04,0.03,0.10,-3.000,0.289,4.04,3.84,2.106,0.18,0.0070,-3.0
4,1980,10,117.6,0.11,0.03,0.12,0.21,-3.000,0.137,4.29,1.86,1.497,0.40,0.0070,-3.0
4,1980,11,125.9,0.11,0.02,0.03,0.02,-3.000,0.173,4.42,1.13,1.786,0.10,0.0100,-3.0
4,1980,12,70.3,0.10,0.01,0.03,0.15,-3.000,0.190,4.26,1.32,2.655,0.32,0.0160,-3.0
4,1981,1,24.0,0.10,0.01,0.02,0.10,-3.000,0.082,4.04,1.02,4.832,0.53,0.0160,-3.0
4,1981,2,275.9,0.04,0.05,0.03,0.37,-3.000,0.083,4.61,0.98,0.620,0.62,0.0140,-3.0
4,1981,3,40.9,0.21,0.04,0.03,0.20,-3.000,0.241,4.16,2.01,3.497,0.31,0.0200,-3.0
4,1981,4,120.8,0.15,0.03,0.04,0.07,-3.000,0.349,4.15,3.13,1.857,0.15,0.0230,-3.0
4,1981,5,131.0,0.14,0.07,0.25,0.21,-3.000,0.285,4.25,3.12,1.395,0.35,0.2820,-3.0
4,1981,6,164.3,0.08,0.01,0.05,0.02,-3.000,0.341,4.07,3.97,1.706,0.11,0.0170,-3.0
4,1981,7,236.6,0.07,0.02,0.03,0.03,-3.000,0.142,4.31,2.29,1.151,0.10,0.0220,-3.0
4,1981,8,145.2,0.04,0.01,0.05,0.01,-3.000,0.262,4.16,3.49,0.996,0.07,0.0220,-3.0
4,1981,9,155.7,0.07,0.02,0.05,0.04,-3.000,0.339,4.18,3.10,1.510,0.11,0.0190,-3.0
4,1981,10,198.7,0.02,0.01,0.04,0.04,-3.000,0.101,4.43,1.37,1.030,0.10,0.0080,-3.0
4,1981,11,69.6,0.05,0.02,0.05,0.05,-3.000,0.174,4.34,1.80,1.529,0.13,0.0130,-3.0
4,1981,12,140.7,0.02,0.01,0.01,0.02,-3.000,0.043,4.64,0.63,0.975,0.06,0.0090,-3.0
4,1982,1,127.0,0.03,0.01,0.01,0.04,-3.000,0.056,4.60,0.72,1.051,0.11,0.0060,-3.0
4,1982,2,73.1,0.04,0.02,0.01,0.06,-3.000,0.069,4.42,1.21,1.762,0.13,0.0060,-3.0
4,1982,3,113.2,0.10,0.02,0.01,0.09,-3.000,0.156,4.27,2.09,1.794,0.13,0.0070,-3.0
4,1982,4,113.2,0.25,0.05,0.03,0.11,-3.000,0.320,4.20,2.51,3.072,0.20,0.0200,-3.0
4,1982,5,30.0,0.17,0.06,0.34,0.02,-3.000,0.280,4.29,2.70,1.298,0.13,0.7910,-3.0
4,1982,6,160.7,0.05,0.02,0.07,0.04,-3.000,0.176,4.40,1.84,1.139,0.09,0.0120,-3.0
4,1982,7,75.9,0.06,0.02,0.05,0.03,-3.000,0.176,3.93,2.71,1.357,0.12,0.0170,-3.0
4,1982,8,72.5,0.07,0.02,0.05,0.03,-3.000,0.273,4.16,3.03,1.886,0.11,0.0330,-3.0
4,1982,9,111.7,0.03,0.01,0.03,0.02,-3.000,0.229,4.15,3.21,1.267,0.08,0.0150,-3.0
4,1982,10,51.8,0.07,0.12,0.18,0.03,-3.000,0.243,4.13,2.73,1.785,0.11,0.0200,-3.0
4,1982,11,148.4,0.06,0.04,0.05,0.23,-3.000,0.145,4.32,2.07,1.764,0.31,0.0080,-3.0
4,1982,12,73.2,0.07,0.02,0.05,0.09,-3.000,0.172,4.31,1.93,1.611,0.22,0.0290,-3.0
4,1983,1,128.7,0.04,0.02,0.03,0.06,-3.000,0.068,4.73,0.75,0.589,0.12,0.0100,-3.0
4,1983,2,89.9,0.04,0.02,0.02,0.18,-3.000,0.218,4.19,2.83,1.428,0.27,0.0090,-3.0
4,1983,3,146.1,0.04,0.01,0.01,0.07,-3.000,0.067,4.72,0.83,0.527,0.16,0.0060,-3.0
4,1983,4,121.7,0.10,0.03,0.04,0.15,-3.000,0.280,4.26,2.39,1.623,0.21,0.0200,-3.0
4,1983,5,196.8,0.13,0.03,0.06,0.07,-3.000,0.375,4.21,3.14,1.955,0.16,0.0380,-3.0
4,1983,6,34.4,0.16,0.03,0.13,0.01,-3.000,0.239,4.24,2.93,1.552,0.09,0.0370,-3.0
4,1983,7,75.8,0.12,0.03,0.04,0.02,-3.000,0.235,4.23,2.65,1.177,0.12,0.0190,-3.0
4,1983,8,155.1,0.04,0.01,0.02,0.01,-3.000,0.181,4.21,2.58,1.237,0.07,0.0080,-3.0
4,1983,9,46.0,0.08,0.03,0.05,0.13,-3.000,0.147,4.46,1.85,0.790,0.24,0.0130,-3.0
4,1983,10,99.4,0.16,0.04,0.10,0.25,-3.000,0.049,4.54,1.02,0.617,0.35,0.0060,-3.0
4,1983,11,211.7,0.02,0.01,0.02,0.05,-3.000,0.075,4.45,1.16,0.985,0.09,0.0100,-3.0
4,1983,12,208.1,0.05,0.02,0.02,0.08,-3.000,0.031,4.67,0.64,0.654,0.15,0.0040,-3.0
4,1984,1,56.7,0.07,0.01,0.02,0.07,-3.000,0.130,4.25,1.52,2.300,0.18,0.0120,-3.0
4,1984,2,124.8,0.11,0.03,0.03,0.15,-3.000,0.151,4.28,1.83,1.748,0.26,0.0070,-3.0
4,1984,3,126.2,0.09,0.02,0.03,0.05,-3.000,0.025,4.61,0.69,0.713,0.11,0.0090,-3.0
4,1984,4,139.3,0.08,0.03,0.03,0.11,-3.000,0.124,4.38,1.49,0.961,0.21,0.0220,-3.0
4,1984,5,307.5,0.03,0.01,0.09,0.01,-3.000,0.044,4.86,0.49,0.376,0.06,0.0290,-3.0
4,1984,6,181.4,0.07,0.02,0.07,0.04,-3.000,0.260,4.29,2.62,1.242,0.11,0.0160,-3.0
4,1984,7,141.7,0.07,0.02,0.02,0.03,-3.000,0.286,4.06,3.94,1.993,0.12,0.0100,-3.0
4,1984,8,33.8,0.10,0.02,0.04,0.04,-3.000,0.332,3.83,6.28,3.450,0.16,0.0140,-3.0
4,1984,9,39.1,0.12,0.02,0.06,0.08,-3.000,0.255,4.24,2.81,1.581,0.13,0.0190,-3.0
4,1984,10,86.1,0.12,0.03,0.16,0.06,-3.000,0.193,4.31,2.23,1.807,0.11,0.0230,-3.0
4,1984,11,119.4,0.02,0.02,0.03,0.15,-3.000,0.066,4.52,1.03,0.845,0.25,0.0070,-3.0
4,1984,12,111.2,0.03,0.01,0.02,0.06,-3.000,0.061,4.63,0.72,0.835,0.10,0.0080,-3.0
4,1985,1,63.8,0.04,0.02,0.05,0.10,-3.000,0.128,4.16,1.06,4.081,0.24,0.0120,-3.0
4,1985,2,90.9,0.04,0.02,0.04,0.11,-3.000,0.099,4.30,1.74,1.652,0.24,0.0190,-3.0
4,1985,3,106.6,0.08,0.01,0.02,0.04,-3.000,0.155,4.52,1.26,1.181,0.11,0.0140,-3.0
4,1985,4,68.1,0.22,0.05,0.04,0.10,-3.000,0.405,4.25,2.98,2.310,0.24,0.0230,-3.0
4,1985,5,106.3,0.20,0.04,0.05,0.07,-3.000,0.408,4.13,3.83,2.308,0.17,0.0170,-3.0
4,1985,6,126.2,0.10,0.02,0.04,0.04,-3.000,0.264,4.24,3.00,1.537,0.13,0.0150,-3.0
4,1985,7,56.1,0.11,0.03,0.03,0.08,-3.000,0.052,4.31,2.03,0.967,0.15,0.0160,-3.0
4,1985,8,87.7,0.05,0.01,0.02,0.05,-3.000,0.199,4.08,3.59,1.875,0.11,0.0140,-3.0
4,1985,9,152.1,0.03,0.01,0.02,0.04,-3.000,0.026,4.79,0.62,0.380,0.11,0.0090,-3.0
4,1985,10,116.8,0.05,0.01,0.05,0.04,-3.000,0.181,4.17,2.70,1.689,0.12,0.0130,-3.0
4,1985,11,139.0,0.07,0.02,0.01,0.05,-3.000,0.075,4.52,0.88,1.401,0.11,0.0060,-3.0
4,1985,12,90.0,0.06,0.02,0.02,0.12,-3.000,0.182,4.31,1.14,2.575,0.25,0.0160,-3.0
4,1986,1,220.8,0.02,0.02,0.01,0.04,-3.000,0.040,4.76,0.51,0.497,0.10,0.0100,-3.0
4,1986,2,79.3,0.02,0.01,0.01,0.07,-3.000,0.044,4.44,1.12,1.132,0.15,0.0110,-3.0
4,1986,3,133.8,0.09,0.01,0.02,0.06,-3.000,0.210,4.27,2.16,1.836,0.13,0.0150,-3.0
4,1986,4,61.8,0.10,0.03,0.03,0.12,-3.000,0.235,4.15,3.16,2.066,0.24,0.0150,-3.0
4,1986,5,128.2,0.12,0.03,0.07,0.08,-3.000,0.303,4.44,1.88,1.375,0.16,0.0310,-3.0
4,1986,6,88.4,0.16,0.04,0.11,0.02,-3.000,0.247,4.24,2.92,1.476,0.11,0.0290,-3.0
4,1986,7,148.8,0.03,0.01,0.02,0.01,-3.000,0.112,4.29,2.05,1.230,0.06,0.0500,-3.0
4,1986,8,175.0,0.03,0.01,0.01,0.02,-3.000,0.347,4.06,4.07,1.842,0.10,0.0200,-3.0
4,1986,9,101.1,0.04,0.01,0.02,0.05,-3.000,0.183,4.09,3.12,1.833,0.14,0.0160,-3.0
4,1986,10,62.3,0.07,0.02,0.03,0.04,-3.000,0.212,4.23,2.74,1.639,0.08,0.0150,-3.0
4,1986,11,136.8,0.03,0.01,0.01,0.05,-3.000,0.079,4.46,1.05,1.106,0.13,0.0120,-3.0
4,1986,12,110.0,0.01,0.02,0.01,0.09,-3.000,0.071,4.67,0.66,0.629,0.17,0.0080,-3.0
4,1987,1,97.8,0.02,0.01,0.01,0.05,-3.000,0.138,4.41,0.96,1.661,0.12,0.0140,-3.0
4,1987,2,12.1,0.13,0.03,0.02,0.34,-3.000,0.196,4.12,1.13,4.765,0.62,0.0120,-3.0
4,1987,3,172.0,0.03,0.02,0.01,0.08,-3.000,0.036,4.70,0.68,0.494,0.21,0.0110,-3.0
4,1987,4,76.5,0.04,0.02,0.02,0.11,-3.000,0.071,4.69,0.70,0.587,0.27,0.0220,-3.0
4,1987,5,88.6,0.09,0.03,0.07,0.04,-3.000,0.314,4.34,2.56,0.995,0.08,0.0160,-3.0
4,1987,6,195.5,0.10,0.02,0.05,0.04,-3.000,0.221,4.42,1.71,0.928,0.13,0.0210,-3.0
4,1987,7,72.8,0.06,0.02,0.03,0.02,-3.000,0.321,4.15,3.37,1.577,0.10,0.0390,-3.0
4,1987,8,111.8,0.04,0.01,0.02,0.02,-3.000,0.221,4.21,2.68,1.290,0.06,0.0210,-3.0
4,1987,9,161.8,0.04,0.03,0.04,0.17,-3.000,0.060,4.46,1.28,0.812,0.32,0.0180,-3.0
4,1987,10,111.2,0.13,0.04,0.19,0.15,-3.000,0.219,4.19,2.25,2.191,0.31,0.0460,-3.0
4,1987,11,119.3,0.08,0.04,0.05,0.20,-3.000,0.261,4.23,2.04,1.948,0.37,0.0230,-3.0
4,1987,12,64.3,0.07,0.01,0.02,0.07,-3.000,0.196,4.24,1.45,2.455,0.15,0.0280,-3.0
4,1988,1,65.3,0.09,0.02,0.02,0.07,-3.000,0.090,4.52,0.87,1.349,0.29,0.0140,-3.0
4,1988,2,87.1,0.06,0.02,0.01,0.08,-3.000,0.080,4.59,0.76,0.969,0.17,0.0290,-3.0
4,1988,3,50.2,0.19,0.06,0.04,0.25,-3.000,0.408,4.06,2.80,4.145,0.43,0.1010,-3.0
4,1988,4,104.3,0.12,0.03,0.03,0.10,-3.000,0.330,4.16,2.89,2.378,0.22,0.0380,-3.0
4,1988,5,94.1,0.11,0.04,0.18,0.04,-3.000,0.261,4.21,2.43,1.764,0.20,0.0540,-3.0
4,1988,6,67.2,0.30,0.05,0.05,0.03,-3.000,0.402,4.22,2.75,2.178,0.15,0.0300,-3.0
4,1988,7,111.9,0.09,0.02,0.03,0.01,-3.000,0.232,4.10,3.17,1.487,0.11,0.0240,-3.0
4,1988,8,140.8,0.08,0.02,0.02,0.03,-3.000,0.094,4.30,1.81,0.891,0.09,0.0130,-3.0
4,1988,9,73.9,0.05,0.02,0.02,0.04,-3.000,0.237,4.22,2.48,1.622,0.11,0.0150,-3.0
4,1988,10,56.5,0.15,0.04,0.08,0.15,-3.000,0.663,3.99,4.00,3.898,0.30,0.0410,-3.0
4,1988,11,143.1,0.03,0.03,0.07,0.13,-3.000,0.079,4.46,1.18,2.534,0.25,0.0070,-3.0
4,1988,12,66.6,0.11,0.03,0.04,0.15,-3.000,0.157,4.43,1.37,1.422,0.25,0.0050,-3.0
4,1989,1,70.5,0.11,0.04,0.03,0.29,-3.000,0.296,4.23,1.87,3.040,0.55,0.0060,-3.0
4,1989,2,70.2,0.04,0.01,0.01,0.07,-3.000,0.165,4.37,1.41,2.037,0.14,0.0060,-3.0
4,1989,3,89.0,0.18,0.04,0.03,0.14,-3.000,0.222,4.24,2.62,2.047,0.20,0.0070,-3.0
4,1989,4,96.5,0.06,0.01,0.01,0.05,-3.000,0.252,4.24,1.96,1.725,0.11,0.0060,-3.0
4,1989,5,205.7,0.06,0.02,0.05,0.06,-3.000,0.129,4.40,1.68,0.906,0.13,0.0130,-3.0
4,1989,6,154.4,0.06,0.01,0.05,0.02,-3.000,0.293,4.27,2.38,1.478,0.09,0.0310,-3.0
4,1989,7,75.3,0.19,0.03,0.04,0.02,-3.000,0.643,4.19,3.71,1.929,0.12,0.0110,-3.0
4,1989,8,141.9,0.02,0.01,0.03,0.04,-3.000,0.302,4.23,2.73,1.368,0.09,0.0070,-3.0
4,1989,9,132.7,0.08,0.06,0.05,0.19,-3.000,0.152,4.22,2.39,1.612,0.35,0.0260,-3.0
4,1989,10,192.8,0.09,0.04,0.16,0.08,-3.000,0.072,4.50,1.02,0.918,0.17,0.0160,-3.0
4,1989,11,165.5,0.09,0.03,0.05,0.17,-3.000,0.147,4.41,1.38,1.669,0.31,0.0140,-3.0
4,1989,12,69.6,0.09,0.01,0.04,0.09,-3.000,0.125,4.29,1.23,2.464,0.19,0.0160,-3.0
4,1990,1,152.6,0.05,0.01,0.03,0.06,-3.000,0.209,4.28,1.61,1.819,0.16,0.0110,-3.0
4,1990,2,93.7,0.06,0.01,0.02,0.07,-3.000,0.125,4.34,1.06,1.624,0.22,0.0100,-3.0
4,1990,3,79.6,0.10,0.03,0.02,0.10,-3.000,0.230,4.31,2.03,1.329,0.21,0.0130,-3.0
4,1990,4,103.0,0.19,0.04,0.07,0.12,-3.000,0.447,4.03,3.73,2.590,0.21,0.0650,-3.0
4,1990,5,163.5,0.12,0.03,0.05,0.07,-3.000,0.183,4.42,1.64,1.092,0.19,0.0410,-3.0
4,1990,6,207.4,0.11,0.03,0.08,0.02,-3.000,0.384,4.24,2.76,1.765,0.12,0.0520,-3.0
4,1990,7,75.1,0.29,0.05,0.06,0.06,-3.000,0.496,4.20,3.67,1.980,0.15,0.0330,-3.0
4,1990,8,321.1,0.01,0.01,0.04,0.03,-3.000,0.081,4.40,1.39,0.792,0.09,0.0090,-3.0
4,1990,9,116.5,0.06,0.02,0.03,0.09,-3.000,0.387,4.06,3.89,2.696,0.21,0.0080,-3.0
4,1990,10,197.0,0.05,0.03,0.06,0.16,-3.000,0.172,4.44,1.78,1.192,0.28,0.0130,-3.0
4,1990,11,105.3,0.05,0.01,0.02,0.08,-3.000,0.126,4.41,1.57,1.156,0.08,0.0080,-3.0
4,1990,12,171.4,0.04,0.01,0.02,0.08,-3.000,0.073,4.50,1.16,0.979,0.07,0.0070,-3.0
4,1991,1,89.8,0.07,0.02,0.01,0.13,-3.000,0.152,4.37,1.33,1.830,0.21,0.0160,-3.0
4,1991,2,49.9,0.08,0.02,0.01,0.08,-3.000,0.211,4.22,2.00,2.399,0.14,0.0130,-3.0
4,1991,3,117.8,0.10,0.03,0.02,0.09,-3.000,0.176,4.35,1.67,1.538,0.10,0.0170,-3.0
4,1991,4,96.4,0.15,0.04,0.10,0.07,-3.000,0.367,4.11,3.22,2.168,0.17,0.0290,-3.0
4,1991,5,91.5,0.13,0.06,0.16,0.05,-3.000,0.619,4.27,2.91,1.870,0.17,0.1110,-3.0
4,1991,6,49.4,0.22,0.05,0.07,0.03,-3.000,0.430,4.33,2.91,1.873,0.09,0.0060,-3.0
4,1991,7,111.4,0.11,0.01,0.04,0.03,-3.000,0.350,4.23,2.79,1.772,0.09,0.0140,-3.0
4,1991,8,284.0,0.05,0.01,0.01,0.01,-3.000,0.114,4.46,1.49,0.799,0.02,0.0080,-3.0
4,1991,9,116.1,0.05,0.01,0.03,0.04,-3.000,0.186,4.30,1.94,1.133,0.07,0.0170,-3.0
4,1991,10,162.7,0.09,0.03,0.07,0.12,-3.000,0.269,4.18,2.67,1.623,0.20,0.0130,-3.0
4,1991,11,90.4,0.07,0.01,0.03,0.04,-3.000,0.088,4.52,0.95,1.011,0.07,0.0050,-3.0
4,1991,12,115.8,0.04,0.01,0.06,0.05,-3.000,0.150,4.33,1.07,2.186,0.10,0.0040,-3.0
4,1992,1,92.5,0.04,0.02,0.05,0.11,-3.000,0.064,4.50,1.02,1.025,0.20,0.0060,-3.0
4,1992,2,102.9,0.03,0.02,0.01,0.12,-3.000,0.223,4.29,1.38,2.560,0.24,0.0100,-3.0
4,1992,3,125.6,0.07,0.06,0.02,0.33,-3.000,0.183,4.21,2.31,1.648,0.52,0.0080,-3.0
4,1992,4,92.6,0.14,0.04,0.03,0.09,-3.000,0.388,4.11,2.96,2.075,0.28,0.0160,-3.0
4,1992,5,62.3,0.17,0.07,0.18,0.21,-3.000,0.294,4.40,2.14,1.800,0.38,0.0550,-3.0
4,1992,6,75.4,0.06,0.03,0.08,0.10,-3.000,0.142,4.24,2.37,1.553,0.18,0.0120,-3.0
4,1992,7,165.1,0.07,0.02,0.03,0.03,-3.000,0.228,4.25,2.40,1.550,0.08,0.0090,-3.0
4,1992,8,153.6,0.05,0.02,0.03,0.07,-3.000,0.286,4.09,3.49,1.814,0.15,0.0080,-3.0
4,1992,9,135.7,0.02,0.01,0.03,0.06,-3.000,0.116,4.46,1.38,0.975,0.12,0.0080,-3.0
4,1992,10,75.2,0.13,0.05,0.22,0.20,-3.000,0.332,4.14,2.67,2.911,0.40,0.0150,-3.0
4,1992,11,166.3,0.02,0.01,0.01,0.05,-3.000,0.109,4.43,1.19,1.001,0.10,0.0020,-3.0
4,1992,12,61.6,0.10,0.02,0.05,0.14,-3.000,0.292,4.26,1.86,2.356,0.24,0.0020,-3.0
4,1993,1,103.5,0.03,0.01,0.01,0.08,-3.000,0.115,4.45,0.87,1.433,0.12,0.0010,-3.0
4,1993,2,87.5,0.06,0.01,0.02,0.08,-3.000,0.132,4.57,0.68,1.484,0.20,0.0030,-3.0
4,1993,3,145.3,0.06,0.03,0.02,0.20,-3.000,0.129,4.32,1.10,1.854,0.35,0.0040,-3.0
4,1993,4,131.1,0.08,0.04,0.03,0.27,-3.000,0.129,4.43,1.38,0.951,0.44,0.0050,-3.0
4,1993,5,67.9,0.26,0.05,0.15,0.06,-3.000,1.023,3.94,5.65,3.334,0.21,0.0320,-3.0
4,1993,6,91.6,0.07,0.02,0.11,0.05,-3.000,0.238,4.16,2.74,1.899,0.14,0.0140,-3.0
4,1993,7,119.9,0.10,0.02,0.03,0.04,-3.000,0.234,4.19,2.53,1.709,0.11,0.0050,-3.0
4,1993,8,118.8,0.05,0.01,0.03,0.07,-3.000,0.339,4.06,4.02,1.783,0.10,0.0010,-3.0
4,1993,9,130.0,0.04,0.01,0.02,0.04,-3.000,0.170,4.16,2.77,1.367,0.09,0.0020,-3.0
4,1993,10,103.2,0.09,0.02,0.08,0.07,-3.000,0.212,4.34,1.81,1.638,0.13,0.0060,-3.0
4,1993,11,149.6,0.08,0.08,0.05,0.65,-3.000,0.146,4.42,1.56,1.750,1.20,0.0030,-3.0
4,1993,12,99.7,0.04,0.02,0.02,0.11,-3.000,0.202,4.32,1.37,2.283,0.19,0.0040,-3.0
4,1994,1,145.8,0.02,0.01,0.01,0.04,-3.000,0.040,4.62,0.36,1.155,0.13,0.0030,-3.0
4,1994,2,47.2,0.23,0.03,0.03,0.23,-3.000,0.078,4.35,0.96,2.240,0.39,0.0060,-3.0
4,1994,3,150.9,0.05,0.01,0.01,0.05,-3.000,0.140,4.51,1.07,1.258,0.10,0.0060,-3.0
4,1994,4,115.8,0.19,0.03,0.06,0.09,-3.000,0.584,4.07,3.66,2.935,0.18,0.0440,-3.0
4,1994,5,99.3,0.21,0.05,0.11,0.04,-3.000,0.655,4.14,3.43,3.041,0.15,0.0590,-3.0
4,1994,6,111.1,0.14,0.04,0.18,0.10,-3.000,0.431,4.17,3.33,2.246,0.23,0.0220,-3.0
4,1994,7,130.1,0.03,0.01,0.02,0.03,-3.000,0.239,4.14,3.22,1.596,0.08,0.0050,-3.0
4,1994,8,98.1,0.04,0.01,0.02,0.01,-3.000,0.172,4.37,1.94,0.932,0.06,0.0060,-3.0
4,1994,9,136.8,0.04,0.01,0.02,0.02,-3.000,0.187,4.41,1.69,1.022,0.10,0.0030,-3.0
4,1994,10,30.8,0.09,0.02,0.08,0.08,-3.000,0.460,3.82,3.72,5.618,0.22,0.0050,-3.0
4,1994,11,89.4,0.06,0.02,0.05,0.09,-3.000,0.117,4.45,1.22,1.134,0.17,0.0050,-3.0
4,1994,12,84.2,0.04,0.02,0.03,0.10,-3.000,0.081,4.42,1.16,1.318,0.17,0.0010,-3.0
4,1995,1,122.3,0.03,0.03,0.02,0.21,-3.000,0.079,4.38,0.99,1.640,0.37,0.0020,-3.0
4,1995,2,89.3,0.09,0.02,0.03,0.13,-3.000,0.177,4.33,1.15,2.248,0.20,0.0020,-3.0
4,1995,3,81.8,0.12,0.03,0.03,0.16,-3.000,0.373,4.11,2.33,3.213,0.25,0.0050,-3.0
4,1995,4,63.3,0.34,0.04,0.05,0.10,-3.000,0.667,4.03,3.95,3.971,0.21,0.0140,-3.0
4,1995,5,98.5,0.11,0.02,0.11,0.04,-3.000,0.205,4.51,1.24,1.008,0.09,0.1430,-3.0
4,1995,6,46.5,0.07,0.02,0.09,0.03,-3.000,0.319,4.35,1.72,1.395,0.14,0.0360,-3.0
4,1995,7,169.2,0.05,0.01,0.03,0.02,-3.000,0.360,4.17,2.89,1.907,0.12,0.0050,-3.0
4,1995,8,150.1,0.04,0.01,0.02,0.03,-3.000,0.139,4.42,1.29,0.768,0.07,0.0050,-3.0
4,1995,9,92.7,0.07,0.02,0.03,0.11,-3.000,0.356,4.07,3.14,2.093,0.22,0.0050,-3.0
4,1995,10,254.5,0.03,0.02,0.02,0.10,-3.000,0.084,4.58,0.78,0.555,0.24,0.0040,-3.0
4,1995,11,175.3,0.05,0.04,0.03,0.32,-3.000,0.104,4.45,1.00,1.128,0.62,0.0020,-3.0
4,1995,12,109.2,0.09,0.02,0.04,0.07,-3.000,0.184,4.42,0.98,1.879,0.13,0.0030,-3.0
4,1996,1,224.9,0.03,0.05,0.03,0.38,-3.000,0.067,4.51,0.96,0.933,0.65,0.0020,-3.0
4,1996,2,115.0,0.11,0.05,0.11,0.34,-3.000,0.198,4.29,1.53,2.049,0.58,0.0030,-3.0
4,1996,3,56.5,0.23,0.07,0.06,0.40,-3.000,0.169,4.30,1.51,2.840,0.66,0.0070,-3.0
4,1996,4,254.1,0.14,0.04,0.04,0.15,-3.000,0.273,4.25,2.12,2.143,0.30,0.0090,-3.0
4,1996,5,121.2,0.07,0.02,0.04,0.04,-3.000,0.172,4.51,1.12,1.235,0.10,0.0090,-3.0
4,1996,6,172.7,0.04,0.02,0.04,0.05,-3.000,0.334,4.40,2.19,1.478,0.11,0.0070,-3.0
4,1996,7,240.0,0.04,0.01,0.06,0.02,-3.000,0.187,4.44,1.98,1.075,0.06,0.0050,-3.0
4,1996,8,22.4,0.08,0.01,0.06,0.05,-3.000,0.257,4.12,3.57,2.368,0.16,0.0120,-3.0
4,1996,9,83.3,0.05,0.04,0.03,0.27,-3.000,0.138,4.25,2.10,1.641,0.49,0.0070,-3.0
4,1996,10,160.7,0.05,0.02,0.07,0.04,-3.000,0.095,4.54,0.88,0.784,0.09,0.0070,-3.0
4,1996,11,137.3,0.07,0.08,0.04,0.62,-3.000,0.149,4.42,1.57,1.066,1.11,0.0010,-3.0
4,1996,12,221.6,0.03,0.01,0.01,0.07,-3.000,0.102,4.39,0.98,1.288,0.15,0.0010,-3.0
4,1997,1,143.0,0.04,0.01,0.01,0.06,-3.000,0.095,4.41,0.93,1.435,0.13,0.0010,-3.0
4,1997,2,89.5,0.10,0.02,0.02,0.13,-3.000,0.178,4.28,1.47,1.752,0.22,0.0020,-3.0
4,1997,3,155.1,0.09,0.02,0.02,0.08,-3.000,0.212,4.29,1.56,1.928,0.15,0.0020,-3.0
4,1997,4,70.2,0.15,0.06,0.02,0.04,-3.000,0.240,4.42,1.56,1.403,0.08,0.0050,-3.0
4,1997,5,113.7,0.25,0.05,0.08,0.11,-3.000,0.505,4.09,3.36,2.850,0.22,0.0090,-3.0
4,1997,6,78.4,0.19,0.05,0.19,0.08,-3.000,0.619,4.08,3.92,3.128,0.20,0.0770,-3.0
4,1997,7,173.0,0.06,0.01,0.07,0.04,-3.000,0.246,4.41,1.82,1.155,0.09,0.0030,-3.0
4,1997,8,113.4,0.06,0.02,0.08,0.05,-3.000,0.296,4.28,2.34,1.750,0.13,0.0050,-3.0
4,1997,9,71.5,0.09,0.02,0.07,0.07,-3.000,0.290,4.33,2.17,1.496,0.16,0.0290,-3.0
4,1997,10,44.2,0.20,0.04,0.22,0.14,-3.000,0.545,4.17,2.87,3.757,0.32,0.0170,-3.0
4,1997,11,176.1,0.05,0.02,0.03,0.08,-3.000,0.120,4.58,0.81,1.124,0.19,0.0040,-3.0
4,1997,12,76.9,0.04,0.01,0.02,0.08,-3.000,0.144,4.44,1.10,1.692,0.15,0.0020,-3.0
4,1998,1,174.8,0.03,0.01,0.01,0.06,-3.000,0.061,4.66,0.71,0.983,0.13,0.0010,-3.0
4,1998,2,73.4,0.06,0.01,0.01,0.04,-3.000,0.033,4.66,0.68,0.865,0.06,0.0050,-3.0
4,1998,3,117.6,0.06,0.01,0.02,0.07,-3.000,0.087,4.48,0.76,1.472,0.13,0.0010,-3.0
4,1998,4,66.6,0.22,0.03,0.07,0.11,-3.000,0.388,4.35,2.05,2.128,0.21,0.0110,-3.0
4,1998,5,93.9,0.14,0.05,0.13,0.11,-3.000,0.404,4.44,2.02,1.448,0.26,0.0270,-3.0
4,1998,6,316.6,0.04,0.01,0.02,0.03,-3.000,0.129,4.55,1.09,0.800,0.06,0.0070,-3.0
4,1998,7,110.2,0.07,0.01,0.02,0.01,-3.000,0.127,4.42,1.46,0.829,0.05,0.0040,-3.0
4,1998,8,100.1,0.15,0.02,0.09,0.04,-3.000,0.343,4.03,3.51,2.606,0.11,0.0060,-3.0
4,1998,9,86.9,0.18,0.03,0.11,0.03,-3.000,0.483,4.09,3.73,2.080,0.08,0.0110,-3.0
4,1998,10,120.6,0.05,0.01,0.03,0.05,-3.000,0.180,4.27,1.74,1.675,0.11,0.0040,-3.0
4,1998,11,126.7,0.07,0.02,0.04,0.08,-3.000,0.268,4.30,1.56,2.026,0.18,0.0050,-3.0
4,1998,12,60.9,0.18,0.05,0.16,0.09,-3.000,0.503,4.11,2.50,3.743,0.24,0.0370,-3.0
4,1999,1,193.3,0.07,0.01,0.01,0.05,-3.000,0.036,4.52,0.62,1.277,0.10,0.0020,-3.0
4,1999,2,56.9,0.16,0.04,0.06,0.16,-3.000,0.261,4.27,2.00,2.158,0.28,0.0060,-3.0
4,1999,3,137.0,0.12,0.06,0.03,0.37,-3.000,0.086,4.64,1.06,0.850,0.68,0.0040,-3.0
4,1999,4,22.3,1.01,0.14,0.19,0.16,-3.000,1.500,3.93,6.27,7.014,0.26,0.0980,-3.0
4,1999,5,138.0,0.07,0.01,0.05,0.06,-3.000,0.079,4.69,0.84,0.643,0.12,0.0090,-3.0
4,1999,6,80.4,0.17,0.04,0.19,0.09,-3.000,0.351,4.31,2.34,1.830,0.18,0.0380,-3.0
4,1999,7,112.5,0.09,0.02,0.05,0.04,-3.000,0.228,4.35,1.74,1.188,0.07,0.0140,-3.0
4,1999,8,107.6,0.08,0.02,0.04,0.05,-3.000,0.451,4.10,3.33,2.033,0.13,0.0110,-3.0
4,1999,9,346.7,0.05,0.01,0.03,0.04,-3.000,0.074,4.77,0.70,0.453,0.07,0.0030,-3.0
4,1999,10,82.0,0.06,0.05,0.18,0.14,-3.000,0.090,4.50,1.18,1.140,0.24,0.0080,-3.0
4,1999,11,111.3,0.20,0.08,0.10,0.38,-3.000,0.436,4.28,2.17,2.207,0.66,0.0070,-3.0
4,1999,12,59.0,0.14,0.04,0.02,0.20,-3.000,0.253,4.18,1.91,2.330,0.40,0.0040,-3.0
4,2000,1,110.9,0.12,0.02,0.01,0.14,-3.000,0.257,4.28,1.53,1.982,0.27,0.0030,-3.0
4,2000,2,114.5,0.11,0.02,0.01,0.08,-3.000,0.254,4.30,1.35,1.638,0.18,0.0050,-3.0
4,2000,3,115.0,0.12,0.02,0.02,0.08,-3.000,0.254,4.32,1.68,1.451,0.26,0.0070,-3.0
4,2000,4,232.2,0.12,0.03,0.04,0.14,-3.000,0.218,4.49,1.31,1.018,0.25,0.0280,-3.0
4,2000,5,148.2,0.04,0.01,0.09,0.03,-3.000,0.094,4.31,1.49,1.324,0.09,0.0090,-3.0
4,2000,6,91.1,0.12,0.04,0.07,0.14,-3.000,0.407,4.21,2.57,1.784,0.26,0.0090,-3.0
4,2000,7,99.8,0.03,0.01,0.04,0.05,-3.000,0.094,4.55,0.86,0.894,0.11,0.0060,-3.0
4,2000,8,110.2,0.05,0.01,0.08,0.04,-3.000,0.352,4.31,2.32,1.580,0.09,0.0050,-3.0
4,2000,9,100.8,0.03,0.01,0.02,0.04,-3.000,0.184,4.38,1.80,1.175,0.07,0.0050,-3.0
4,2000,10,79.0,0.05,0.02,0.10,0.02,-3.000,0.137,4.48,1.29,0.964,0.09,0.0050,-3.0
4,2000,11,106.6,0.06,0.01,0.02,0.03,-3.000,0.143,4.41,1.14,1.707,0.16,0.0020,-3.0
4,2000,12,155.7,0.02,0.01,0.03,0.08,-3.000,0.054,4.72,0.60,0.845,0.17,0.0030,-3.0
4,2001,1,55.5,0.01,0.01,0.02,0.07,-3.000,0.182,4.29,1.26,2.539,0.19,0.0030,-3.0
4,2001,2,109.5,0.07,0.01,0.02,0.06,-3.000,0.187,4.43,1.19,1.964,0.13,0.0050,-3.0
4,2001,3,111.9,0.07,0.01,0.02,0.09,-3.000,0.080,4.58,0.64,1.449,0.15,0.0040,-3.0
4,2001,4,44.5,0.40,0.06,0.05,0.14,-3.000,0.468,4.20,3.42,2.791,0.20,0.0090,-3.0
4,2001,5,62.6,0.11,0.03,0.10,0.06,-3.000,0.373,4.33,2.07,1.666,0.12,0.0140,-3.0
4,2001,6,118.8,0.04,0.01,0.06,0.03,-3.000,0.139,4.54,1.12,0.879,0.07,0.0120,-3.0
4,2001,7,85.0,0.08,0.01,0.02,0.01,-3.000,0.177,4.46,1.53,1.030,0.05,0.0090,-3.0
4,2001,8,42.5,0.14,0.03,0.05,0.04,-3.000,0.266,4.21,2.78,1.856,0.10,0.0060,-3.0
4,2001,9,153.9,0.02,0.02,0.02,0.11,-3.000,0.129,4.59,0.99,0.724,0.19,0.0020,-3.0
4,2001,10,69.8,0.15,0.03,0.12,0.14,-3.000,0.373,4.26,2.36,2.238,0.23,0.0150,-3.0
4,2001,11,81.9,0.15,0.04,0.04,0.23,-3.000,0.338,4.22,2.17,2.811,0.42,0.0040,-3.0
4,2001,12,78.4,0.04,0.01,0.01,0.06,-3.000,0.176,4.37,1.25,1.817,0.12,0.0010,-3.0
4,2002,1,97.4,0.11,0.01,0.02,0.09,-3.000,0.241,4.44,1.02,2.143,0.16,0.0020,-3.0
4,2002,2,83.3,0.06,0.02,0.02,0.14,-3.000,0.173,4.46,1.24,1.426,0.23,0.0020,-3.0
4,2002,3,140.8,0.12,0.03,0.03,0.22,-3.000,0.237,4.48,1.40,1.567,0.37,0.0040,-3.0
4,2002,4,162.8,0.15,0.03,0.05,0.08,-3.000,0.293,4.40,1.80,1.824,0.15,0.0230,-3.0
4,2002,5,131.2,0.10,0.03,0.13,0.04,-3.000,0.297,4.59,1.37,1.125,0.07,0.0350,-3.0
4,2002,6,131.0,0.09,0.01,0.05,0.03,-3.000,0.497,4.30,2.66,1.734,0.08,0.0150,-3.0
4,2002,7,51.4,0.49,0.07,0.11,0.07,-3.000,0.499,4.46,2.51,2.101,0.12,0.0160,-3.0
4,2002,8,84.3,0.08,0.02,0.02,0.08,-3.000,0.118,4.68,0.77,0.737,0.16,0.0060,-3.0
4,2002,9,129.2,0.02,0.01,0.02,0.02,-3.000,0.106,4.75,0.75,0.425,0.04,0.0030,-3.0
4,2002,10,104.9,0.08,0.03,0.09,0.16,-3.000,0.249,4.32,1.79,1.709,0.31,0.0040,-3.0
4,2002,11,140.0,0.05,0.01,0.09,0.05,-3.000,0.197,4.55,0.87,1.367,0.11,0.0070,-3.0
4,2002,12,100.1,0.04,0.01,0.04,0.04,-3.000,0.105,4.70,0.60,0.875,0.08,0.0030,-3.0
4,2003,1,43.3,0.03,0.01,0.04,0.11,-3.000,0.107,4.39,0.83,1.841,0.22,0.0030,-3.0
4,2003,2,61.0,0.08,0.02,0.06,0.16,-3.000,0.125,4.60,0.85,1.300,0.22,0.0050,-3.0
4,2003,3,97.1,0.09,0.03,0.03,0.22,-3.000,0.234,4.34,1.68,1.762,0.38,0.0040,-3.0
4,2003,4,69.5,0.13,0.02,0.02,0.05,-3.000,0.209,4.40,1.51,1.485,0.10,0.0050,-3.0
4,2003,5,144.7,0.11,0.03,0.07,0.03,-3.000,0.243,4.47,1.65,1.135,0.07,0.0160,-3.0
4,2003,6,60.3,0.09,0.02,0.12,0.02,-3.000,0.248,4.36,2.14,1.137,0.06,0.0710,-3.0
4,2003,7,124.1,0.05,0.01,0.03,0.02,-3.000,0.254,4.37,1.96,1.238,0.06,0.0030,-3.0
4,2003,8,240.0,0.04,0.01,0.02,0.02,-3.000,0.117,4.61,1.10,0.671,0.06,0.0050,-3.0
4,2003,9,203.8,0.03,0.02,0.05,0.15,-3.000,0.145,4.58,1.23,0.655,0.25,0.0250,-3.0
4,2003,10,196.8,0.10,0.02,0.02,0.08,-3.000,0.214,4.58,1.04,1.273,0.16,0.0040,-3.0
4,2003,11,175.8,0.05,0.05,0.03,0.37,-3.000,0.130,4.45,1.28,1.033,0.69,0.0020,-3.0
4,2003,12,232.0,0.03,0.02,0.01,0.15,-3.000,0.040,4.72,0.65,0.718,0.28,0.0020,-3.0
4,2004,1,39.8,0.07,0.01,0.02,0.09,-3.000,0.208,4.29,1.50,2.331,0.18,0.0040,-3.0
4,2004,2,38.4,0.27,0.03,0.02,0.13,-3.000,0.147,4.53,1.30,1.852,0.22,0.0050,-3.0
4,2004,3,80.1,0.18,0.04,0.04,0.16,-3.000,0.777,4.03,3.63,4.563,0.24,0.0070,-3.0
4,2004,4,112.9,0.11,0.02,0.02,0.04,-3.000,0.198,4.71,0.98,0.782,0.09,0.0040,-3.0
4,2004,5,160.3,0.08,0.02,0.09,0.03,-3.000,0.217,4.52,1.39,1.131,0.05,0.0170,-3.0
4,2004,6,72.1,0.11,0.02,0.10,0.04,-3.000,0.226,4.30,2.25,1.343,0.11,0.0130,-3.0
4,2004,7,149.6,0.04,0.01,0.05,0.02,-3.000,0.174,4.35,1.76,1.089,0.07,0.0130,-3.0
4,2004,8,201.3,0.05,0.01,0.03,0.05,-3.000,0.123,4.54,1.72,0.781,0.09,0.0050,-3.0
4,2004,9,91.7,0.03,0.02,0.02,0.13,-3.000,0.048,4.68,0.63,0.514,0.21,0.0050,-3.0
4,2004,10,61.0,0.05,0.01,0.07,0.02,-3.000,0.066,4.56,0.79,0.663,0.06,0.0050,-3.0
4,2004,11,151.6,0.04,0.03,0.05,0.06,-3.000,0.089,4.63,0.91,0.838,0.12,0.0020,-3.0
4,2004,12,159.2,0.03,0.02,0.02,0.15,-3.000,0.096,4.55,0.90,1.167,0.29,0.0060,-3.0
4,2005,1,76.4,0.05,0.02,0.02,0.18,-3.000,0.136,4.44,1.10,1.670,0.28,0.0010,-3.0
4,2005,2,92.6,0.03,0.01,0.01,0.06,-3.000,0.057,4.56,0.91,1.025,0.10,0.0010,-3.0
4,2005,3,87.5,0.10,0.02,0.01,0.09,-3.000,0.148,4.65,0.88,1.216,0.16,0.0010,-3.0
4,2005,4,180.1,0.09,0.04,0.03,0.23,-3.000,0.226,4.51,1.59,1.009,0.42,0.0010,-3.0
4,2005,5,90.3,0.10,0.02,0.07,0.05,-3.000,0.239,4.55,1.31,1.093,0.08,0.0010,-3.0
4,2005,6,182.4,0.05,0.01,0.04,0.01,-3.000,0.250,4.50,1.75,1.006,0.04,0.0010,-3.0
4,2005,7,78.9,0.06,0.01,0.04,0.01,-3.000,0.220,4.45,1.98,0.872,0.06,0.0010,-3.0
4,2005,8,225.6,0.05,0.02,0.02,0.07,-3.000,0.161,4.52,1.60,0.769,0.14,0.0010,-3.0
4,2005,9,79.2,0.06,0.02,0.07,0.12,-3.000,0.154,4.51,1.63,0.960,0.22,0.0010,-3.0
4,2005,10,318.0,0.01,0.01,0.01,0.03,-3.000,0.005,5.25,0.13,0.076,0.06,0.0010,-3.0
4,2005,11,180.5,0.05,0.02,0.03,0.13,-3.000,0.115,4.49,1.25,1.062,0.26,0.0010,-3.0
4,2005,12,100.1,0.03,0.01,0.01,0.11,-3.000,0.098,4.62,0.76,1.049,0.22,0.0010,-3.0
4,2006,1,160.7,0.07,0.03,0.02,0.22,-3.000,0.087,4.57,0.98,1.126,0.40,0.0010,-3.0
4,2006,2,69.4,0.17,0.02,0.01,0.16,-3.000,0.112,4.49,1.01,1.901,0.26,0.0010,-3.0
4,2006,3,50.4,0.23,0.04,0.05,0.25,-3.000,0.663,4.09,3.69,3.407,0.47,0.0770,-3.0
4,2006,4,70.4,0.27,0.06,0.05,0.13,-3.000,0.345,4.42,2.29,1.557,0.24,0.0390,-3.0
4,2006,5,241.5,0.05,0.02,0.14,0.06,-3.000,0.023,5.00,0.53,0.099,0.12,0.0090,-3.0
4,2006,6,198.4,0.06,0.02,0.07,0.07,-3.000,0.091,4.74,0.94,0.605,0.11,0.0010,-3.0
4,2006,7,123.7,0.03,0.01,0.02,0.01,-3.000,0.078,4.73,1.75,0.317,0.02,0.0010,-3.0
4,2006,8,74.7,0.08,0.01,0.03,0.02,-3.000,0.121,4.39,1.87,0.760,0.06,0.0010,-3.0
4,2006,9,70.3,0.07,0.03,0.22,0.14,-3.000,0.144,4.52,1.48,0.969,0.27,0.0010,-3.0
4,2006,10,254.8,0.01,0.01,0.05,0.03,-3.000,0.081,4.70,0.70,0.701,0.06,0.0010,-3.0
4,2006,11,138.4,0.03,0.02,0.03,0.11,-3.000,0.028,4.84,0.65,0.389,0.21,0.0010,-3.0
4,2006,12,128.1,0.05,0.02,0.03,0.09,-3.000,0.136,4.47,1.09,1.441,0.17,0.0010,-3.0
4,2007,1,96.5,0.03,0.01,0.04,0.04,-3.000,0.069,4.68,0.70,0.966,0.08,0.0010,-3.0
4,2007,2,72.0,0.03,0.01,0.01,0.09,-3.000,0.026,4.81,0.30,0.756,0.17,0.0010,-3.0
4,2007,3,88.5,0.14,0.03,0.04,0.13,-3.000,0.278,4.52,1.63,1.411,0.18,0.0010,-3.0
4,2007,4,179.0,0.06,0.01,0.02,0.03,-3.000,0.111,4.77,0.73,0.655,0.06,0.0010,-3.0
4,2007,5,82.0,0.13,0.02,0.06,0.02,-3.000,0.350,4.68,1.64,0.839,0.06,0.0010,-3.0
4,2007,6,88.2,0.17,0.03,0.11,0.03,-3.000,0.475,4.48,2.32,1.436,0.08,0.0010,-3.0
4,2007,7,161.5,0.08,0.01,0.03,0.01,-3.000,0.309,4.59,1.63,0.875,0.04,0.0010,-3.0
4,2007,8,131.6,0.10,0.02,0.05,0.04,-3.000,0.412,4.29,2.95,1.139,0.08,0.0010,-3.0
4,2007,9,101.6,0.05,0.01,0.02,0.02,-3.000,0.279,4.50,1.63,0.779,0.06,0.0010,-3.0
4,2007,10,191.8,0.03,0.01,0.03,0.06,-3.000,0.090,4.66,0.90,0.634,0.12,0.0010,-3.0
4,2007,11,139.0,0.07,0.02,0.02,0.09,-3.000,0.370,4.32,1.98,1.790,0.18,0.0010,-3.0
4,2007,12,161.7,0.03,0.02,0.01,0.17,-3.000,0.069,4.66,0.69,0.910,0.31,0.0010,-3.0
4,2008,1,79.6,0.07,0.01,0.01,0.14,-3.000,0.100,4.54,0.77,1.424,0.24,0.0010,-3.0
4,2008,2,210.4,0.05,0.01,0.01,0.05,-3.000,0.086,4.59,0.80,0.985,0.11,0.0010,-3.0
4,2008,3,163.3,0.09,0.02,0.01,0.09,-3.000,0.156,4.66,0.84,1.125,0.13,0.0010,-3.0
4,2008,4,110.0,0.16,0.02,0.02,0.05,-3.000,0.259,4.50,1.55,1.182,0.08,0.0010,-3.0
4,2008,5,47.1,0.28,0.06,0.16,0.05,-3.000,0.409,4.63,2.12,1.268,0.11,0.0070,-3.0
4,2008,6,144.2,0.11,0.03,0.11,0.03,-3.000,0.205,4.44,2.18,1.220,0.09,0.0010,-3.0
4,2008,7,159.7,0.06,0.01,0.02,0.05,-3.000,0.220,4.51,1.55,0.885,0.10,0.0010,-3.0
4,2008,8,169.2,0.03,0.01,0.01,0.01,-3.000,0.081,4.65,0.86,0.656,0.03,0.0010,-3.0
4,2008,9,159.8,0.03,0.01,0.01,0.02,-3.000,0.065,4.80,0.62,0.307,0.05,0.0010,-3.0
4,2008,10,162.3,0.04,0.03,0.06,0.16,-3.000,0.097,4.65,1.07,0.752,0.33,0.0010,-3.0
4,2008,11,154.8,0.02,0.01,0.01,0.04,-3.000,0.081,4.70,0.67,0.711,0.09,0.0010,-3.0
4,2008,12,162.2,0.03,0.01,0.01,0.06,-3.000,0.046,4.85,0.38,0.598,0.10,0.0010,-3.0
4,2009,1,79.5,0.03,0.01,0.01,0.06,-3.000,0.042,4.77,0.29,0.876,0.09,0.0010,-3.0
4,2009,2,82.4,0.10,0.02,0.02,0.15,-3.000,0.217,4.51,1.10,1.534,0.24,0.0010,-3.0
4,2009,3,88.6,0.12,0.02,0.02,0.13,-3.000,0.222,4.60,1.24,1.157,0.17,0.0010,-3.0
4,2009,4,91.1,0.14,0.05,0.06,0.20,-3.000,0.175,4.58,1.38,1.242,0.30,0.0010,-3.0
4,2009,5,161.7,0.09,0.03,0.10,0.04,-3.000,0.044,4.99,0.74,0.259,0.10,0.0090,-3.0
4,2009,6,146.4,0.03,0.01,0.02,0.04,-3.000,0.047,5.02,0.44,0.327,0.07,0.0010,-3.0
4,2009,7,247.9,0.03,0.01,0.01,0.01,-3.000,0.083,4.78,0.80,0.583,0.04,0.0010,-3.0
4,2009,8,154.0,0.05,0.01,0.01,0.01,-3.000,0.043,4.84,0.61,0.422,0.04,0.0010,-3.0
4,2009,9,57.2,0.05,0.03,0.05,0.10,-3.000,0.019,5.12,0.36,0.294,0.21,0.0010,-3.0
4,2009,10,181.0,0.04,0.01,0.04,0.03,-3.000,0.097,4.78,0.68,0.733,0.08,0.0010,-3.0
4,2009,11,120.9,0.03,0.03,0.04,0.17,-3.000,0.005,5.10,0.28,0.254,0.33,0.0010,-3.0
4,2009,12,135.3,0.05,0.01,0.04,0.06,-3.000,0.039,4.92,0.36,0.495,0.12,0.0010,-3.0
4,2010,1,88.6,0.04,0.03,0.03,0.20,-3.000,0.032,4.81,0.55,0.654,0.37,0.0010,-3.0
4,2010,2,73.4,0.05,0.03,0.04,0.21,-3.000,0.020,5.09,0.29,0.473,0.42,0.0010,-3.0
4,2010,3,125.0,0.06,0.02,0.03,0.11,-3.000,0.045,4.96,0.44,0.371,0.23,0.0010,-3.0
4,2010,4,101.6,0.33,0.07,0.07,0.08,-3.000,0.460,4.98,1.92,1.508,0.11,0.0010,-3.0
4,2010,5,63.2,0.16,0.03,0.09,0.03,-3.000,0.226,4.98,0.90,0.964,0.06,0.0010,-3.0
4,2010,6,181.1,0.04,0.01,0.03,0.01,-3.000,0.159,4.71,1.12,0.697,0.04,0.0010,-3.0
4,2010,7,123.3,0.05,0.01,0.01,0.02,-3.000,0.090,4.73,0.84,0.647,0.05,0.0010,-3.0
4,2010,8,94.3,0.06,0.02,0.03,0.03,-3.000,0.129,4.68,0.93,0.809,0.09,0.0010,-3.0
4,2010,9,174.3,0.11,0.04,0.04,0.20,-3.000,0.159,4.67,1.24,0.997,0.41,0.0010,-3.0
4,2010,10,161.8,0.11,0.03,0.10,0.09,-3.000,0.090,5.08,0.50,0.637,0.19,0.0010,-3.0
4,2010,11,97.1,0.06,0.02,0.06,0.11,-3.000,0.092,4.73,0.82,0.743,0.19,0.0010,-3.0
4,2010,12,150.6,0.03,0.02,0.01,0.11,-3.000,0.005,5.02,0.25,0.364,0.23,0.0010,-3.0
4,2011,1,75.2,0.03,0.01,0.01,0.07,-3.000,0.037,4.77,0.24,0.954,0.12,0.0010,-3.0
4,2011,2,125.3,0.09,0.01,0.01,0.07,-3.000,0.078,4.79,0.55,0.971,0.11,0.0010,-3.0
4,2011,3,161.7,0.07,0.03,0.02,0.21,-3.000,0.063,4.98,0.49,0.519,0.40,0.0010,-3.0
4,2011,4,191.1,0.20,0.03,0.04,0.09,-3.000,0.236,4.85,1.00,0.791,0.16,0.0010,-3.0
4,2011,5,140.7,0.08,0.04,0.17,0.10,-3.000,0.073,4.75,0.87,0.628,0.22,0.0040,-3.0
4,2011,6,112.6,0.13,0.02,0.10,0.03,-3.000,0.179,4.87,0.80,0.898,0.08,0.0010,-3.0
4,2011,7,64.1,0.25,0.04,0.06,0.08,-3.000,0.264,4.48,2.03,1.682,0.19,0.0010,-3.0
4,2011,8,323.1,0.02,0.01,0.03,0.05,-3.000,0.039,5.02,0.39,0.124,0.12,0.0010,-3.0
4,2011,9,188.5,0.03,0.01,0.02,0.03,-3.000,0.024,4.94,0.28,0.144,0.07,0.0010,-3.0
4,2011,10,155.3,0.04,0.01,0.02,0.03,-3.000,0.043,5.05,0.31,0.365,0.08,0.0010,-3.0
4,2011,11,97.4,0.04,0.02,0.03,0.13,-3.000,0.026,5.04,0.33,0.386,0.25,0.0010,-3.0
4,2011,12,123.8,0.05,0.02,0.06,0.07,-3.000,0.100,4.70,0.66,1.082,0.12,0.0010,-3.0
4,2012,1,126.0,0.07,0.02,0.03,0.15,-3.000,0.102,4.73,0.59,1.095,0.25,0.0010,-3.0
4,2012,2,31.9,0.21,0.03,0.04,0.11,-3.000,0.253,4.73,1.08,1.876,0.16,0.0010,-3.0
4,2012,3,67.0,0.56,0.10,0.06,0.17,-3.000,0.652,4.86,2.09,2.561,0.22,0.0010,-3.0
4,2012,4,99.2,0.13,0.03,0.06,0.07,-3.000,0.092,4.90,0.63,0.693,0.13,0.0010,-3.0
4,2012,5,240.9,0.07,0.02,0.04,0.06,-3.000,0.091,4.96,0.58,0.607,0.13,0.0010,-3.0
4,2012,6,174.1,0.06,0.01,0.04,0.01,-3.000,0.009,5.15,0.34,0.181,0.05,0.0010,-3.0
4,2012,7,102.1,0.15,0.02,0.04,0.01,-3.000,0.128,5.06,0.60,0.733,0.05,0.0010,-3.0
4,2012,8,212.9,0.05,0.01,0.03,0.02,-3.000,0.035,4.95,0.58,0.557,0.04,0.0010,-3.0
4,2012,9,176.6,0.04,0.02,0.02,0.11,-3.000,0.052,5.02,0.51,0.468,0.20,0.0010,-3.0
4,2012,10,171.5,0.07,0.05,0.18,0.31,-3.000,0.017,5.18,0.36,0.269,0.56,0.0010,-3.0
4,2012,11,23.4,0.08,0.02,0.02,0.14,-3.000,0.145,4.89,0.61,0.746,0.26,0.0010,-3.0
4,2012,12,153.8,0.05,0.01,0.01,0.05,-3.000,0.101,4.84,0.49,0.809,0.09,0.0010,-3.0
4,2013,1,87.8,0.07,0.01,0.01,0.06,-3.000,0.109,4.78,0.53,1.258,0.13,-3.0000,-3.0
4,2013,2,72.7,0.06,0.02,0.01,0.17,-3.000,0.057,4.80,0.37,1.052,0.28,-3.0000,-3.0
4,2013,3,87.9,0.08,0.03,0.01,0.18,-3.000,0.081,4.98,0.46,0.658,0.31,-3.0000,-3.0
4,2013,4,68.6,0.16,0.03,0.05,0.12,-3.000,0.406,4.83,1.16,1.414,0.17,-3.0000,-3.0
4,2013,5,114.7,0.09,0.03,0.14,0.18,-3.000,0.156,5.13,0.56,0.712,0.22,-3.0000,-3.0
4,2013,6,181.9,0.10,0.02,0.13,0.27,-3.000,0.174,4.89,0.68,0.911,0.14,-3.0000,-3.0
4,2013,7,175.9,0.05,0.03,0.11,0.30,-3.000,0.086,4.94,0.42,0.579,0.14,-3.0000,-3.0
4,2013,8,97.0,0.05,0.05,0.05,0.06,-3.000,0.137,4.87,0.54,0.637,0.11,-3.0000,-3.0
4,2013,9,134.4,0.06,0.01,0.04,0.04,-3.000,0.134,5.04,0.51,0.560,0.08,-3.0000,-3.0
4,2013,10,73.1,0.06,0.02,0.07,0.05,-3.000,0.183,4.77,0.56,0.854,0.14,-3.0000,-3.0
4,2013,11,136.3,0.04,0.01,0.04,0.08,-3.000,0.105,4.90,0.37,0.719,0.09,-3.0000,-3.0
4,2013,12,99.1,0.05,0.01,0.03,0.11,-3.000,0.103,4.75,0.51,0.872,0.14,-3.0000,-3.0
4,2014,1,113.0,0.07,0.02,0.05,0.16,-3.000,0.083,4.77,0.43,0.904,0.24,-3.0000,-3.0
4,2014,2,83.1,0.08,0.01,0.04,0.16,-3.000,0.099,4.95,0.41,0.793,0.23,-3.0000,-3.0
4,2014,3,117.4,0.06,0.01,0.04,0.12,-3.000,0.204,4.99,0.55,0.703,0.15,-3.0000,-3.0
4,2014,4,91.7,0.09,0.02,0.04,0.13,-3.000,0.147,4.94,0.51,0.546,0.14,-3.0000,-3.0
4,2014,5,127.4,0.14,0.05,0.12,0.39,-3.000,0.230,4.89,0.71,1.025,0.46,-3.0000,-3.0
