ws,year,mo,flow,Ca,Mg,K,Na,Al,NH4,pH,SO4,NO3,Cl,PO4,SiO2
4,1963,6,10.0,2.30,0.41,0.10,1.30,-3.000,-3.000,-3.00,-3.00,-3.000,-3.00,-3.0000,-3.0
4,1963,7,2.7,2.21,0.40,0.11,1.34,-3.000,-3.000,-3.00,-3.00,-3.000,-3.00,-3.0000,-3.0
4,1963,8,5.9,2.48,0.43,0.11,1.49,-3.000,-3.000,-3.00,-3.00,-3.000,-3.00,-3.0000,-3.0
4,1963,9,1.0,2.44,0.48,0.11,1.98,-3.000,-3.000,-3.00,-3.00,-3.000,-3.00,-3.0000,-3.0
4,1963,10,2.2,2.51,0.56,0.36,2.09,-3.000,-3.000,-3.00,-3.00,-3.000,-3.00,-3.0000,-3.0
4,1963,11,80.9,2.68,0.47,0.48,1.21,-3.000,-3.000,-3.00,-3.00,-3.000,-3.00,-3.0000,-3.0
4,1963,12,61.7,2.06,0.42,0.30,1.09,-3.000,-3.000,-3.00,-3.00,-3.000,-3.00,-3.0000,-3.0
4,1964,1,66.0,2.14,0.40,0.23,1.19,-3.000,-3.000,-3.00,-3.00,-3.000,-3.00,-3.0000,-3.0
4,1964,2,23.8,2.11,0.39,0.25,1.22,-3.000,-3.000,-3.00,-3.00,-3.000,-3.00,-3.0000,-3.0
4,1964,3,100.7,2.87,0.41,0.28,1.02,-3.000,-3.000,-3.00,-3.00,-3.000,-3.00,-3.0000,-3.0
4,1964,4,268.9,2.65,0.40,0.25,1.05,-3.000,-3.000,-3.00,-3.00,-3.000,-3.00,-3.0000,-3.0
4,1964,5,80.4,2.65,0.40,0.25,1.05,-3.000,-3.000,-3.00,-3.00,-3.000,-3.00,-3.0000,-3.0
4,1964,6,6.1,1.88,0.38,0.11,1.28,-3.000,-3.000,-3.00,-3.00,-3.000,-3.00,-3.0000,-3.0
4,1964,7,13.4,1.70,0.47,0.09,1.35,-3.000,-3.000,-3.00,-3.00,-3.000,-3.00,-3.0000,-3.0
4,1964,8,16.6,1.48,0.46,0.09,1.14,-3.000,-3.000,-3.00,-3.00,-3.000,-3.00,-3.0000,-3.0
4,1964,9,1.9,1.68,0.44,0.06,1.68,-3.000,-3.000,-3.00,-3.00,-3.000,-3.00,-3.0000,-3.0
4,1964,10,7.1,1.24,0.49,0.45,1.80,-3.000,-3.000,-3.00,-3.00,-3.000,-3.00,-3.0000,-3.0
4,1964,11,51.5,1.69,0.45,0.28,1.32,-3.000,-3.000,-3.00,-3.00,-3.000,-3.00,-3.0000,-3.0
4,1964,12,76.8,1.41,0.43,0.28,1.11,-3.000,-3.000,-3.00,-3.00,-3.000,-3.00,-3.0000,-3.0
4,1965,1,28.6,1.34,0.44,0.24,1.15,-3.000,-3.000,-3.00,-3.00,-3.000,-3.00,-3.0000,-3.0
4,1965,2,32.8,1.24,0.43,0.28,1.09,-3.000,-3.000,-3.00,-3.00,-3.000,-3.00,-3.0000,-3.0
4,1965,3,42.0,1.31,0.46,0.21,1.23,-3.000,-3.000,-3.00,-3.00,-3.000,-3.00,-3.0000,-3.0
4,1965,4,187.8,1.57,0.39,0.28,0.99,-3.000,-3.000,-3.00,-3.00,-3.000,-3.00,-3.0000,-3.0
4,1965,5,36.3,1.65,0.36,0.26,1.11,-3.000,-3.000,6.25,-3.00,-3.000,-3.00,-3.0000,-3.0
4,1965,6,15.6,1.49,0.40,0.11,1.35,0.101,0.084,5.48,5.94,0.009,0.45,-3.0000,6.3
4,1965,7,4.7,1.76,0.43,0.08,1.49,0.116,0.201,5.58,6.18,0.075,0.41,-3.0000,6.6
4,1965,8,1.7,1.62,0.41,0.07,1.89,0.089,0.127,6.01,5.83,0.073,0.45,-3.0000,8.6
4,1965,9,34.9,2.06,0.45,0.09,1.68,0.058,0.055,6.23,6.79,0.067,0.50,-3.0000,8.4
4,1965,10,69.8,2.13,0.41,0.20,1.23,0.124,0.093,5.95,7.09,0.083,0.50,-3.0000,5.8
4,1965,11,93.4,1.83,0.43,0.22,1.23,0.122,0.266,5.81,7.17,0.288,0.62,-3.0000,5.6
4,1965,12,35.2,1.92,0.44,0.20,1.31,0.125,0.096,5.90,6.77,0.547,0.58,-3.0000,6.0
4,1966,1,36.7,1.92,0.45,0.20,1.31,0.087,0.123,5.70,6.95,0.787,0.66,-3.0000,5.9
4,1966,2,25.1,1.89,0.45,0.23,1.37,0.081,0.346,6.02,6.50,0.725,0.63,-3.0000,6.2
4,1966,3,129.2,1.85,0.43,0.25,1.18,0.090,0.164,5.79,6.18,1.223,0.62,-3.0000,5.2
4,1966,4,197.7,1.83,0.39,0.22,0.96,0.141,0.053,5.51,6.20,1.471,0.51,-3.0000,4.7
4,1966,5,106.9,1.68,0.37,0.24,0.99,0.149,0.034,5.69,6.14,0.962,0.53,-3.0000,4.9
4,1966,6,36.8,1.75,0.40,0.14,1.26,0.081,0.029,6.03,6.28,0.400,0.65,-3.0000,5.7
4,1966,7,9.4,1.80,0.43,0.09,1.36,0.101,0.041,6.13,6.09,0.232,0.70,-3.0000,7.1
4,1966,8,27.3,1.83,0.45,0.14,1.18,0.158,0.157,5.50,6.73,0.282,0.64,-3.0000,7.0
4,1966,9,22.4,1.74,0.44,0.05,1.34,0.071,0.058,6.10,6.64,0.146,0.51,-3.0000,7.5
4,1966,10,44.8,1.71,0.45,0.29,1.34,0.067,0.056,5.99,6.91,0.107,0.63,-3.0000,7.0
4,1966,11,131.3,1.73,0.40,0.20,1.12,0.076,0.066,5.79,6.73,0.242,0.55,-3.0000,6.5
4,1966,12,58.5,1.68,0.41,0.18,1.15,0.083,0.065,5.78,6.82,0.512,0.55,-3.0000,5.7
4,1967,1,29.9,1.92,0.43,0.18,1.30,0.076,0.034,5.91,6.37,0.816,0.54,-3.0000,6.2
4,1967,2,18.2,1.80,0.44,0.22,1.38,0.097,0.034,6.06,6.32,0.861,0.56,-3.0000,6.5
4,1967,3,50.4,1.83,0.42,0.26,1.24,0.137,0.135,5.78,6.55,1.363,0.56,-3.0000,5.6
4,1967,4,284.7,1.91,0.39,0.30,0.89,0.190,0.066,5.39,6.16,1.721,0.56,-3.0000,4.3
4,1967,5,125.5,1.75,0.37,0.28,1.02,0.101,0.005,5.57,6.02,0.608,0.65,-3.0000,4.9
4,1967,6,25.0,1.70,0.39,0.19,1.28,0.114,0.029,5.74,6.93,0.186,0.77,-3.0000,5.7
4,1967,7,12.2,1.82,0.40,0.12,1.40,0.103,0.051,5.86,4.94,0.187,0.52,-3.0000,6.5
4,1967,8,16.6,2.01,0.39,0.09,1.31,0.130,0.023,5.85,5.89,0.333,0.47,-3.0000,6.0
4,1967,9,27.6,1.88,0.44,0.10,1.54,0.096,0.037,6.15,7.15,0.093,0.53,-3.0000,6.2
4,1967,10,92.9,1.91,0.42,0.24,1.26,0.087,0.069,6.12,7.02,0.133,0.56,-3.0000,5.4
4,1967,11,76.2,1.90,0.43,0.20,1.18,0.102,0.061,5.89,7.22,0.604,0.65,-3.0000,5.1
4,1967,12,80.7,1.90,0.43,0.21,1.14,0.107,0.025,5.69,7.36,1.173,0.57,-3.0000,5.2
4,1968,1,23.4,1.68,0.43,0.22,1.36,0.083,0.018,5.85,7.06,1.134,0.56,-3.0000,6.0
4,1968,2,39.2,1.71,0.44,0.23,1.38,0.072,0.005,6.03,6.47,1.276,0.56,-3.0000,6.1
4,1968,3,207.0,1.83,0.43,0.29,1.17,0.134,0.009,5.60,5.94,2.524,0.56,-3.0000,4.9
4,1968,4,195.2,1.73,0.42,0.37,1.02,0.133,0.041,5.47,5.72,2.152,0.55,-3.0000,4.6
4,1968,5,137.5,1.62,0.40,0.33,1.12,0.107,0.010,5.73,5.98,0.886,0.58,-3.0000,4.9
4,1968,6,106.7,1.62,0.38,0.22,1.10,0.104,0.005,5.71,6.30,0.473,0.52,-3.0000,5.1
4,1968,7,19.1,1.61,0.38,0.14,1.21,0.095,0.005,5.91,6.31,0.366,0.50,-3.0000,6.0
4,1968,8,2.7,1.71,0.36,0.07,1.79,0.068,0.030,6.13,5.62,0.058,0.54,-3.0000,8.1
4,1968,9,3.6,1.86,0.46,0.14,1.92,0.030,0.053,6.25,5.88,0.030,0.55,-3.0000,8.8
4,1968,10,7.7,1.84,0.50,0.41,2.10,0.065,0.037,6.25,6.51,0.042,0.69,-3.0000,8.0
4,1968,11,29.8,1.96,0.49,0.34,1.54,0.081,0.042,5.95,6.72,0.726,0.72,-3.0000,6.3
4,1968,12,51.9,2.13,0.46,0.27,1.28,0.093,0.042,5.82,6.52,1.153,0.64,-3.0000,5.9
4,1969,1,26.5,1.95,0.42,0.24,1.35,0.072,0.050,5.91,6.11,1.166,0.50,-3.0000,6.2
4,1969,2,20.8,1.96,0.43,0.26,1.42,0.058,0.031,5.98,6.39,1.180,0.55,-3.0000,6.4
4,1969,3,64.2,1.96,0.44,0.27,1.18,0.095,0.037,5.92,5.98,1.732,0.60,-3.0000,5.2
4,1969,4,466.8,1.90,0.39,0.27,0.88,0.144,0.028,5.34,5.71,1.828,0.56,-3.0000,3.6
4,1969,5,126.8,1.80,0.35,0.27,1.08,0.127,0.019,5.41,5.90,0.910,0.55,-3.0000,4.1
4,1969,6,21.6,1.80,0.36,0.17,1.18,0.081,0.068,5.84,6.02,0.304,0.49,-3.0000,5.4
4,1969,7,55.7,2.21,0.42,0.26,1.19,0.117,0.056,5.77,6.55,0.627,0.48,-3.0000,5.2
4,1969,8,50.3,2.02,0.37,0.17,1.10,0.094,0.055,5.73,6.17,0.210,0.47,-3.0000,5.0
4,1969,9,7.4,1.85,0.39,0.14,1.43,0.069,0.034,6.12,6.62,0.078,0.46,-3.0000,6.8
4,1969,10,16.5,1.88,0.48,0.48,1.52,0.068,0.075,6.00,7.32,0.479,0.57,-3.0000,6.5
4,1969,11,113.3,2.36,0.47,0.29,1.24,0.105,0.231,5.58,5.59,2.471,0.63,-3.0000,5.4
4,1969,12,129.1,2.46,0.46,0.23,1.19,0.109,0.035,5.46,5.37,3.907,0.58,-3.0000,5.9
4,1970,1,27.7,2.42,0.47,0.25,1.23,0.081,0.026,5.45,5.65,3.955,0.65,-3.0000,6.1
4,1970,2,74.2,2.43,0.47,0.27,1.15,0.119,0.023,5.42,6.05,4.799,0.49,-3.0000,5.5
4,1970,3,35.8,2.32,0.46,0.28,1.22,0.078,0.020,5.60,5.93,3.976,0.45,-3.0000,6.1
4,1970,4,262.8,2.47,0.44,0.30,0.97,0.199,0.077,5.15,5.20,5.317,0.39,-3.0000,4.7
4,1970,5,79.2,2.26,0.40,0.32,1.07,0.168,0.037,5.29,5.16,3.353,0.44,-3.0000,5.2
4,1970,6,10.4,1.80,0.37,0.12,1.35,0.021,0.027,5.72,6.32,1.010,0.57,-3.0000,6.8
4,1970,7,11.1,1.87,0.38,0.08,1.33,-3.000,0.058,5.79,7.08,0.435,0.55,-3.0000,7.0
4,1970,8,14.2,1.94,0.39,0.17,1.42,-3.000,0.075,6.05,7.13,0.196,0.58,-3.0000,8.1
4,1970,9,24.4,1.92,0.41,0.13,1.47,-3.000,0.026,5.99,7.92,0.172,0.50,-3.0000,7.4
4,1970,10,67.0,1.95,0.42,0.30,1.13,-3.000,0.032,5.71,7.82,0.438,0.61,-3.0000,6.7
4,1970,11,75.9,2.43,0.46,0.31,1.20,-3.000,0.067,5.56,6.32,2.604,0.65,-3.0000,6.5
4,1970,12,45.7,2.49,0.48,0.27,1.25,-3.000,0.042,5.67,6.12,3.119,0.73,-3.0000,6.3
4,1971,1,24.4,2.34,0.48,0.27,1.35,-3.000,0.028,5.82,6.43,3.264,0.61,-3.0000,6.5
4,1971,2,36.7,2.16,0.47,0.24,1.30,-3.000,0.017,5.79,6.31,3.552,0.66,-3.0000,7.3
4,1971,3,38.3,2.30,0.47,0.26,1.32,-3.000,0.013,5.74,6.48,3.856,0.64,-3.0000,6.9
4,1971,4,317.2,2.44,0.43,0.30,0.91,-3.000,0.025,5.15,6.22,5.441,0.54,-3.0000,4.8
4,1971,5,149.7,2.21,0.37,0.32,0.85,-3.000,0.007,5.10,5.99,3.294,0.56,-3.0000,4.6
4,1971,6,16.9,1.89,0.38,0.18,1.26,-3.000,0.011,5.80,6.06,1.132,0.58,-3.0000,5.6
4,1971,7,19.0,2.01,0.41,0.17,1.42,-3.000,0.007,5.84,6.11,1.077,0.63,-3.0000,6.6
4,1971,8,26.3,2.10,0.43,0.16,1.49,-3.000,0.011,5.92,5.81,1.530,0.62,-3.0000,6.9
4,1971,9,18.5,2.20,0.47,0.15,1.65,-3.000,0.008,5.93,5.80,2.096,0.61,-3.0000,7.4
4,1971,10,44.6,2.79,0.59,0.28,1.62,-3.000,0.010,5.91,5.64,5.354,0.64,-3.0000,7.2
4,1971,11,24.9,2.83,0.65,0.28,1.64,-3.000,0.008,5.86,5.36,6.763,0.69,-3.0000,7.4
4,1971,12,49.3,3.05,0.67,0.26,1.51,-3.000,0.007,5.70,5.53,7.856,0.56,-3.0000,6.8
4,1972,1,35.3,3.05,0.64,0.27,1.46,-3.000,0.005,5.62,5.21,7.581,0.65,-3.0000,6.9
4,1972,2,26.6,2.93,0.62,0.29,1.51,-3.000,0.005,5.72,5.67,6.359,0.64,-3.0000,7.3
4,1972,3,107.1,3.15,0.65,0.34,1.31,-3.000,0.007,5.51,5.72,9.215,0.61,0.0010,6.5
4,1972,4,268.3,2.92,0.53,0.43,0.99,-3.000,0.009,5.02,5.28,8.417,0.50,0.0010,5.3
4,1972,5,162.4,2.63,0.45,0.49,0.85,-3.000,0.013,4.95,5.38,7.583,0.40,0.0030,4.8
4,1972,6,53.4,2.15,0.40,0.22,1.14,-3.000,0.014,5.51,6.13,3.213,0.41,0.0010,5.8
4,1972,7,64.8,2.06,0.38,0.13,1.15,-3.000,0.040,5.65,6.13,2.447,0.51,0.0010,6.5
4,1972,8,62.1,2.21,0.39,0.17,1.13,-3.000,0.026,5.43,6.30,2.930,0.44,0.0050,7.6
4,1972,9,11.3,1.91,0.40,0.15,1.41,-3.000,0.018,5.85,6.51,2.025,0.51,0.0100,7.9
4,1972,10,35.4,2.18,0.47,0.43,1.48,-3.000,0.024,5.86,6.47,3.211,0.69,0.0010,7.3
4,1972,11,94.2,2.68,0.51,0.44,1.28,-3.000,0.009,5.35,6.07,6.175,0.74,0.0010,6.7
4,1972,12,69.1,2.70,0.50,0.36,1.27,-3.000,0.005,5.18,5.86,6.589,0.61,0.0030,6.7
4,1973,1,103.6,2.61,0.47,0.43,1.16,-3.000,0.010,5.02,5.37,6.662,0.83,0.0020,5.9
4,1973,2,95.2,2.72,0.47,0.43,1.11,-3.000,0.014,5.26,5.19,7.492,0.62,0.0030,6.0
4,1973,3,230.8,2.56,0.44,0.54,1.02,-3.000,0.034,4.93,5.46,7.209,0.64,0.0020,5.4
4,1973,4,114.9,2.32,0.40,0.51,1.03,-3.000,0.026,5.09,5.06,6.305,0.69,0.0010,5.5
4,1973,5,143.4,2.28,0.40,0.49,1.12,-3.000,0.025,5.44,5.71,4.902,0.49,0.0010,6.4
4,1973,6,287.2,2.18,0.35,0.53,0.88,-3.000,0.024,5.18,5.67,3.326,0.40,0.0040,5.2
4,1973,7,92.1,2.24,0.36,0.42,0.93,-3.000,0.026,5.23,5.85,2.834,0.37,0.0030,5.8
4,1973,8,21.7,1.92,0.37,0.18,1.37,-3.000,0.022,6.12,6.08,1.797,0.47,0.0020,7.1
4,1973,9,59.1,2.11,0.43,0.19,1.42,-3.000,0.026,5.97,6.15,2.731,0.47,0.0020,7.4
4,1973,10,50.8,2.33,0.51,0.38,1.40,-3.000,0.030,5.81,5.96,4.263,0.52,0.0040,7.3
4,1973,11,103.2,2.71,0.56,0.45,1.33,-3.000,0.031,5.56,5.68,6.717,0.59,0.0030,7.1
4,1973,12,287.8,2.53,0.48,0.55,0.99,-3.000,0.035,5.14,5.47,7.220,0.52,0.0020,5.6
4,1974,1,60.3,2.59,0.50,0.50,1.09,-3.000,0.021,5.36,5.31,6.653,0.48,0.0010,5.8
4,1974,2,42.6,2.59,0.53,0.48,1.20,-3.000,0.029,5.44,5.48,6.228,0.48,0.0020,6.6
4,1974,3,115.9,2.40,0.48,0.53,0.99,-3.000,0.036,5.40,5.45,5.959,0.46,0.0020,5.8
4,1974,4,260.0,2.13,0.39,0.62,0.84,-3.000,0.035,5.28,5.75,4.557,0.39,0.0020,4.9
4,1974,5,150.3,2.05,0.38,0.59,0.88,-3.000,0.040,5.46,5.71,3.667,0.38,0.0010,5.4
4,1974,6,60.7,1.85,0.35,0.37,0.98,-3.000,0.043,5.69,5.63,2.031,0.34,0.0020,5.5
4,1974,7,28.5,1.68,0.33,0.16,1.14,-3.000,0.028,5.90,5.70,0.876,0.31,0.0060,6.5
4,1974,8,23.4,1.62,0.33,0.14,1.20,-3.000,0.041,5.93,6.29,0.629,0.28,0.0020,7.1
4,1974,9,64.2,1.67,0.35,0.17,1.02,-3.000,0.035,5.94,7.14,0.429,0.24,0.0030,7.2
4,1974,10,43.8,1.83,0.41,0.41,1.14,-3.000,0.026,6.02,6.71,1.106,0.37,0.0020,7.2
4,1974,11,87.4,2.01,0.44,0.45,1.21,-3.000,0.010,5.89,6.17,2.333,0.47,0.0020,6.8
4,1974,12,83.5,2.14,0.45,0.52,1.05,-3.000,0.010,5.58,6.13,3.336,0.51,0.0030,6.5
4,1975,1,31.7,2.14,0.45,0.44,1.23,-3.000,0.010,5.87,5.36,3.135,0.48,0.0030,7.1
4,1975,2,31.1,2.09,0.46,0.42,1.30,-3.000,0.018,6.01,5.58,3.047,0.47,0.0030,7.0
4,1975,3,154.1,2.07,0.42,0.51,1.10,-3.000,0.011,5.72,5.82,3.411,0.55,0.0020,6.1
4,1975,4,233.2,1.88,0.36,0.57,0.92,-3.000,0.019,5.52,5.80,2.837,0.49,0.0020,5.5
4,1975,5,44.5,1.83,0.36,0.57,0.97,-3.000,0.020,5.64,5.81,2.100,0.45,0.0020,6.0
4,1975,6,106.2,1.69,0.33,0.27,1.02,-3.000,0.011,5.85,6.29,0.676,0.36,0.0040,6.8
4,1975,7,89.3,1.67,0.31,0.22,0.96,-3.000,0.017,5.78,6.30,0.521,0.29,0.0050,6.5
4,1975,8,17.4,1.66,0.33,0.15,1.32,-3.000,0.010,6.07,5.95,0.098,0.34,0.0040,7.6
4,1975,9,86.4,1.80,0.36,0.28,1.15,-3.000,0.023,5.83,6.20,0.855,0.34,0.0030,7.9
4,1975,10,125.3,1.85,0.37,0.50,1.09,-3.000,0.010,5.75,6.09,1.271,0.41,0.0030,7.2
4,1975,11,115.3,1.81,0.36,0.62,1.16,-3.000,0.020,5.93,5.99,2.222,0.49,0.0070,6.8
4,1975,12,51.6,2.07,0.41,0.52,1.16,-3.000,0.020,5.91,5.85,2.755,0.47,0.0040,6.5
4,1976,1,65.9,1.98,0.41,0.56,1.10,-3.000,0.014,5.69,5.84,3.608,0.49,0.0030,6.1
4,1976,2,94.4,1.86,0.39,0.56,1.06,-3.000,0.016,5.77,5.66,3.333,0.44,0.0020,6.3
4,1976,3,243.5,1.79,0.35,0.67,0.88,-3.000,0.014,5.60,5.82,3.043,0.37,0.0010,5.7
4,1976,4,164.4,1.57,0.31,0.72,0.81,-3.000,0.011,5.61,6.02,1.943,0.32,0.0030,5.3
4,1976,5,159.5,1.56,0.30,0.69,0.85,-3.000,0.019,5.65,5.65,1.240,0.27,0.0050,5.8
4,1976,6,24.5,1.58,0.31,0.26,1.09,-3.000,0.012,6.07,5.84,0.197,0.25,0.0040,6.3
4,1976,7,19.7,1.53,0.31,0.17,1.21,-3.000,0.012,6.12,6.00,0.051,0.22,0.0050,7.2
4,1976,8,57.7,1.49,0.36,0.22,1.10,-3.000,0.007,6.06,5.71,0.014,0.19,0.0040,7.3
4,1976,9,46.9,1.58,0.32,0.36,1.17,-3.000,0.009,5.95,6.08,0.131,0.29,0.0050,7.5
4,1976,10,159.5,1.55,0.31,0.69,1.02,-3.000,0.012,5.97,5.91,0.279,0.39,0.0030,6.9
4,1976,11,76.8,1.63,0.33,0.54,1.04,-3.000,0.011,5.84,5.87,0.599,0.44,0.0010,7.2
4,1976,12,44.8,1.76,0.37,0.50,1.14,-3.000,0.014,5.85,5.80,1.440,0.49,0.0040,5.0
4,1977,1,15.1,1.64,0.39,0.44,1.33,-3.000,0.009,6.00,5.59,1.188,0.55,0.0030,7.7
4,1977,2,13.1,1.67,0.37,0.43,1.45,-3.000,0.005,5.99,5.70,1.005,0.43,0.0050,8.6
4,1977,3,307.2,1.44,0.29,0.76,0.85,-3.000,0.005,5.59,5.72,1.762,0.31,0.0060,6.0
4,1977,4,157.0,1.34,0.26,0.71,0.81,-3.000,0.006,5.72,5.39,0.980,0.26,0.0040,6.0
4,1977,5,26.3,1.39,0.29,0.64,1.08,-3.000,0.006,6.03,5.46,0.395,0.31,0.0050,7.8
4,1977,6,27.2,1.49,0.33,0.29,1.27,-3.000,0.006,6.14,5.74,0.043,0.41,0.0030,7.3
4,1977,7,7.5,1.43,0.38,0.19,1.47,-3.000,0.005,6.25,6.20,0.137,0.31,0.0050,8.3
4,1977,8,8.5,1.66,0.39,0.14,1.58,-3.000,0.005,6.23,6.19,0.031,0.20,0.0050,9.7
4,1977,9,64.8,1.70,0.33,0.36,1.15,-3.000,0.013,5.84,6.11,0.010,0.19,0.0060,7.7
4,1977,10,191.2,1.61,0.30,0.51,0.94,-3.000,0.007,5.73,5.78,0.018,0.27,0.0090,7.1
4,1977,11,73.4,1.63,0.33,0.50,1.11,-3.000,0.015,5.91,6.15,0.148,0.42,0.0040,7.6
4,1977,12,80.5,1.61,0.34,0.43,1.06,-3.000,0.007,5.90,5.92,0.288,0.37,0.0090,7.1
4,1978,1,178.8,1.49,0.30,0.84,0.75,-3.000,0.005,5.48,5.29,0.625,0.41,0.0090,5.0
4,1978,2,29.5,1.55,0.32,0.50,1.02,-3.000,0.005,5.85,5.83,0.435,0.32,0.0050,6.7
4,1978,3,35.2,1.57,0.34,0.48,1.18,-3.000,0.007,5.95,5.67,0.563,0.41,0.0040,7.1
4,1978,4,258.7,1.47,0.29,0.57,0.80,-3.000,0.010,5.78,5.28,0.374,0.31,0.0020,5.7
4,1978,5,87.3,1.45,0.27,0.63,0.90,-3.000,0.010,5.94,5.59,0.057,0.29,0.0040,6.0
4,1978,6,85.6,1.56,0.31,0.32,0.98,-3.000,0.010,6.10,5.46,0.022,0.23,0.0040,6.7
4,1978,7,4.4,1.81,0.39,0.20,1.34,-3.000,0.010,6.13,6.02,0.041,0.29,0.0030,7.3
4,1978,8,2.4,1.89,0.43,0.18,1.74,-3.000,0.010,6.10,6.16,0.023,0.33,0.0040,8.8
4,1978,9,1.1,2.13,0.51,0.24,2.07,-3.000,0.010,6.13,6.23,0.010,0.40,0.0060,9.9
4,1978,10,9.6,1.83,0.46,0.74,1.69,-3.000,0.013,5.97,7.28,0.010,0.73,0.0040,7.8
4,1978,11,11.4,1.70,0.45,0.68,1.61,-3.000,0.016,5.79,7.07,0.021,0.74,0.0050,7.9
4,1978,12,13.6,1.61,0.41,0.37,1.55,-3.000,0.010,6.03,6.57,0.030,0.65,0.0060,9.0
4,1979,1,74.5,1.57,0.36,0.46,1.03,-3.000,0.015,5.80,5.77,0.341,0.47,0.0080,6.4
4,1979,2,24.6,1.57,0.38,0.36,1.28,-3.000,0.010,6.06,6.15,0.167,0.31,0.0040,7.4
4,1979,3,347.7,1.48,0.29,0.58,0.77,-3.000,0.017,5.53,5.17,0.210,0.48,0.0070,4.7
4,1979,4,180.5,1.47,0.28,0.54,0.78,-3.000,0.010,5.39,5.15,0.051,0.37,0.0070,4.9
4,1979,5,115.1,1.46,0.29,0.47,0.92,-3.000,0.016,5.95,5.81,0.039,0.27,0.0050,6.4
4,1979,6,23.0,1.50,0.29,0.31,0.97,-3.000,0.010,6.01,5.77,0.052,0.24,0.0040,5.4
4,1979,7,6.7,1.73,0.35,0.22,1.22,-3.000,0.011,6.02,5.68,0.021,0.25,0.0040,6.6
4,1979,8,8.9,1.75,0.36,0.17,1.27,-3.000,0.017,5.95,5.95,0.010,0.27,0.0030,8.2
4,1979,9,25.2,1.73,0.38,0.19,1.39,-3.000,0.015,6.01,6.08,0.010,0.37,0.0050,8.3
4,1979,10,102.0,1.64,0.31,0.54,1.07,-3.000,0.017,5.75,5.83,0.010,0.43,0.0030,7.4
4,1979,11,111.1,1.65,0.32,0.56,1.09,-3.000,0.010,5.90,6.17,0.021,0.55,0.0040,7.0
4,1979,12,66.4,1.69,0.35,0.57,1.15,-3.000,0.012,5.73,6.45,0.167,0.59,0.0030,7.6
4,1980,1,27.8,1.82,0.37,0.55,1.23,-3.000,0.011,5.69,6.45,0.365,0.60,0.0030,7.8
4,1980,2,4.1,2.10,0.47,0.54,1.49,-3.000,0.024,5.87,6.56,0.463,0.52,0.0040,9.2
4,1980,3,79.2,1.49,0.35,0.86,0.77,-3.000,0.036,5.56,4.61,1.075,0.53,0.0100,4.7
4,1980,4,205.3,1.52,0.34,1.04,0.74,-3.000,0.026,5.49,4.76,0.806,0.59,0.0120,5.0
4,1980,5,65.6,1.60,0.35,0.92,0.94,-3.000,0.019,5.59,5.68,0.187,0.71,0.0060,6.4
4,1980,6,14.3,1.64,0.38,0.48,1.14,-3.000,0.014,5.77,6.01,0.010,0.47,0.0030,6.5
4,1980,7,3.4,1.87,0.49,0.25,1.45,-3.000,0.013,5.82,5.94,0.010,0.38,0.0040,8.4
4,1980,8,3.0,1.96,0.49,0.19,1.60,-3.000,0.018,6.02,6.05,0.010,0.39,0.0030,10.3
4,1980,9,10.0,1.91,0.44,0.21,1.50,-3.000,0.016,5.84,6.96,0.010,0.37,0.0020,8.1
4,1980,10,40.5,1.79,0.42,0.53,1.32,-3.000,0.022,5.57,7.00,0.010,0.62,0.0020,8.0
4,1980,11,69.6,1.65,0.40,0.42,1.26,-3.000,0.021,5.59,6.50,0.017,0.62,0.0020,7.9
4,1980,12,51.9,1.79,0.38,0.45,1.10,-3.000,0.017,5.49,6.43,0.031,0.57,0.0020,7.2
4,1981,1,9.8,1.72,0.42,0.49,1.40,-3.000,0.040,5.67,6.52,0.275,0.61,0.0070,7.7
4,1981,2,273.3,1.60,0.36,0.79,0.92,-3.000,0.036,5.40,5.63,0.476,0.87,0.0100,5.4
4,1981,3,62.9,1.53,0.35,0.63,0.95,-3.000,0.016,5.51,5.77,0.132,0.67,0.0010,6.5
4,1981,4,123.9,1.59,0.34,0.66,0.95,-3.000,0.013,5.48,5.86,0.063,0.61,0.0010,6.4
4,1981,5,106.8,1.61,0.34,0.78,1.01,-3.000,0.015,5.23,5.94,0.010,0.50,0.0010,6.6
4,1981,6,62.9,1.74,0.37,0.37,1.12,-3.000,0.015,5.63,5.89,0.010,0.38,0.0010,7.1
4,1981,7,88.0,1.76,0.36,0.25,1.10,-3.000,0.018,5.60,5.83,0.010,0.38,0.0050,7.8
4,1981,8,83.3,1.72,0.33,0.27,0.94,-3.000,0.018,5.58,5.77,0.010,0.28,0.0080,7.6
4,1981,9,47.3,1.73,0.38,0.33,1.21,-3.000,0.015,5.97,5.98,0.019,0.42,0.0050,8.1
4,1981,10,160.8,1.64,0.35,0.66,0.96,-3.000,0.022,5.69,6.18,0.010,0.57,0.0050,7.0
4,1981,11,63.3,1.63,0.35,0.48,1.06,-3.000,0.015,5.87,6.26,0.032,0.51,0.0060,8.1
4,1981,12,34.5,1.60,0.36,0.39,1.13,-3.000,0.012,5.97,6.17,0.131,0.47,0.0050,8.9
4,1982,1,37.8,1.58,0.36,0.39,1.11,-3.000,0.015,5.89,6.00,0.232,0.42,0.0060,9.5
4,1982,2,33.9,1.58,0.37,0.40,1.18,-3.000,0.010,5.99,6.25,0.184,0.41,0.0070,9.6
4,1982,3,74.5,1.57,0.36,0.45,1.11,-3.000,0.016,5.82,5.86,0.223,0.40,0.0050,9.6
4,1982,4,397.8,1.39,0.29,0.68,0.68,-3.000,0.019,5.55,5.12,0.305,0.31,0.0110,5.8
4,1982,5,42.4,1.46,0.31,0.62,0.88,-3.000,0.019,5.87,5.39,0.106,0.33,0.0040,6.8
4,1982,6,40.5,1.60,0.35,0.37,1.16,-3.000,0.011,6.23,5.45,0.010,0.27,0.0050,7.7
4,1982,7,7.9,1.72,0.39,0.27,1.28,-3.000,0.016,6.24,5.71,0.024,0.32,0.0060,8.2
4,1982,8,3.7,1.89,0.44,0.25,1.52,-3.000,0.018,6.17,5.77,0.011,0.34,0.0060,8.7
4,1982,9,7.0,1.83,0.44,0.40,1.51,-3.000,0.018,6.20,6.29,0.010,0.37,0.0040,8.3
4,1982,10,11.7,1.75,0.44,0.49,1.54,-3.000,0.012,6.24,6.50,0.010,0.40,0.0040,8.4
4,1982,11,65.3,1.71,0.40,0.53,1.23,-3.000,0.019,6.04,6.36,0.010,0.51,0.0040,7.7
4,1982,12,70.7,1.70,0.39,0.42,1.10,-3.000,0.010,6.01,6.30,0.069,0.49,0.0030,7.7
4,1983,1,84.6,1.57,0.34,0.52,0.89,-3.000,0.014,5.77,5.69,0.458,0.46,0.0070,6.2
4,1983,2,69.9,1.53,0.33,0.49,0.86,-3.000,0.015,5.76,5.46,0.300,0.41,0.0050,5.9
4,1983,3,136.7,1.55,0.33,0.47,0.91,-3.000,0.014,5.96,5.54,0.136,0.44,0.0040,5.9
4,1983,4,163.2,1.51,0.31,0.48,0.82,-3.000,0.016,5.88,5.00,0.112,0.45,0.0060,5.5
4,1983,5,164.2,1.55,0.30,0.57,0.83,-3.000,0.018,5.90,5.42,0.038,0.42,0.0060,5.7
4,1983,6,40.3,1.62,0.32,0.54,0.91,-3.000,0.019,6.01,5.49,0.014,0.38,0.0050,6.0
4,1983,7,2.0,1.91,0.42,0.30,1.47,-3.000,0.011,6.21,5.80,0.013,0.43,0.0050,8.6
4,1983,8,4.0,1.87,0.40,0.30,1.31,-3.000,0.022,6.17,5.74,0.054,0.37,0.0060,7.4
4,1983,9,0.8,1.89,0.44,0.30,1.76,-3.000,0.017,6.12,5.85,0.011,0.49,0.0080,8.9
4,1983,10,7.1,1.89,0.47,0.76,1.63,-3.000,0.012,6.03,6.51,0.085,0.78,0.0050,7.4
4,1983,11,82.9,1.76,0.41,0.55,1.17,-3.000,0.017,5.87,6.06,0.010,0.69,0.0040,6.8
4,1983,12,160.0,1.59,0.32,0.49,0.81,-3.000,0.016,5.69,5.27,0.011,0.52,0.0050,5.5
4,1984,1,19.6,1.61,0.35,0.40,1.09,-3.000,0.015,5.96,5.62,0.031,0.50,0.0060,7.0
4,1984,2,118.2,1.59,0.33,0.39,0.92,-3.000,0.014,5.89,5.38,0.057,0.51,0.0060,5.9
4,1984,3,80.1,1.56,0.32,0.39,0.93,-3.000,0.011,5.90,5.28,0.072,0.43,0.0060,6.1
4,1984,4,284.2,1.43,0.28,0.47,0.71,-3.000,0.018,5.74,4.92,0.036,0.35,0.0080,5.1
4,1984,5,236.5,1.48,0.29,0.51,0.77,-3.000,0.010,5.53,5.18,0.010,0.30,0.0060,5.6
4,1984,6,98.1,1.58,0.30,0.38,0.84,-3.000,0.012,5.94,5.25,0.020,0.28,0.0050,6.2
4,1984,7,64.9,1.61,0.30,0.22,0.84,-3.000,0.012,5.99,5.11,0.010,0.25,0.0070,6.5
4,1984,8,2.6,1.92,0.39,0.20,1.34,-3.000,0.011,6.16,6.02,0.014,0.37,0.0060,8.1
4,1984,9,1.3,2.05,0.49,0.17,1.83,-3.000,0.014,6.25,6.14,0.019,0.44,0.0060,9.6
4,1984,10,5.6,1.88,0.52,0.85,1.76,-3.000,0.017,6.21,7.05,0.027,0.61,0.0100,8.8
4,1984,11,35.1,1.73,0.43,0.66,1.30,-3.000,0.018,5.93,6.45,0.020,0.77,0.0050,7.6
4,1984,12,57.7,1.62,0.37,0.43,1.01,-3.000,0.016,5.75,5.12,0.110,0.59,0.0040,6.5
4,1985,1,22.5,1.70,0.38,0.44,1.05,-3.000,0.017,5.79,5.64,0.158,0.56,0.0040,6.9
4,1985,2,62.7,1.58,0.36,0.43,0.99,-3.000,0.012,5.68,5.67,0.632,0.54,0.0040,6.5
4,1985,3,120.3,1.52,0.33,0.42,0.90,-3.000,0.020,5.72,5.46,0.210,0.52,0.0040,6.1
4,1985,4,127.7,1.53,0.31,0.46,0.83,-3.000,0.015,5.63,5.29,0.160,0.47,0.0070,5.6
4,1985,5,64.8,1.60,0.33,0.51,0.95,-3.000,0.021,5.72,5.58,0.021,0.47,0.0040,6.2
4,1985,6,26.3,1.79,0.37,0.27,1.16,-3.000,0.016,5.94,5.72,0.020,0.41,0.0060,7.0
4,1985,7,5.2,1.91,0.40,0.21,1.32,-3.000,0.016,6.06,5.72,0.020,0.42,0.0070,7.9
4,1985,8,1.6,2.02,0.47,0.27,1.70,-3.000,0.017,6.07,5.93,0.020,0.42,0.0070,8.8
4,1985,9,18.1,1.83,0.36,0.39,1.08,-3.000,0.028,5.58,5.63,0.018,0.47,0.0110,6.4
4,1985,10,54.4,1.69,0.35,0.37,1.07,-3.000,0.020,5.69,5.81,0.021,0.46,0.0070,7.0
4,1985,11,97.2,1.64,0.35,0.34,0.99,-3.000,0.015,5.54,5.73,0.026,0.50,0.0050,6.8
4,1985,12,44.1,1.64,0.34,0.32,0.98,-3.000,0.014,5.56,5.68,0.094,0.47,0.0060,6.7
4,1986,1,211.4,1.45,0.31,0.69,0.61,-3.000,0.025,5.31,4.49,0.749,0.35,0.0110,4.3
4,1986,2,27.6,1.56,0.33,0.40,0.91,-3.000,0.026,5.62,5.45,0.165,0.39,0.0080,6.4
4,1986,3,186.8,1.47,0.31,0.40,0.76,-3.000,0.016,5.45,5.03,0.202,0.35,0.0070,5.3
4,1986,4,155.3,1.43,0.29,0.43,0.71,-3.000,0.016,5.42,4.93,0.096,0.34,0.0050,5.2
4,1986,5,85.2,1.48,0.32,0.45,0.95,-3.000,0.022,5.76,5.27,0.028,0.36,0.0050,6.4
4,1986,6,21.0,1.64,0.34,0.29,1.05,-3.000,0.019,5.82,5.46,0.034,0.34,0.0050,6.7
4,1986,7,18.3,1.72,0.38,0.19,1.18,-3.000,0.025,5.91,5.59,0.050,0.32,0.0070,7.2
4,1986,8,66.8,1.75,0.36,0.17,1.00,-3.000,0.031,5.76,5.45,0.066,0.28,0.0080,7.0
4,1986,9,32.4,1.74,0.38,0.25,1.14,-3.000,0.014,5.80,5.76,0.020,0.33,0.0060,7.3
4,1986,10,47.7,1.68,0.39,0.38,1.16,-3.000,0.021,5.72,5.91,0.026,0.39,0.0060,7.3
4,1986,11,84.5,1.71,0.38,0.36,1.07,-3.000,0.024,5.61,5.61,0.666,0.44,0.0070,7.1
4,1986,12,67.9,1.64,0.37,0.33,0.99,-3.000,0.023,5.58,5.62,0.519,0.41,0.0060,6.7
4,1987,1,22.7,1.67,0.39,0.32,1.13,-3.000,0.016,5.75,5.72,0.381,0.41,0.0050,7.3
4,1987,2,13.0,1.67,0.41,0.33,1.26,-3.000,0.020,5.79,5.87,0.431,0.43,0.0060,7.7
4,1987,3,251.3,1.79,0.38,0.51,0.86,-3.000,0.031,5.51,4.65,2.472,0.42,0.0060,5.8
4,1987,4,114.5,1.68,0.35,0.56,0.77,-3.000,0.033,5.46,4.64,1.791,0.43,0.0080,5.4
4,1987,5,49.6,1.57,0.36,0.51,1.01,-3.000,0.020,5.74,5.32,0.259,0.43,0.0090,6.5
4,1987,6,91.8,1.67,0.35,0.30,1.00,-3.000,0.022,5.75,5.29,0.109,0.34,0.0100,6.9
4,1987,7,20.9,1.74,0.36,0.25,1.05,-3.000,0.022,5.77,5.32,0.122,0.34,0.0090,7.1
4,1987,8,7.8,1.90,0.44,0.24,1.43,-3.000,0.011,5.89,5.85,0.114,0.41,0.0090,8.5
4,1987,9,35.4,1.70,0.39,0.39,1.31,-3.000,0.025,5.81,5.52,0.010,0.44,0.0080,7.3
4,1987,10,55.8,1.63,0.39,0.54,1.17,-3.000,0.029,5.79,5.62,0.036,0.54,0.0080,7.2
4,1987,11,81.2,1.77,0.41,0.59,1.01,-3.000,0.012,5.43,5.52,1.011,0.64,0.0140,6.7
4,1987,12,60.8,1.72,0.39,0.49,1.00,-3.000,0.012,5.55,5.61,0.684,0.61,0.0100,6.8
4,1988,1,24.0,1.72,0.41,0.37,1.19,-3.000,0.026,5.79,5.90,0.483,0.57,0.0090,7.5
4,1988,2,29.9,1.77,0.44,0.36,1.19,-3.000,0.024,5.78,5.74,0.521,0.52,0.0110,7.2
4,1988,3,81.7,1.92,0.45,0.53,0.99,-3.000,0.023,5.53,4.98,2.409,0.58,0.0160,6.1
4,1988,4,181.2,1.77,0.39,0.51,0.89,-3.000,0.020,5.81,5.15,1.449,0.52,0.0140,5.7
4,1988,5,73.9,1.66,0.36,0.53,1.02,-3.000,0.024,6.02,5.52,0.348,0.49,0.0110,6.3
4,1988,6,9.2,1.89,0.43,0.40,1.25,-3.000,0.018,6.10,5.68,0.289,0.46,0.0150,6.9
4,1988,7,7.8,1.99,0.47,0.27,1.58,-3.000,0.019,6.05,5.70,0.080,0.43,0.0160,8.0
4,1988,8,6.9,1.90,0.45,0.20,1.71,-3.000,0.014,5.79,4.89,0.044,0.40,0.0090,8.4
4,1988,9,8.2,1.87,0.43,0.24,1.43,-3.000,0.016,5.75,5.80,0.064,0.37,0.0100,7.4
4,1988,10,7.7,1.86,0.54,0.92,1.81,-3.000,0.019,5.99,7.34,0.010,0.70,0.0030,7.9
4,1988,11,71.2,1.82,0.45,0.48,1.24,-3.000,0.025,5.64,6.28,0.160,0.78,0.0030,6.4
4,1988,12,19.4,1.94,0.48,0.41,1.36,-3.000,0.018,5.67,6.45,0.487,0.66,0.0050,7.2
4,1989,1,12.2,1.89,0.48,0.40,1.43,-3.000,0.014,5.75,6.23,0.559,0.58,0.0030,7.4
4,1989,2,18.2,1.93,0.49,0.39,1.46,-3.000,0.030,5.76,6.33,0.560,0.59,0.0020,7.5
4,1989,3,83.2,1.80,0.43,0.41,1.16,-3.000,0.020,5.61,5.57,1.004,0.60,0.0030,6.2
4,1989,4,226.8,1.75,0.37,0.48,0.88,-3.000,0.025,5.45,5.41,1.012,0.55,0.0030,5.3
4,1989,5,173.3,1.66,0.34,0.59,0.81,-3.000,0.019,5.45,5.37,0.551,0.50,0.0040,5.3
4,1989,6,81.4,1.74,0.37,0.37,0.97,-3.000,0.023,5.63,5.59,0.168,0.46,0.0040,6.2
4,1989,7,7.9,1.82,0.39,0.24,1.19,-3.000,0.016,5.72,5.86,0.179,0.46,0.0030,7.3
4,1989,8,15.7,1.94,0.42,0.23,1.28,-3.000,0.024,5.78,6.03,0.010,0.37,0.0040,7.7
4,1989,9,15.3,1.90,0.45,0.30,1.48,-3.000,0.020,5.81,6.23,0.036,0.47,0.0060,7.9
4,1989,10,128.5,1.84,0.42,0.67,1.09,-3.000,0.032,5.56,6.15,0.155,0.59,0.0070,6.7
4,1989,11,134.4,1.79,0.30,0.46,0.99,-3.000,0.013,5.46,5.85,0.480,0.58,0.0060,6.4
4,1989,12,21.1,1.78,0.40,0.40,1.13,-3.000,0.027,5.53,5.82,0.843,0.54,0.0110,6.9
4,1990,1,64.0,1.88,0.42,0.40,1.14,-3.000,0.017,5.48,5.40,1.815,0.53,0.0070,6.8
4,1990,2,65.6,1.95,0.42,0.46,1.08,-3.000,0.023,5.43,5.36,2.311,0.52,0.0070,6.4
4,1990,3,221.0,2.09,0.43,0.58,0.93,-3.000,0.009,5.32,4.70,4.235,0.44,0.0070,5.7
4,1990,4,148.3,2.02,0.40,0.60,0.89,-3.000,0.009,5.77,4.74,2.853,0.44,0.0090,5.5
4,1990,5,133.4,1.96,0.39,0.71,0.86,-3.000,0.033,5.77,4.83,2.952,0.44,0.0070,5.5
4,1990,6,91.5,1.90,0.37,0.38,0.95,-3.000,0.026,5.91,5.27,0.979,0.40,0.0130,6.1
4,1990,7,24.6,1.88,0.37,0.29,0.99,-3.000,0.032,5.92,5.40,0.769,0.39,0.0160,6.4
4,1990,8,182.9,1.93,0.37,0.37,0.91,-3.000,0.032,5.80,5.12,1.256,0.37,0.0090,5.9
4,1990,9,12.6,1.91,0.40,0.27,1.28,-3.000,0.024,6.06,5.91,0.573,0.46,0.0050,7.3
4,1990,10,143.5,1.86,0.40,0.51,1.00,-3.000,0.021,5.92,5.86,0.473,0.54,0.0050,6.7
4,1990,11,96.8,1.94,0.40,0.41,0.93,-3.000,0.017,5.68,5.37,1.853,0.53,0.0100,6.3
4,1990,12,149.3,2.04,0.41,0.48,0.83,-3.000,0.014,5.52,4.67,3.698,0.45,0.0080,5.5
4,1991,1,33.3,2.01,0.43,0.43,1.04,-3.000,0.010,5.80,5.17,3.482,0.49,0.0060,6.3
4,1991,2,25.2,1.97,0.44,0.41,1.07,-3.000,0.020,5.89,5.19,2.899,0.47,0.0060,6.4
4,1991,3,125.4,2.15,0.45,0.45,0.91,-3.000,0.026,5.74,4.54,4.344,0.43,0.0050,5.6
4,1991,4,154.2,2.01,0.41,0.49,0.81,-3.000,0.019,5.64,4.57,3.381,0.46,0.0050,5.3
4,1991,5,56.1,2.13,0.41,0.51,0.95,-3.000,0.023,5.83,5.13,1.887,0.48,0.0040,6.0
4,1991,6,7.2,1.88,0.43,0.28,1.20,-3.000,0.022,5.87,5.50,0.832,0.48,0.0030,6.7
4,1991,7,3.7,2.21,0.49,0.41,1.24,-3.000,0.015,6.05,5.40,1.601,0.42,0.0100,6.4
4,1991,8,66.2,1.82,0.35,0.22,0.86,-3.000,0.031,5.81,5.03,0.019,0.28,0.0070,5.7
4,1991,9,16.6,1.78,0.41,0.18,1.31,-3.000,0.025,5.94,5.75,0.014,0.35,0.0040,7.2
4,1991,10,130.0,1.77,0.38,0.31,0.96,-3.000,0.022,5.72,5.58,0.129,0.33,0.0040,6.6
4,1991,11,65.4,1.74,0.36,0.38,1.01,-3.000,0.018,5.62,5.65,0.594,0.47,0.0030,6.6
4,1991,12,75.6,1.86,0.39,0.32,0.98,-3.000,0.025,5.47,5.44,1.441,0.44,0.0020,6.2
4,1992,1,73.5,1.86,0.39,0.33,0.97,-3.000,0.030,5.63,5.41,1.529,0.41,0.0030,6.1
4,1992,2,20.8,1.88,0.43,0.36,1.11,-3.000,0.013,5.89,5.45,1.295,0.42,0.0030,6.7
4,1992,3,122.2,1.85,0.41,0.40,0.98,-3.000,0.027,5.71,5.08,1.719,0.47,0.0040,5.9
4,1992,4,215.5,1.65,0.34,0.44,0.77,-3.000,0.020,5.66,4.62,1.224,0.44,0.0070,4.7
4,1992,5,64.9,1.68,0.34,0.46,0.83,-3.000,0.021,5.71,5.01,0.872,0.47,0.0050,5.3
4,1992,6,20.4,1.68,0.35,0.32,1.03,-3.000,0.039,5.84,5.23,0.283,0.46,0.0020,6.0
4,1992,7,19.7,1.73,0.36,0.15,1.14,-3.000,0.053,6.05,5.31,0.066,0.36,0.0080,6.3
4,1992,8,31.1,1.77,0.38,0.12,1.29,-3.000,0.045,6.04,5.56,0.022,0.32,0.0060,7.1
4,1992,9,46.1,1.74,0.36,0.13,1.12,-3.000,0.035,6.01,5.46,0.010,0.32,0.0050,6.9
4,1992,10,48.0,1.67,0.39,0.40,1.15,-3.000,0.024,5.97,5.73,0.023,0.43,0.0040,7.2
4,1992,11,150.6,1.64,0.35,0.28,0.96,-3.000,0.047,5.68,5.41,0.379,0.48,0.0020,6.2
4,1992,12,46.8,1.68,0.36,0.28,1.03,-3.000,0.040,5.72,5.69,0.552,0.46,0.0020,6.7
4,1993,1,42.2,1.76,0.37,0.28,1.12,-3.000,0.032,5.81,5.60,0.648,0.45,0.0010,6.7
4,1993,2,17.0,1.65,0.37,0.30,1.19,-3.000,0.031,5.87,5.58,0.524,0.46,0.0010,6.9
4,1993,3,129.2,1.65,0.34,0.32,0.95,-3.000,0.036,5.68,4.78,1.353,0.44,0.0040,5.4
4,1993,4,295.3,1.50,0.28,0.38,0.72,-3.000,0.026,5.52,4.53,0.812,0.39,0.0040,4.6
4,1993,5,36.9,1.53,0.31,0.37,0.97,-3.000,0.012,5.71,5.04,0.046,0.45,0.0030,5.9
4,1993,6,25.6,1.58,0.33,0.25,1.04,-3.000,0.006,5.79,5.14,0.092,0.41,0.0040,6.0
4,1993,7,5.3,1.76,0.39,0.12,1.50,-3.000,0.014,5.94,5.63,0.017,0.46,0.0040,8.0
4,1993,8,9.0,1.81,0.41,0.12,1.51,-3.000,0.012,6.02,5.74,0.028,0.40,0.0030,7.7
4,1993,9,15.3,1.68,0.38,0.15,1.35,-3.000,0.017,5.88,5.97,0.010,0.36,0.0010,7.0
4,1993,10,41.7,1.63,0.39,0.43,1.21,-3.000,0.010,5.71,6.12,0.010,0.43,0.0030,6.9
4,1993,11,134.5,1.67,0.35,0.38,0.97,-3.000,0.014,5.55,5.42,0.412,0.71,0.0030,6.1
4,1993,12,88.7,1.71,0.33,0.33,0.95,-3.000,0.021,5.58,5.37,0.471,0.85,0.0020,6.0
4,1994,1,26.2,1.68,0.36,0.31,1.15,-3.000,0.029,5.87,5.59,0.412,0.64,0.0020,6.8
4,1994,2,26.7,1.59,0.34,0.29,1.12,-3.000,0.025,5.85,5.33,0.345,0.58,0.0020,6.6
4,1994,3,54.9,1.64,0.34,0.28,1.11,-3.000,0.009,5.80,5.27,0.306,0.58,0.0020,6.4
4,1994,4,370.3,1.55,0.28,0.33,0.77,-3.000,0.006,5.43,4.76,0.838,0.44,0.0010,4.7
4,1994,5,90.0,1.50,0.27,0.37,0.86,-3.000,0.018,5.55,5.01,0.110,0.41,0.0010,5.3
4,1994,6,18.4,1.67,0.33,0.25,1.13,-3.000,0.019,6.21,5.34,0.019,0.42,0.0020,6.2
4,1994,7,8.9,1.74,0.36,0.16,1.38,-3.000,0.008,6.29,5.36,0.010,0.43,0.0020,7.4
4,1994,8,9.1,1.72,0.37,0.15,1.44,-3.000,0.005,6.26,5.37,0.010,0.38,0.0020,7.5
4,1994,9,16.4,1.72,0.41,0.26,1.57,-3.000,0.011,6.31,5.69,0.010,0.44,0.0030,7.5
4,1994,10,12.6,1.65,0.42,0.50,1.55,-3.000,0.005,6.26,5.94,0.010,0.47,0.0030,7.6
4,1994,11,32.1,1.64,0.40,0.36,1.45,-3.000,0.006,6.09,5.75,0.203,0.54,0.0020,7.6
4,1994,12,83.5,1.82,0.39,0.31,1.20,-3.000,0.019,5.92,5.24,1.660,0.55,0.0020,7.0
4,1995,1,114.0,2.01,0.38,0.36,1.00,-3.000,0.019,5.64,4.74,2.890,0.59,0.0030,6.1
4,1995,2,19.0,1.92,0.39,0.37,1.18,-3.000,0.019,5.88,5.33,1.738,0.54,0.0020,7.0
4,1995,3,135.1,1.88,0.36,0.35,1.01,-3.000,0.005,5.64,4.80,2.403,0.52,0.0020,6.2
4,1995,4,67.7,1.75,0.33,0.35,1.01,-3.000,0.005,5.74,5.00,1.527,0.51,0.0020,6.3
4,1995,5,70.4,1.63,0.32,0.39,1.08,-3.000,0.013,5.91,5.18,0.538,0.49,0.0020,6.4
4,1995,6,17.0,1.74,0.34,0.30,1.20,-3.000,0.012,6.02,5.27,0.424,0.50,0.0030,6.8
4,1995,7,13.0,1.86,0.38,0.21,1.28,-3.000,0.009,6.05,5.16,0.352,0.47,0.0040,7.2
4,1995,8,54.7,1.79,0.34,0.16,1.06,-3.000,0.006,5.86,5.22,0.353,0.39,0.0030,6.8
4,1995,9,4.4,1.87,0.43,0.21,1.58,-3.000,0.015,6.12,5.98,0.012,0.53,0.0020,8.3
4,1995,10,147.5,1.70,0.34,0.49,1.03,-3.000,0.017,5.63,5.46,0.559,0.72,0.0030,6.5
4,1995,11,178.0,1.69,0.31,0.38,0.87,-3.000,0.005,5.46,4.98,1.056,0.77,0.0020,6.0
4,1995,12,26.2,1.66,0.34,0.31,1.12,-3.000,0.008,5.71,5.29,0.902,0.66,0.0010,6.6
4,1996,1,233.6,1.74,0.34,0.36,0.98,-3.000,0.005,5.55,4.60,2.301,0.70,0.0010,5.6
4,1996,2,102.0,1.69,0.33,0.37,0.99,-3.000,0.005,5.62,4.70,1.710,0.76,0.0010,5.6
4,1996,3,84.4,1.62,0.32,0.36,0.99,-3.000,0.005,5.82,4.65,1.693,0.72,0.0020,5.9
4,1996,4,310.4,1.48,0.27,0.36,0.80,-3.000,0.005,5.62,4.22,1.658,0.56,0.0030,4.9
4,1996,5,168.7,1.37,0.25,0.41,0.77,-3.000,0.007,5.78,4.34,0.845,0.51,0.0030,4.9
4,1996,6,67.7,1.47,0.28,0.25,0.98,-3.000,0.010,6.08,4.64,0.344,0.44,0.0020,5.8
4,1996,7,128.3,1.48,0.26,0.16,0.84,-3.000,0.005,5.97,4.39,0.461,0.31,0.0030,5.8
4,1996,8,8.2,1.68,0.33,0.17,1.14,-3.000,0.005,6.17,5.14,0.521,0.46,0.0020,7.0
4,1996,9,2.4,1.75,0.38,0.19,1.51,-3.000,0.005,6.31,5.61,0.305,0.61,0.0030,7.8
4,1996,10,38.5,1.64,0.38,0.90,1.16,-3.000,0.014,6.03,4.78,1.544,0.85,0.0030,6.1
4,1996,11,122.3,1.62,0.33,0.42,1.02,-3.000,0.005,5.89,4.67,1.092,0.86,0.0010,6.0
4,1996,12,188.4,1.61,0.29,0.41,0.82,-3.000,0.006,5.47,4.02,2.199,0.65,0.0020,4.9
4,1997,1,38.0,1.65,0.32,0.33,0.98,-3.000,0.006,5.86,4.41,1.870,0.58,0.0010,5.7
4,1997,2,41.4,1.63,0.33,0.31,1.07,-3.000,0.019,5.98,4.39,1.935,0.55,0.0010,6.2
4,1997,3,74.5,1.69,0.33,0.33,1.00,-3.000,0.008,5.85,4.22,2.477,0.52,0.0010,5.7
4,1997,4,320.3,1.65,0.30,0.36,0.75,-3.000,0.005,5.48,3.58,3.376,0.38,0.0010,4.4
4,1997,5,133.1,1.50,0.27,0.38,0.76,-3.000,0.005,5.68,3.97,2.032,0.36,0.0010,4.8
4,1997,6,19.4,1.57,0.32,0.27,1.13,-3.000,0.005,6.20,4.76,0.703,0.45,0.0010,6.3
4,1997,7,33.4,1.58,0.32,0.14,1.20,-3.000,0.012,6.19,4.78,0.312,0.41,0.0010,7.0
4,1997,8,4.6,1.66,0.38,0.13,1.52,-3.000,0.012,6.32,5.02,0.207,0.48,0.0020,8.3
4,1997,9,3.4,1.58,0.38,0.17,1.53,-3.000,0.019,6.41,5.16,0.163,0.45,0.0020,7.9
4,1997,10,7.5,1.60,0.42,0.24,1.52,-3.000,0.031,6.38,5.48,0.229,0.51,0.0020,7.3
4,1997,11,56.4,1.54,0.36,0.27,1.10,-3.000,0.017,5.98,4.92,0.848,0.57,0.0020,6.5
4,1997,12,19.3,1.61,0.37,0.24,1.23,-3.000,0.012,6.10,5.15,0.940,0.54,0.0020,7.3
4,1998,1,99.8,1.68,0.35,0.39,0.84,-3.000,0.005,5.71,4.02,2.328,0.43,0.0030,5.3
4,1998,2,50.9,1.62,0.33,0.25,1.05,-3.000,0.005,5.92,4.66,1.415,0.46,0.0020,6.6
4,1998,3,238.1,1.62,0.30,0.30,0.81,-3.000,0.016,5.69,3.91,2.510,0.35,0.0010,5.4
4,1998,4,110.5,1.56,0.28,0.30,0.76,-3.000,0.015,5.68,3.96,2.040,0.34,0.0020,5.3
4,1998,5,58.1,1.49,0.28,0.31,0.90,-3.000,0.011,6.00,4.49,0.649,0.38,0.0020,6.1
4,1998,6,200.4,1.53,0.26,0.20,0.76,-3.000,0.005,5.79,4.20,0.767,0.28,0.0020,5.5
4,1998,7,35.4,1.59,0.27,0.14,0.82,-3.000,0.005,5.95,4.34,0.727,0.27,0.0010,6.3
4,1998,8,6.8,1.62,0.33,0.21,1.30,-3.000,0.005,6.24,4.75,0.371,0.41,0.0010,7.7
4,1998,9,7.6,1.60,0.36,0.25,1.52,-3.000,0.005,6.30,5.01,0.162,0.45,0.0040,8.2
4,1998,10,41.6,2.06,0.47,0.47,1.40,-3.000,0.005,6.11,4.34,4.039,0.48,0.0030,7.7
4,1998,11,83.9,2.60,0.49,0.35,1.22,-3.000,0.005,5.81,3.93,7.028,0.53,0.0020,7.3
4,1998,12,53.4,2.71,0.49,0.37,1.21,-3.000,0.005,5.72,3.89,7.913,0.50,0.0020,7.3
4,1999,1,98.1,2.64,0.48,0.36,1.04,-3.000,0.005,5.58,3.68,7.622,0.44,0.0020,6.4
4,1999,2,45.5,2.66,0.47,0.37,1.08,-3.000,0.005,5.62,3.70,7.606,0.45,0.0020,6.6
4,1999,3,185.0,2.54,0.42,0.45,0.92,-3.000,0.005,5.37,3.28,7.811,0.55,0.0020,5.2
4,1999,4,127.9,2.49,0.40,0.42,0.87,-3.000,0.005,5.29,3.24,7.821,0.48,0.0020,5.6
4,1999,5,88.9,1.90,0.35,0.34,1.11,-3.000,0.011,5.84,4.14,3.875,0.50,0.0020,6.2
4,1999,6,17.7,1.93,0.36,0.19,1.16,-3.000,0.005,5.93,4.24,3.427,0.48,0.0020,6.7
4,1999,7,9.9,1.75,0.35,0.13,1.34,-3.000,0.005,6.13,4.49,1.333,0.47,0.0040,7.6
4,1999,8,6.4,1.15,0.33,0.13,1.54,-3.000,0.005,6.29,4.76,1.336,0.46,0.0020,7.2
4,1999,9,142.4,1.75,0.34,0.22,1.04,-3.000,0.010,5.98,4.57,1.648,0.37,0.0030,6.5
4,1999,10,78.6,1.72,0.33,0.34,0.96,-3.000,0.005,6.09,4.46,2.078,0.46,0.0030,6.7
4,1999,11,100.9,1.97,0.36,0.30,1.05,-3.000,0.005,5.87,4.26,3.456,0.59,0.0010,6.6
4,1999,12,48.0,2.06,0.38,0.29,1.10,-3.000,0.005,5.81,4.28,4.232,0.62,0.0020,6.9
4,2000,1,38.6,2.05,0.39,0.31,1.16,-3.000,0.005,5.83,4.22,4.805,0.58,0.0020,6.7
4,2000,2,40.2,1.99,0.39,0.33,1.10,-3.000,0.006,5.76,4.07,4.804,0.67,0.0030,6.2
4,2000,3,215.8,2.04,0.36,0.35,0.91,-3.000,0.007,5.49,3.70,5.482,0.51,0.0010,5.6
4,2000,4,263.1,1.78,0.29,0.41,0.72,-3.000,0.005,5.34,3.71,3.900,0.46,0.0010,4.8
4,2000,5,136.1,1.56,0.26,0.38,0.84,-3.000,0.005,5.75,4.31,1.830,0.43,0.0010,5.4
4,2000,6,29.6,1.51,0.28,0.22,1.04,-3.000,0.005,5.93,4.66,1.049,0.42,0.0020,5.9
4,2000,7,7.6,1.50,0.31,0.12,1.25,-3.000,0.005,6.04,4.79,0.693,0.43,0.0030,7.0
4,2000,8,17.2,1.53,0.32,0.10,1.26,-3.000,0.005,6.09,4.87,0.491,0.39,0.0020,7.2
4,2000,9,15.0,1.48,0.32,0.09,1.33,-3.000,0.012,6.14,5.14,0.202,0.37,0.0020,7.6
4,2000,10,25.0,1.35,0.35,0.50,1.35,-3.000,0.005,6.24,5.26,0.036,0.48,0.0010,7.5
4,2000,11,67.5,1.39,0.33,0.29,1.10,-3.000,0.005,5.96,4.77,0.926,0.47,0.0020,6.9
4,2000,12,129.5,1.64,0.32,0.34,0.85,-3.000,0.005,5.55,4.26,2.605,0.45,0.0020,5.8
4,2001,1,21.9,1.61,0.33,0.26,1.10,-3.000,0.005,5.85,4.61,2.309,0.42,0.0010,7.1
4,2001,2,21.4,1.60,0.36,0.26,1.23,-3.000,0.005,5.99,4.77,1.929,0.45,0.0020,7.4
4,2001,3,25.5,1.52,0.35,0.27,1.27,-3.000,0.009,6.15,4.83,1.802,0.46,0.0020,7.4
4,2001,4,282.7,1.47,0.27,0.27,0.79,-3.000,0.005,5.62,4.03,1.950,0.34,0.0020,5.2
4,2001,5,34.5,1.40,0.27,0.22,0.96,-3.000,0.007,5.93,4.61,0.717,0.34,0.0020,6.2
4,2001,6,58.7,1.34,0.25,0.15,0.88,-3.000,0.005,5.82,4.43,0.414,0.29,0.0020,5.7
4,2001,7,3.9,1.52,0.33,0.09,1.40,-3.000,0.005,6.21,5.01,0.227,0.40,0.0030,8.2
4,2001,8,0.5,1.68,0.37,0.22,1.54,-3.000,0.013,6.12,4.93,0.635,0.46,0.0050,8.0
4,2001,9,12.3,1.54,0.34,0.21,1.42,-3.000,0.013,6.01,5.16,0.730,0.48,0.0030,6.9
4,2001,10,9.2,1.30,0.34,0.45,1.49,-3.000,0.005,6.07,5.67,0.014,0.58,0.0030,7.6
4,2001,11,33.6,1.26,0.30,0.28,1.26,-3.000,0.005,5.88,5.10,0.147,0.64,0.0030,7.3
4,2001,12,47.4,1.32,0.29,0.21,1.15,-3.000,0.006,5.84,4.92,0.353,0.65,0.0010,7.0
4,2002,1,25.4,1.40,0.30,0.19,1.25,-3.000,0.006,5.90,5.06,0.531,0.57,0.0010,7.4
4,2002,2,56.9,1.35,0.29,0.20,1.12,-3.000,0.005,5.91,4.62,0.796,0.56,0.0010,6.7
4,2002,3,125.0,1.41,0.28,0.24,0.97,-3.000,0.005,5.75,4.40,1.125,0.57,0.0010,5.9
4,2002,4,271.0,1.33,0.24,0.28,0.79,-3.000,0.005,5.63,4.16,0.888,0.43,0.0020,5.0
4,2002,5,108.5,1.23,0.22,0.23,0.87,-3.000,0.005,5.84,4.41,0.125,0.38,0.0010,5.5
4,2002,6,60.2,1.26,0.24,0.11,0.97,-3.000,0.005,6.05,4.51,0.020,0.32,0.0020,5.9
4,2002,7,4.7,1.50,0.29,0.08,1.23,-3.000,0.005,6.18,4.97,0.012,0.42,0.0020,7.4
4,2002,8,1.4,1.70,0.37,0.15,1.61,-3.000,0.007,6.25,5.02,0.124,0.42,0.0020,8.9
4,2002,9,2.9,1.42,0.31,0.24,1.45,-3.000,0.010,6.07,4.99,0.315,0.44,0.0040,7.3
4,2002,10,16.2,1.26,0.30,0.22,1.25,-3.000,0.005,6.05,5.12,0.012,0.53,0.0010,6.3
4,2002,11,78.0,1.23,0.26,0.27,0.96,-3.000,0.005,5.82,4.43,0.192,0.56,0.0020,5.8
4,2002,12,37.5,1.28,0.27,0.19,1.07,-3.000,0.005,5.87,4.62,0.394,0.50,0.0010,6.6
4,2003,1,22.2,1.33,0.29,0.19,1.21,-3.000,0.005,5.99,4.84,0.481,0.49,0.0010,6.9
4,2003,2,12.0,1.37,0.32,0.22,1.33,-3.000,0.005,6.09,5.10,0.579,0.51,0.0020,7.4
4,2003,3,173.9,1.48,0.29,0.26,0.99,-3.000,0.005,5.73,4.13,1.970,0.52,0.0030,5.7
4,2003,4,109.2,1.31,0.24,0.25,0.87,-3.000,0.005,5.79,4.19,0.878,0.44,0.0030,5.4
4,2003,5,115.7,1.28,0.23,0.25,0.94,-3.000,0.005,5.94,4.45,0.334,0.41,0.0010,5.7
4,2003,6,31.9,1.35,0.25,0.16,1.08,-3.000,0.005,6.07,4.68,0.041,0.39,0.0030,6.3
4,2003,7,5.7,1.57,0.33,0.09,1.39,-3.000,0.005,6.30,4.89,0.034,0.40,0.0020,7.8
4,2003,8,101.8,1.32,0.22,0.15,0.68,-3.000,0.005,5.55,3.96,0.137,0.19,0.0030,5.7
4,2003,9,72.4,1.31,0.24,0.08,0.95,-3.000,0.010,5.98,4.32,0.095,0.32,0.0010,6.5
4,2003,10,161.2,1.23,0.23,0.23,0.90,-3.000,0.005,5.85,4.27,0.173,0.45,0.0020,6.1
4,2003,11,178.1,1.24,0.22,0.16,0.86,-3.000,0.005,5.82,4.21,0.166,0.54,0.0010,5.9
4,2003,12,229.1,1.23,0.21,0.16,0.82,-3.000,0.005,5.70,3.97,0.547,0.57,0.0010,5.3
4,2004,1,41.3,1.26,0.23,0.17,0.90,-3.000,0.005,5.78,4.26,0.549,0.53,0.0010,5.7
4,2004,2,12.3,1.33,0.29,0.20,1.16,-3.000,0.005,5.98,4.71,0.587,0.53,0.0010,6.7
4,2004,3,90.0,1.31,0.26,0.21,0.97,-3.000,0.005,5.79,3.96,1.430,0.53,0.0010,5.4
4,2004,4,161.9,1.22,0.22,0.21,0.85,-3.000,0.005,5.73,3.83,1.014,0.47,0.0010,4.9
4,2004,5,115.5,1.15,0.21,0.18,0.92,-3.000,0.005,5.90,4.11,0.126,0.41,0.0010,5.4
4,2004,6,27.2,1.22,0.23,0.10,1.00,-3.000,0.005,6.00,4.34,0.030,0.40,0.0010,5.8
4,2004,7,20.2,1.32,0.26,0.08,1.15,-3.000,0.005,6.07,4.50,0.020,0.36,0.0010,6.7
4,2004,8,44.4,1.32,0.27,0.07,1.24,-3.000,0.005,6.29,4.53,0.010,0.35,0.0020,7.0
4,2004,9,44.4,1.27,0.24,0.05,1.06,-3.000,0.005,6.18,4.33,0.010,0.32,0.0030,6.7
4,2004,10,19.9,1.25,0.30,0.31,1.28,-3.000,0.005,6.19,4.79,0.010,0.44,0.0020,7.0
4,2004,11,113.0,1.16,0.25,0.22,1.02,-3.000,0.005,5.93,4.19,0.210,0.49,0.0010,6.0
4,2004,12,144.4,1.19,0.23,0.19,0.89,-3.000,0.005,5.87,4.10,0.292,0.48,0.0010,5.7
4,2005,1,44.2,1.22,0.24,0.18,1.00,-3.000,0.005,5.96,4.30,0.380,0.48,0.0010,6.1
4,2005,2,31.6,1.22,0.26,0.18,1.09,-3.000,0.005,6.01,4.37,0.278,0.48,0.0010,6.4
4,2005,3,63.8,1.20,0.25,0.21,1.01,-3.000,0.005,5.95,4.08,0.541,0.46,0.0010,5.8
4,2005,4,318.2,1.12,0.20,0.23,0.77,-3.000,0.005,5.72,3.61,0.623,0.44,0.0010,4.5
4,2005,5,88.4,1.11,0.20,0.21,0.91,-3.000,0.005,5.94,3.92,0.064,0.45,0.0010,5.1
4,2005,6,90.9,1.18,0.21,0.11,1.02,-3.000,0.005,6.11,4.05,0.010,0.39,0.0010,5.6
4,2005,7,24.7,1.29,0.23,0.07,1.07,-3.000,0.005,6.21,4.43,0.010,0.38,0.0010,6.3
4,2005,8,30.5,1.28,0.25,0.11,1.13,-3.000,0.005,6.25,4.12,0.040,0.38,0.0010,6.1
4,2005,9,21.2,1.29,0.26,0.11,1.17,-3.000,0.005,6.27,4.26,0.029,0.39,0.0010,6.3
4,2005,10,232.9,1.13,0.20,0.13,0.83,-3.000,0.005,5.88,3.87,0.010,0.37,0.0010,5.4
4,2005,11,159.3,1.12,0.21,0.18,0.88,-3.000,0.005,5.92,3.92,0.078,0.43,0.0010,5.4
4,2005,12,84.9,1.16,0.21,0.14,0.88,-3.000,0.005,5.87,3.80,0.385,0.47,0.0010,5.3
4,2006,1,180.5,1.14,0.21,0.16,0.80,-3.000,0.005,5.79,3.61,0.541,0.44,0.0010,4.6
4,2006,2,76.2,1.17,0.21,0.18,0.85,-3.000,0.005,5.85,3.75,0.436,0.45,0.0010,5.0
4,2006,3,74.5,1.16,0.23,0.20,0.92,-3.000,0.005,5.92,3.81,0.462,0.49,0.0010,5.5
4,2006,4,80.3,1.11,0.22,0.20,0.91,-3.000,0.005,5.92,3.77,0.371,0.47,0.0010,5.3
4,2006,5,196.9,1.05,0.19,0.22,0.84,-3.000,0.005,5.90,3.59,0.094,0.39,0.0010,5.0
4,2006,6,72.1,1.13,0.21,0.12,0.95,-3.000,0.005,6.17,3.75,0.010,0.35,0.0010,5.7
4,2006,7,35.7,1.23,0.23,0.07,1.02,-3.000,0.005,6.30,3.94,0.019,0.37,0.0010,6.4
4,2006,8,3.9,1.29,0.27,0.08,1.26,-3.000,0.005,6.34,4.20,0.018,0.44,0.0010,7.3
4,2006,9,2.5,1.37,0.33,0.17,1.58,-3.000,0.005,6.40,4.74,0.010,0.47,0.0010,8.2
4,2006,10,122.9,1.11,0.23,0.26,0.92,-3.000,0.005,5.90,3.81,0.194,0.50,0.0010,5.7
4,2006,11,153.7,1.09,0.20,0.19,0.82,-3.000,0.005,5.90,3.71,0.184,0.42,0.0010,5.7
4,2006,12,101.3,1.13,0.21,0.16,0.88,-3.000,0.005,5.95,3.79,0.531,0.41,0.0010,5.7
4,2007,1,91.5,1.11,0.20,0.16,0.82,-3.000,0.005,5.85,3.54,0.851,0.36,0.0010,5.1
4,2007,2,13.3,1.22,0.26,0.20,1.09,-3.000,0.005,6.09,4.29,0.472,0.41,0.0010,6.6
4,2007,3,116.8,1.19,0.25,0.18,0.93,-3.000,0.005,5.87,3.59,1.190,0.40,0.0010,5.3
4,2007,4,207.5,1.04,0.19,0.21,0.69,-3.000,0.005,5.66,3.15,0.923,0.30,0.0010,4.1
4,2007,5,67.8,1.04,0.20,0.17,0.90,-3.000,0.005,5.99,3.74,0.116,0.33,0.0010,5.3
4,2007,6,21.1,1.14,0.22,0.09,1.00,-3.000,0.005,6.11,3.93,0.010,0.34,0.0010,5.9
4,2007,7,28.2,1.18,0.23,0.07,1.00,-3.000,0.005,6.17,3.86,0.016,0.27,0.0010,6.5
4,2007,8,12.1,1.33,0.28,0.17,1.26,-3.000,0.005,6.27,4.22,0.063,0.40,0.0010,7.6
4,2007,9,10.3,1.26,0.28,0.12,1.29,-3.000,0.005,6.26,4.28,0.010,0.32,0.0010,7.2
4,2007,10,77.0,1.06,0.24,0.26,1.04,-3.000,0.005,6.04,4.01,0.010,0.38,0.0010,6.5
4,2007,11,121.8,1.10,0.23,0.15,0.94,-3.000,0.005,5.98,3.95,0.079,0.37,0.0010,6.3
4,2007,12,56.4,1.14,0.23,0.13,0.95,-3.000,0.005,5.90,3.82,0.367,0.51,0.0010,5.9
4,2008,1,92.5,1.11,0.22,0.13,0.94,-3.000,0.005,5.98,3.95,0.230,0.45,0.0010,5.9
4,2008,2,71.1,1.10,0.22,0.13,0.97,-3.000,0.005,6.00,3.91,0.135,0.42,0.0010,6.1
4,2008,3,104.5,1.07,0.21,0.15,0.87,-3.000,0.005,5.93,3.68,0.316,0.36,0.0010,5.5
4,2008,4,389.1,0.97,0.18,0.16,0.69,-3.000,0.005,5.73,3.28,0.343,0.27,0.0010,4.6
4,2008,5,53.3,1.01,0.19,0.17,0.80,-3.000,0.005,5.97,3.52,0.044,0.28,0.0010,5.1
4,2008,6,25.3,1.10,0.22,0.10,1.00,-3.000,0.005,6.05,3.74,0.010,0.27,0.0010,5.9
4,2008,7,31.7,1.10,0.22,0.07,0.95,-3.000,0.005,6.25,3.57,0.010,0.25,0.0010,6.3
4,2008,8,109.9,1.06,0.19,0.06,0.75,-3.000,0.005,6.07,3.35,0.010,0.18,0.0010,6.1
4,2008,9,30.8,1.14,0.23,0.08,1.02,-3.000,0.005,6.24,3.64,0.010,0.27,0.0010,6.8
4,2008,10,117.5,1.02,0.21,0.16,0.84,-3.000,0.005,6.01,3.58,0.010,0.35,0.0010,6.3
4,2008,11,140.5,0.99,0.19,0.11,0.79,-3.000,0.005,5.88,3.53,0.032,0.40,0.0010,6.0
4,2008,12,129.8,1.00,0.19,0.10,0.80,-3.000,0.005,5.82,3.61,0.167,0.33,0.0010,5.9
4,2009,1,36.5,1.02,0.21,0.11,0.88,-3.000,0.005,5.96,3.75,0.093,0.32,0.0010,6.2
4,2009,2,46.8,1.04,0.23,0.12,0.96,-3.000,0.005,6.11,3.79,0.116,0.36,0.0010,6.4
4,2009,3,158.5,0.96,0.19,0.13,0.79,-3.000,0.005,5.89,3.37,0.337,0.33,0.0010,5.3
4,2009,4,191.2,0.91,0.17,0.13,0.70,-3.000,0.005,5.79,3.20,0.253,0.27,0.0010,4.8
4,2009,5,99.3,0.97,0.19,0.12,0.89,-3.000,0.005,6.08,3.50,0.010,0.28,0.0010,5.8
4,2009,6,82.8,1.01,0.19,0.07,0.87,0.005,0.005,6.15,3.39,0.010,0.23,0.0010,5.8
4,2009,7,147.4,0.99,0.18,0.06,0.78,0.005,0.005,6.09,3.23,0.010,0.18,0.0010,5.9
4,2009,8,78.6,1.02,0.18,0.05,0.78,0.005,0.005,6.05,3.19,0.010,0.17,0.0010,6.2
4,2009,9,9.3,1.16,0.24,0.09,1.10,0.005,0.005,6.28,3.73,0.010,0.29,0.0010,7.2
4,2009,10,101.4,0.98,0.22,0.18,0.88,0.005,0.005,6.08,3.45,0.010,0.31,0.0010,6.3
4,2009,11,123.0,0.95,0.19,0.13,0.80,0.005,0.005,5.95,3.25,0.010,0.36,0.0010,6.1
4,2009,12,111.0,0.96,0.19,0.11,0.80,0.005,0.005,5.95,3.28,0.020,0.35,0.0010,6.1
4,2010,1,102.9,1.02,0.22,0.17,0.89,0.005,0.005,6.00,3.33,0.259,0.48,0.0010,5.8
4,2010,2,48.4,1.02,0.22,0.15,0.91,0.005,0.005,6.03,3.57,0.104,0.37,0.0010,6.3
4,2010,3,211.9,0.84,0.17,0.15,0.74,0.005,0.005,5.82,2.90,0.133,0.37,0.0010,5.1
4,2010,4,128.8,0.88,0.17,0.14,0.79,0.005,0.005,5.98,3.12,0.020,0.34,0.0010,5.4
4,2010,5,65.1,0.92,0.18,0.12,0.88,0.005,0.005,6.05,3.35,0.010,0.30,0.0010,5.6
4,2010,6,43.5,1.01,0.19,0.08,0.89,-3.000,0.005,6.05,3.14,0.010,0.25,0.0010,5.9
4,2010,7,14.5,1.08,0.23,0.05,1.08,-3.000,0.005,6.25,3.36,0.010,0.29,0.0010,7.1
4,2010,8,6.9,1.10,0.24,0.06,1.24,-3.000,0.005,6.30,3.44,0.010,0.33,0.0010,7.5
4,2010,9,26.7,1.12,0.26,0.08,1.26,-3.000,0.005,6.30,3.55,0.010,0.39,0.0010,7.6
4,2010,10,127.4,1.01,0.22,0.13,1.03,-3.000,0.005,6.12,3.47,0.010,0.42,0.0010,6.9
4,2010,11,102.2,0.95,0.20,0.12,0.92,-3.000,0.005,5.95,3.51,0.010,0.45,0.0010,6.5
4,2010,12,163.3,0.93,0.19,0.13,0.77,-3.000,0.005,5.74,3.16,0.100,0.43,0.0010,5.5
4,2011,1,46.8,0.98,0.20,0.11,0.92,-3.000,0.005,5.98,3.55,0.050,0.39,0.0010,6.4
4,2011,2,25.2,1.01,0.23,0.12,1.05,-3.000,0.005,6.13,3.76,0.036,0.37,0.0010,7.0
4,2011,3,188.9,0.92,0.18,0.13,0.76,-3.000,0.005,5.79,2.88,0.450,0.43,0.0010,5.0
4,2011,4,421.8,0.83,0.15,0.21,0.60,-3.000,0.005,5.63,2.59,0.297,0.31,0.0010,4.0
4,2011,5,152.5,0.85,0.16,0.14,0.77,-3.000,0.005,5.95,2.93,0.010,0.31,0.0010,5.3
4,2011,6,31.7,0.99,0.20,0.10,0.95,0.012,0.005,6.13,3.29,0.010,0.32,0.0010,6.3
4,2011,7,5.3,1.25,0.28,0.10,1.31,0.011,0.005,6.29,3.54,0.012,0.37,0.0010,8.3
4,2011,8,112.9,0.86,0.16,0.09,0.70,0.044,0.005,5.83,2.62,0.010,0.22,0.0010,5.7
4,2011,9,80.7,0.91,0.17,0.07,0.78,0.033,0.005,6.02,2.89,0.010,0.23,0.0010,6.4
4,2011,10,160.1,0.87,0.17,0.13,0.77,0.033,0.005,5.97,2.91,0.010,0.27,0.0010,6.4
4,2011,11,89.1,0.88,0.19,0.12,0.92,0.026,0.005,6.06,3.16,0.015,0.34,0.0010,6.8
4,2011,12,136.6,0.89,0.18,0.11,0.87,0.027,0.005,5.98,3.06,0.153,0.37,0.0010,6.1
4,2012,1,81.4,0.93,0.19,0.13,0.88,0.022,0.005,6.00,3.17,0.303,0.34,0.0010,6.1
4,2012,2,37.1,0.94,0.21,0.14,0.95,0.021,0.005,6.07,3.34,0.159,0.35,0.0010,6.4
4,2012,3,161.5,0.90,0.18,0.16,0.84,0.032,0.005,5.88,2.81,0.683,0.33,0.0010,5.3
4,2012,4,89.1,0.91,0.18,0.21,0.89,0.033,0.005,5.92,2.92,0.249,0.36,0.0010,5.4
4,2012,5,213.2,0.88,0.17,0.15,0.89,0.024,0.005,6.01,3.01,0.062,0.32,0.0010,5.5
4,2012,6,109.3,0.92,0.17,0.09,0.85,0.028,0.005,6.00,2.90,0.085,0.27,0.0010,5.6
4,2012,7,7.9,1.11,0.23,0.10,1.19,0.020,0.005,6.35,3.16,0.010,0.36,0.0010,7.4
4,2012,8,49.1,0.96,0.19,0.08,1.02,0.019,0.005,6.28,2.63,0.010,0.25,0.0010,7.0
4,2012,9,54.0,0.98,0.21,0.07,1.11,0.023,0.005,6.26,3.13,0.010,0.31,0.0010,7.3
4,2012,10,142.8,0.85,0.18,0.18,0.94,0.026,0.005,6.10,3.03,0.010,0.37,0.0010,6.7
4,2012,11,60.4,0.89,0.19,0.14,0.98,0.027,0.005,6.08,3.15,0.043,0.47,0.0010,6.8
4,2012,12,106.9,0.90,0.19,0.11,0.94,0.026,0.005,6.01,2.95,0.354,0.46,0.0010,6.0
4,2013,1,82.3,0.95,0.20,0.13,1.01,-3.000,0.005,6.00,3.22,0.368,0.43,-3.0000,-3.0
4,2013,2,59.1,0.97,0.20,0.16,1.01,-3.000,0.005,5.99,3.24,0.442,0.41,-3.0000,-3.0
4,2013,3,121.2,0.91,0.20,0.16,0.99,-3.000,0.005,6.03,3.08,0.453,0.42,-3.0000,-3.0
4,2013,4,191.4,0.83,0.20,0.13,0.88,-3.000,0.005,5.96,2.79,0.408,0.39,-3.0000,-3.0
4,2013,5,80.0,0.85,0.20,0.13,1.02,-3.000,0.005,6.16,3.08,0.011,0.42,-3.0000,-3.0
4,2013,6,74.8,0.91,0.20,0.08,0.95,-3.000,0.003,6.20,3.03,0.040,0.43,-3.0000,-3.0
4,2013,7,80.1,0.96,0.20,0.07,1.07,-3.000,0.004,6.18,2.95,0.057,0.36,-3.0000,-3.0
4,2013,8,16.8,1.02,0.20,0.07,1.17,-3.000,0.005,6.36,3.04,0.110,0.34,-3.0000,-3.0
4,2013,9,18.1,1.02,0.20,0.09,1.25,-3.000,0.005,6.33,3.14,0.076,0.34,-3.0000,-3.0
4,2013,10,16.2,0.92,0.30,0.54,1.41,-3.000,0.008,6.38,3.74,0.011,0.47,-3.0000,-3.0
4,2013,11,97.3,0.82,0.20,0.19,1.08,-3.000,0.004,6.07,3.17,0.393,0.44,-3.0000,-3.0
4,2013,12,61.6,0.83,0.20,0.14,1.04,-3.000,0.005,6.05,2.99,0.575,0.37,-3.0000,-3.0
4,2014,1,100.5,0.88,0.20,0.14,0.88,-3.000,0.006,5.97,2.78,0.924,0.34,-3.0000,-3.0
4,2014,2,18.5,0.99,0.20,0.20,1.08,-3.000,0.007,6.09,3.34,0.533,0.41,-3.0000,-3.0
4,2014,3,23.9,0.90,0.20,0.18,1.11,-3.000,0.004,6.15,3.32,0.472,0.41,-3.0000,-3.0
4,2014,4,298.2,0.81,0.20,0.18,0.86,-3.000,0.005,5.83,2.50,0.889,0.32,-3.0000,-3.0
4,2014,5,112.4,0.82,0.20,0.19,0.92,-3.000,0.004,6.02,2.69,0.149,0.38,-3.0000,-3.0
