ws,year,mo,precip,Ca,Mg,K,Na,Al,NH4,pH,SO4,NO3,Cl,PO4,SiO2
5,1963,6,67.5,0.30,0.07,0.10,0.07,-3.000,-3.000,-3.00,-3.00,-3.000,-3.00,-3.0000,-3.0
5,1963,7,70.1,0.29,0.06,0.11,0.07,-3.000,-3.000,-3.00,-3.00,-3.000,-3.00,-3.0000,-3.0
5,1963,8,147.0,0.19,0.04,0.08,0.04,-3.000,-3.000,-3.00,-3.00,-3.000,-3.00,-3.0000,-3.0
5,1963,9,39.8,0.20,0.08,0.52,0.09,-3.000,-3.000,-3.00,-3.00,-3.000,-3.00,-3.0000,-3.0
5,1963,10,29.8,0.60,0.13,0.89,0.08,-3.000,-3.000,-3.00,-3.00,-3.000,-3.00,-3.0000,-3.0
5,1963,11,209.5,0.18,0.09,0.41,0.14,-3.000,-3.000,-3.00,-3.00,-3.000,-3.00,-3.0000,-3.0
5,1963,12,72.9,0.11,0.02,0.42,0.07,-3.000,-3.000,-3.00,-3.00,-3.000,-3.00,-3.0000,-3.0
5,1964,1,118.5,0.08,0.02,0.04,0.13,-3.000,-3.000,-3.00,-3.00,-3.000,-3.00,-3.0000,-3.0
5,1964,2,46.6,0.14,0.04,0.06,0.09,-3.000,-3.000,-3.00,-3.00,-3.000,-3.00,-3.0000,-3.0
5,1964,3,141.6,0.22,0.04,0.05,0.08,-3.000,-3.000,-3.00,-3.00,-3.000,-3.00,-3.0000,-3.0
5,1964,4,108.1,0.53,0.09,0.06,0.09,-3.000,-3.000,-3.00,-3.00,-3.000,-3.00,-3.0000,-3.0
5,1964,5,99.6,0.48,0.09,0.22,0.07,-3.000,-3.000,-3.00,-3.00,-3.000,-3.00,-3.0000,-3.0
5,1964,6,57.0,0.58,0.10,0.27,0.06,-3.000,0.300,4.25,4.20,0.770,0.38,-3.0000,-3.0
5,1964,7,128.8,0.29,0.04,0.21,0.07,-3.000,0.104,3.88,6.67,1.164,0.45,-3.0000,-3.0
5,1964,8,152.8,0.23,0.02,0.12,0.05,-3.000,0.133,4.38,2.10,0.133,0.14,-3.0000,-3.0
5,1964,9,37.4,0.60,0.36,0.22,0.21,-3.000,0.389,3.24,5.50,1.347,6.24,-3.0000,-3.0
5,1964,10,52.6,1.07,0.54,0.38,1.37,-3.000,0.100,4.07,1.48,0.032,12.85,-3.0000,-3.0
5,1964,11,116.6,0.28,0.30,0.15,0.50,-3.000,0.054,4.21,2.30,0.387,4.19,-3.0000,-3.0
5,1964,12,115.8,0.16,0.06,0.03,0.07,-3.000,0.076,4.49,1.90,0.945,0.17,-3.0000,-3.0
5,1965,1,64.3,0.12,0.03,0.03,0.14,-3.000,0.839,4.63,1.96,0.565,0.43,-3.0000,-3.0
5,1965,2,102.4,0.16,0.04,0.05,0.18,-3.000,0.098,4.41,1.72,0.339,0.61,-3.0000,-3.0
5,1965,3,28.7,0.44,0.10,0.15,0.29,-3.000,0.121,4.22,2.89,1.117,0.93,-3.0000,-3.0
5,1965,4,83.1,0.20,0.03,0.11,0.09,-3.000,0.547,4.22,3.81,1.496,0.51,-3.0000,-3.0
5,1965,5,24.8,0.66,0.30,0.23,0.46,-3.000,0.069,4.29,4.85,1.205,10.92,-3.0000,-3.0
5,1965,6,111.0,0.16,0.10,0.05,0.10,-3.000,0.042,4.13,3.96,0.368,4.93,-3.0000,-3.0
5,1965,7,97.4,0.16,0.20,0.07,0.19,-3.000,0.294,4.20,4.13,0.196,7.07,-3.0000,-3.0
5,1965,8,86.0,0.12,0.02,0.03,0.27,-3.000,0.130,4.09,4.25,1.120,0.90,-3.0000,-3.0
5,1965,9,196.0,0.12,0.02,0.02,0.12,-3.000,0.087,4.15,3.33,0.882,1.03,-3.0000,-3.0
5,1965,10,126.0,0.23,0.04,0.05,0.10,-3.000,0.169,4.26,2.67,1.255,1.81,-3.0000,-3.0
5,1965,11,151.8,0.22,0.03,0.06,0.07,-3.000,0.266,4.18,3.18,1.805,0.56,-3.0000,-3.0
5,1965,12,74.9,0.10,0.03,0.08,0.12,-3.000,0.372,4.10,3.47,2.704,0.47,-3.0000,-3.0
5,1966,1,72.3,0.14,0.02,0.05,0.12,-3.000,0.124,4.18,1.58,2.008,0.44,-3.0000,-3.0
5,1966,2,63.4,0.05,0.01,0.02,0.08,-3.000,0.143,4.33,1.53,0.683,0.20,-3.0000,-3.0
5,1966,3,123.9,0.14,0.03,0.03,0.13,-3.000,0.201,4.29,2.21,1.389,0.32,-3.0000,-3.0
5,1966,4,68.2,0.20,0.02,0.04,0.09,-3.000,0.546,3.98,4.53,3.110,0.32,-3.0000,-3.0
5,1966,5,93.6,0.85,0.05,0.06,0.45,-3.000,0.350,4.04,5.16,2.354,0.91,-3.0000,-3.0
5,1966,6,114.3,0.15,0.03,0.07,0.10,-3.000,0.189,4.14,3.97,1.406,0.39,-3.0000,-3.0
5,1966,7,99.5,0.31,0.05,0.06,0.11,-3.000,0.144,3.87,6.05,2.124,1.69,-3.0000,-3.0
5,1966,8,198.0,0.13,0.02,0.01,0.04,-3.000,0.131,4.07,3.55,1.053,0.86,-3.0000,-3.0
5,1966,9,118.4,0.18,0.03,0.02,0.08,-3.000,0.117,4.25,2.72,0.995,1.20,-3.0000,-3.0
5,1966,10,85.6,0.31,0.03,0.02,0.10,-3.000,0.123,3.98,2.63,0.990,4.45,-3.0000,-3.0
5,1966,11,142.7,0.14,0.03,0.04,0.16,-3.000,0.175,4.00,2.37,1.468,2.91,-3.0000,-3.0
5,1966,12,103.6,0.04,0.01,0.02,0.07,-3.000,0.030,4.32,0.99,0.789,0.84,-3.0000,-3.0
5,1967,1,59.9,0.14,0.04,0.08,0.20,-3.000,0.266,4.07,3.12,2.585,0.59,-3.0000,-3.0
5,1967,2,110.8,0.06,0.02,0.10,0.11,-3.000,0.123,4.44,1.58,1.464,0.41,-3.0000,-3.0
5,1967,3,55.6,0.26,0.04,0.05,0.09,-3.000,0.306,4.08,3.76,2.098,0.61,-3.0000,-3.0
5,1967,4,145.2,0.09,0.02,0.03,0.05,-3.000,0.194,4.15,2.75,1.461,0.58,-3.0000,-3.0
5,1967,5,117.1,0.15,0.04,0.07,0.06,-3.000,0.369,4.11,3.48,1.825,1.11,-3.0000,-3.0
5,1967,6,81.9,0.16,0.03,0.07,0.04,-3.000,0.423,4.03,5.40,1.553,0.75,-3.0000,-3.0
5,1967,7,115.0,0.12,0.04,0.03,0.35,-3.000,0.298,3.87,4.96,1.979,0.55,-3.0000,-3.0
5,1967,8,134.7,0.26,0.05,0.07,0.04,-3.000,0.171,4.02,4.01,1.334,0.25,-3.0000,-3.0
5,1967,9,140.6,0.05,0.02,0.03,0.06,-3.000,0.142,4.28,2.28,0.797,0.22,-3.0000,-3.0
5,1967,10,122.9,0.09,0.06,0.15,0.22,-3.000,0.266,4.25,2.77,1.637,0.59,-3.0000,-3.0
5,1967,11,117.1,0.16,0.16,0.04,0.15,-3.000,0.219,4.34,1.80,1.909,0.33,-3.0000,-3.0
5,1967,12,156.4,0.06,0.02,0.01,0.12,-3.000,0.091,4.39,1.87,1.509,0.30,-3.0000,-3.0
5,1968,1,77.3,0.11,0.02,0.05,0.10,-3.000,0.300,4.04,3.31,2.855,0.30,-3.0000,-3.0
5,1968,2,65.5,0.25,0.15,0.07,0.29,-3.000,0.065,4.21,1.92,2.256,0.33,-3.0000,-3.0
5,1968,3,99.6,0.23,0.07,0.04,0.32,-3.000,0.109,4.22,2.53,1.421,0.36,-3.0000,-3.0
5,1968,4,119.3,0.80,0.17,0.21,0.22,-3.000,0.249,4.32,2.61,1.185,0.38,-3.0000,-3.0
5,1968,5,214.0,0.08,0.02,0.07,0.04,-3.000,0.232,4.01,3.99,1.674,0.29,-3.0000,-3.0
5,1968,6,161.8,0.12,0.03,0.06,0.03,-3.000,0.283,4.05,3.87,1.257,0.65,-3.0000,-3.0
5,1968,7,57.2,0.19,0.05,0.08,0.05,-3.000,0.392,3.91,5.63,1.660,0.50,-3.0000,-3.0
5,1968,8,52.4,0.11,0.04,0.03,0.08,-3.000,0.590,3.93,4.29,1.810,1.09,-3.0000,-3.0
5,1968,9,73.3,0.12,0.07,0.04,0.20,-3.000,0.310,4.01,3.02,0.943,0.49,-3.0000,-3.0
5,1968,10,77.7,0.07,0.08,0.18,0.42,-3.000,0.126,4.28,1.34,0.480,1.04,-3.0000,-3.0
5,1968,11,135.1,0.10,0.02,0.04,0.03,-3.000,0.158,4.40,1.52,1.057,0.19,-3.0000,-3.0
5,1968,12,201.1,0.04,0.01,0.01,0.02,-3.000,0.133,4.41,1.13,0.978,0.14,-3.0000,-3.0
5,1969,1,79.6,0.08,0.02,0.04,0.15,-3.000,0.190,4.30,1.81,1.438,0.32,-3.0000,-3.0
5,1969,2,180.6,0.04,0.03,0.01,0.03,-3.000,0.160,4.69,0.75,0.419,0.10,-3.0000,-3.0
5,1969,3,91.1,0.23,0.04,0.06,0.12,-3.000,0.351,3.93,4.13,2.408,0.44,-3.0000,-3.0
5,1969,4,94.5,0.21,0.03,0.05,0.12,-3.000,0.297,3.96,3.77,2.111,0.47,-3.0000,-3.0
5,1969,5,105.6,0.32,0.04,0.10,0.28,-3.000,0.353,4.04,3.50,1.527,0.49,-3.0000,-3.0
5,1969,6,91.2,0.24,0.06,0.15,0.12,-3.000,0.486,4.10,3.24,1.251,0.33,-3.0000,-3.0
5,1969,7,195.9,0.11,0.02,0.03,0.06,-3.000,0.231,4.01,3.28,1.289,0.23,-3.0000,-3.0
5,1969,8,142.7,0.10,0.02,0.02,0.02,-3.000,0.328,4.16,2.03,0.617,0.64,-3.0000,-3.0
5,1969,9,46.6,0.13,0.02,0.13,0.04,-3.000,0.341,4.14,3.25,0.964,0.34,-3.0000,-3.0
5,1969,10,64.3,0.17,0.02,0.11,0.06,-3.000,0.240,4.16,2.70,0.785,0.52,-3.0000,-3.0
5,1969,11,150.1,0.08,0.05,0.06,0.33,-3.000,0.159,4.17,2.25,0.643,0.65,-3.0000,-3.0
5,1969,12,201.1,0.19,0.02,0.02,0.19,-3.000,0.124,4.16,1.21,2.358,0.24,-3.0000,-3.0
5,1970,1,25.4,0.12,0.03,0.04,0.18,-3.000,0.210,4.14,2.18,2.168,0.24,-3.0000,-3.0
5,1970,2,99.7,0.18,0.04,0.04,0.19,-3.000,0.189,4.22,1.82,1.960,0.29,-3.0000,-3.0
5,1970,3,112.0,0.07,0.02,0.02,0.06,-3.000,0.194,4.15,2.01,1.633,0.12,-3.0000,-3.0
5,1970,4,96.9,0.26,0.04,0.04,0.08,-3.000,0.285,4.18,2.51,1.603,0.13,-3.0000,-3.0
5,1970,5,92.6,0.35,0.07,0.20,0.15,-3.000,0.227,4.18,2.47,0.891,0.39,-3.0000,-3.0
5,1970,6,98.7,0.10,0.02,0.04,0.03,-3.000,0.670,3.96,3.89,1.202,0.27,-3.0000,-3.0
5,1970,7,64.8,0.27,0.07,0.26,0.08,-3.000,0.562,3.88,5.58,2.618,0.14,-3.0000,-3.0
5,1970,8,159.6,0.19,0.05,0.22,0.06,-3.000,0.509,3.96,4.17,2.067,0.15,-3.0000,-3.0
5,1970,9,139.4,0.05,0.01,0.08,0.03,-3.000,0.282,3.94,3.34,1.638,0.30,-3.0000,-3.0
5,1970,10,103.9,0.07,0.03,0.04,0.18,-3.000,0.504,3.70,3.87,3.219,0.91,-3.0000,-3.0
5,1970,11,94.1,0.08,0.04,0.05,0.32,-3.000,0.205,4.26,2.05,1.151,0.48,-3.0000,-3.0
5,1970,12,145.0,0.11,0.02,0.10,0.07,-3.000,0.118,4.28,1.54,1.285,0.60,-3.0000,-3.0
5,1971,1,88.4,0.11,0.02,0.06,0.07,-3.000,0.065,4.26,1.46,2.507,0.32,-3.0000,-3.0
5,1971,2,124.7,0.11,0.03,0.02,0.14,-3.000,0.346,4.40,1.67,1.455,0.30,-3.0000,-3.0
5,1971,3,99.9,0.13,0.03,0.03,0.05,-3.000,0.085,4.36,0.95,1.530,0.26,-3.0000,-3.0
5,1971,4,52.2,0.61,0.27,0.09,0.25,-3.000,0.465,3.90,4.90,3.128,0.42,-3.0000,-3.0
5,1971,5,117.9,0.20,0.04,0.10,0.09,-3.000,0.472,3.84,5.71,2.585,0.62,-3.0000,-3.0
5,1971,6,67.5,0.14,0.02,0.05,0.02,-3.000,0.418,3.97,4.92,1.657,0.34,-3.0000,-3.0
5,1971,7,147.8,0.11,0.02,0.02,0.05,-3.000,0.310,4.13,3.79,1.273,0.22,-3.0000,-3.0
5,1971,8,119.8,0.04,0.02,0.01,0.12,-3.000,0.070,4.74,0.90,0.230,0.25,-3.0000,-3.0
5,1971,9,74.5,0.04,0.02,0.02,0.10,-3.000,0.290,4.04,2.43,1.362,0.98,-3.0000,-3.0
5,1971,10,105.9,0.13,0.06,0.04,0.31,-3.000,0.100,4.03,2.40,1.790,1.10,0.0100,-3.0
5,1971,11,108.6,0.08,0.03,0.01,0.13,-3.000,0.092,4.11,2.64,2.259,0.41,0.0040,-3.0
5,1971,12,120.8,0.07,0.02,0.02,0.06,-3.000,0.141,4.27,1.98,1.892,0.27,0.0030,-3.0
5,1972,1,71.7,0.10,0.02,0.03,0.14,-3.000,0.170,4.21,2.32,2.117,0.35,0.0120,-3.0
5,1972,2,75.5,0.14,0.03,0.02,0.17,-3.000,0.178,4.18,1.45,2.681,0.36,0.0150,-3.0
5,1972,3,173.9,0.05,0.06,0.02,0.07,-3.000,0.178,4.28,2.10,1.588,0.18,0.0130,-3.0
5,1972,4,83.1,0.23,0.03,0.03,0.06,-3.000,0.484,4.01,4.22,2.516,0.20,0.0120,-3.0
5,1972,5,88.8,0.14,0.04,0.06,0.10,-3.000,0.439,3.95,3.55,2.301,0.44,0.0100,-3.0
5,1972,6,124.3,0.13,0.04,0.11,0.17,-3.000,0.238,4.02,2.94,1.410,0.82,0.0380,-3.0
5,1972,7,161.2,0.07,0.01,0.02,0.02,-3.000,0.254,4.04,3.48,1.400,0.17,0.0150,-3.0
5,1972,8,163.9,0.07,0.02,0.02,0.06,-3.000,0.273,3.99,4.08,1.937,0.22,0.0220,-3.0
5,1972,9,48.1,0.09,0.02,0.05,0.10,-3.000,0.346,3.95,4.59,2.341,0.82,0.0210,-3.0
5,1972,10,92.2,0.09,0.04,0.07,0.22,-3.000,0.164,4.24,2.21,1.638,0.67,0.0130,-3.0
5,1972,11,169.9,0.04,0.03,0.02,0.06,-3.000,0.067,4.30,1.82,1.196,0.24,0.0040,-3.0
5,1972,12,186.8,0.09,0.10,0.03,0.08,-3.000,0.046,4.31,2.13,1.283,0.22,0.0050,-3.0
5,1973,1,114.8,0.06,0.02,0.02,0.17,-3.000,0.105,4.41,1.67,1.232,0.31,0.0080,-3.0
5,1973,2,68.8,0.03,0.01,0.02,0.07,-3.000,0.047,4.21,1.19,1.008,1.02,0.0010,-3.0
5,1973,3,92.4,0.12,0.03,0.03,0.13,-3.000,0.102,4.23,2.25,1.371,0.83,0.0040,-3.0
5,1973,4,108.1,0.05,0.03,0.03,0.17,-3.000,0.069,4.32,1.71,1.347,0.29,0.0220,-3.0
5,1973,5,176.5,0.05,0.01,0.04,0.03,-3.000,0.134,4.19,2.40,1.507,0.43,0.0050,-3.0
5,1973,6,364.3,0.05,0.01,0.03,0.08,-3.000,0.161,4.19,3.39,1.540,0.18,0.0060,-3.0
5,1973,7,86.3,0.22,0.04,0.05,0.03,-3.000,0.440,4.04,4.63,1.951,0.24,0.0060,-3.0
5,1973,8,115.9,0.07,0.01,0.03,0.03,-3.000,0.211,4.10,4.00,1.390,0.26,0.0040,-3.0
5,1973,9,145.0,0.07,0.02,0.03,0.05,-3.000,0.256,3.97,5.01,2.127,0.23,0.0040,-3.0
5,1973,10,97.7,0.26,0.05,0.27,0.07,-3.000,0.438,4.18,3.08,2.550,0.44,0.0170,-3.0
5,1973,11,131.8,0.17,0.03,0.04,0.10,-3.000,0.343,4.09,3.21,2.992,0.21,0.0080,-3.0
5,1973,12,283.6,0.05,0.01,0.02,0.10,-3.000,0.055,4.64,0.88,0.682,0.22,0.0060,-3.0
5,1974,1,112.5,0.07,0.01,0.03,0.06,-3.000,0.143,4.31,1.90,1.690,0.23,0.0040,-3.0
5,1974,2,89.3,0.09,0.01,0.01,0.08,-3.000,0.088,4.38,1.63,1.354,0.20,0.0020,-3.0
5,1974,3,128.2,0.15,0.03,0.03,0.13,-3.000,0.140,4.37,1.92,1.810,0.24,0.0020,-3.0
5,1974,4,141.6,0.19,0.03,0.04,0.08,-3.000,0.224,4.13,2.68,1.779,0.29,0.0050,-3.0
5,1974,5,163.2,0.12,0.03,0.05,0.05,-3.000,0.270,4.09,3.43,1.488,0.25,0.0210,-3.0
5,1974,6,122.7,0.07,0.02,0.04,0.07,-3.000,0.120,4.17,2.51,1.094,0.29,0.0060,-3.0
5,1974,7,107.1,0.15,0.03,0.07,0.04,-3.000,0.314,4.04,4.38,1.544,0.19,0.0160,-3.0
5,1974,8,136.7,0.04,0.01,0.03,0.02,-3.000,0.157,4.05,4.07,1.184,0.13,0.0140,-3.0
5,1974,9,168.6,0.03,0.02,0.03,0.05,-3.000,0.130,4.16,2.86,1.120,0.41,0.0030,-3.0
5,1974,10,47.8,0.35,0.06,0.75,0.12,-3.000,0.595,3.87,6.75,2.978,0.71,0.0090,-3.0
5,1974,11,118.0,0.01,0.01,0.08,0.06,-3.000,0.115,4.33,1.57,1.267,0.26,0.0040,-3.0
5,1974,12,101.5,0.03,0.05,0.03,0.34,-3.000,0.103,4.31,1.95,1.682,0.61,0.0030,-3.0
5,1975,1,106.6,0.05,0.02,0.02,0.09,-3.000,0.076,4.41,1.41,1.594,0.25,0.0060,-3.0
5,1975,2,83.2,0.06,0.01,0.02,0.05,-3.000,0.102,4.33,1.59,1.837,0.21,0.0050,-3.0
5,1975,3,144.6,0.10,0.07,0.03,0.49,-3.000,0.165,4.26,2.58,1.985,0.88,0.0030,-3.0
5,1975,4,56.1,0.24,0.03,0.04,0.08,-3.000,0.513,4.13,4.05,2.511,0.33,0.0050,-3.0
5,1975,5,39.0,0.31,0.06,0.11,0.05,-3.000,0.514,3.77,5.23,3.785,0.63,0.0470,-3.0
5,1975,6,161.9,0.05,0.01,0.03,0.03,-3.000,0.137,4.14,2.67,1.382,0.19,0.0060,-3.0
5,1975,7,180.8,0.02,0.01,0.01,0.03,-3.000,0.118,4.17,2.57,1.353,0.14,0.0030,-3.0
5,1975,8,94.9,0.12,0.02,0.02,0.03,-3.000,0.172,3.96,4.19,1.735,0.22,0.0080,-3.0
5,1975,9,165.7,0.07,0.01,0.01,0.03,-3.000,0.096,4.23,2.38,0.930,0.15,0.0030,-3.0
5,1975,10,142.3,0.12,0.01,0.01,0.02,-3.000,0.012,4.81,0.78,0.180,0.10,0.0030,-3.0
5,1975,11,140.8,0.03,0.01,0.01,0.04,-3.000,0.087,4.30,1.37,1.383,0.20,0.0060,-3.0
5,1975,12,116.3,0.03,0.01,0.01,0.05,-3.000,0.061,4.50,1.15,0.929,0.23,0.0030,-3.0
5,1976,1,144.9,0.01,0.02,0.02,0.16,-3.000,0.109,4.17,2.10,2.197,0.39,0.0100,-3.0
5,1976,2,127.8,0.06,0.02,0.02,0.08,-3.000,0.137,4.34,1.81,1.596,0.17,0.0070,-3.0
5,1976,3,113.2,0.28,0.04,0.03,0.16,-3.000,0.271,4.13,2.91,3.121,0.38,0.0030,-3.0
5,1976,4,83.2,0.05,0.02,0.05,0.03,-3.000,0.195,4.30,3.00,0.871,0.13,0.0100,-3.0
5,1976,5,191.2,0.07,0.03,0.09,0.04,-3.000,0.261,4.21,3.19,1.342,0.17,0.0330,-3.0
5,1976,6,112.9,0.07,0.02,0.02,0.06,-3.000,0.130,4.19,3.04,1.306,0.22,0.0060,-3.0
5,1976,7,107.0,0.08,0.02,0.04,0.03,-3.000,0.172,4.12,3.47,1.356,0.30,0.0130,-3.0
5,1976,8,145.9,0.05,0.02,0.03,0.07,-3.000,0.167,4.15,2.91,1.242,0.19,0.0110,-3.0
5,1976,9,133.4,0.07,0.03,0.03,0.10,-3.000,0.210,4.08,3.70,1.983,0.23,0.0070,-3.0
5,1976,10,197.3,0.02,0.01,0.05,0.02,-3.000,0.095,4.40,1.70,1.128,0.13,0.0050,-3.0
5,1976,11,72.6,0.11,0.02,0.03,0.08,-3.000,0.269,4.10,2.57,2.722,0.59,0.0170,-3.0
5,1976,12,104.6,0.17,0.03,0.02,0.14,-3.000,0.135,4.24,1.30,2.559,0.55,0.0200,-3.0
5,1977,1,79.4,0.03,0.01,0.02,0.05,-3.000,0.114,4.32,1.15,2.236,0.62,0.0060,-3.0
5,1977,2,80.9,0.06,0.01,0.02,0.10,-3.000,0.373,4.13,2.01,2.908,0.74,0.0080,-3.0
5,1977,3,159.8,0.08,0.01,0.01,0.05,-3.000,0.100,4.49,1.20,0.886,0.43,0.0090,-3.0
5,1977,4,110.9,0.25,0.05,0.03,0.07,-3.000,0.212,4.24,2.33,2.768,0.23,0.0110,-3.0
5,1977,5,37.8,0.33,0.07,0.11,0.05,-3.000,0.252,4.07,4.49,2.591,0.38,0.0150,-3.0
5,1977,6,130.5,0.13,0.04,0.11,0.03,-3.000,0.196,4.00,4.39,2.022,0.25,0.0130,-3.0
5,1977,7,71.6,0.06,0.02,0.02,0.02,-3.000,0.199,3.90,4.75,2.602,0.25,0.0080,-3.0
5,1977,8,96.3,0.12,0.03,0.03,0.03,-3.000,0.327,3.71,7.48,3.941,0.18,0.0090,-3.0
5,1977,9,197.3,0.04,0.02,0.04,0.06,-3.000,0.093,4.25,2.09,1.196,0.11,0.0090,-3.0
5,1977,10,190.6,0.05,0.02,0.12,0.02,-3.000,0.068,4.40,1.45,0.948,0.27,0.0080,-3.0
5,1977,11,110.6,0.05,0.05,0.04,0.32,-3.000,0.099,4.25,1.87,1.427,0.53,0.0060,-3.0
5,1977,12,137.7,0.03,0.01,0.02,0.03,-3.000,0.055,4.50,1.01,1.031,0.13,0.0060,-3.0
5,1978,1,236.4,0.03,0.02,0.01,0.10,-3.000,0.022,4.65,0.85,0.590,0.29,0.0050,-3.0
5,1978,2,37.7,0.07,0.02,0.01,0.07,-3.000,0.031,4.43,0.83,0.903,0.41,0.0060,-3.0
5,1978,3,71.4,0.16,0.05,0.02,0.24,-3.000,0.107,4.09,2.88,2.599,0.61,0.0110,-3.0
5,1978,4,76.4,0.20,0.05,0.02,0.20,-3.000,0.480,3.89,4.44,3.441,0.66,0.0140,-3.0
5,1978,5,108.7,0.09,0.02,0.03,0.03,-3.000,0.243,4.11,3.15,1.676,0.17,0.0080,-3.0
5,1978,6,143.6,0.09,0.02,0.03,0.02,-3.000,0.233,4.06,3.88,1.675,0.13,0.0140,-3.0
5,1978,7,53.0,0.12,0.03,0.05,0.01,-3.000,0.242,3.94,4.83,1.935,0.19,0.0160,-3.0
5,1978,8,92.4,0.11,0.02,0.04,0.01,-3.000,0.228,3.99,4.34,1.588,0.16,0.0230,-3.0
5,1978,9,36.6,0.04,0.02,0.03,0.07,-3.000,0.552,3.95,4.67,2.041,0.32,0.0080,-3.0
5,1978,10,94.1,0.07,0.03,0.35,0.19,-3.000,0.163,4.10,2.43,2.113,0.40,0.0090,-3.0
5,1978,11,64.9,0.02,0.02,0.01,0.05,-3.000,0.070,4.36,1.41,1.094,0.23,0.0090,-3.0
5,1978,12,109.2,0.04,0.02,0.01,0.05,-3.000,0.066,4.37,1.08,1.945,0.26,0.0110,-3.0
5,1979,1,225.0,0.01,0.01,0.01,0.02,-3.000,0.028,4.50,0.60,1.128,0.13,0.0090,-3.0
5,1979,2,58.8,0.04,0.03,0.02,0.10,-3.000,0.105,4.13,2.66,1.443,0.20,0.0380,-3.0
5,1979,3,133.0,0.07,0.08,0.03,0.58,-3.000,0.211,4.05,3.02,2.117,1.14,0.0240,-3.0
5,1979,4,142.5,0.09,0.03,0.02,0.10,-3.000,0.205,4.18,2.69,1.626,0.39,0.0290,-3.0
5,1979,5,159.4,0.04,0.01,0.03,0.07,-3.000,0.230,4.18,2.69,1.966,0.15,0.0120,-3.0
5,1979,6,52.4,0.12,0.05,0.11,0.08,-3.000,0.100,4.13,3.13,1.842,0.18,0.0310,-3.0
5,1979,7,78.3,0.03,0.01,0.03,0.04,-3.000,0.120,4.04,2.69,1.442,0.18,0.0120,-3.0
5,1979,8,132.7,0.05,0.02,0.04,0.03,-3.000,0.184,4.11,3.11,1.508,0.14,0.0110,-3.0
5,1979,9,124.8,0.08,0.02,0.04,0.08,-3.000,0.061,4.36,1.43,0.812,0.27,0.0130,-3.0
5,1979,10,155.1,0.09,0.04,0.22,0.06,-3.000,0.127,4.35,1.95,1.312,0.25,0.0140,-3.0
5,1979,11,122.7,0.07,0.03,0.12,0.20,-3.000,0.269,4.09,2.75,2.768,0.43,0.0130,-3.0
5,1979,12,78.0,0.05,0.02,0.05,0.08,-3.000,0.142,4.30,1.93,1.546,0.19,0.0500,-3.0
5,1980,1,49.4,0.13,0.05,0.04,0.45,-3.000,0.114,4.34,1.29,2.032,0.80,0.0130,-3.0
5,1980,2,37.1,0.10,0.02,0.03,0.10,-3.000,0.070,4.25,1.27,2.603,0.31,0.0160,-3.0
5,1980,3,139.2,0.07,0.02,0.02,0.07,-3.000,0.161,4.34,1.49,1.594,0.19,0.0080,-3.0
5,1980,4,127.8,0.21,0.05,0.04,0.20,-3.000,0.320,4.19,3.00,1.928,0.31,0.0170,-3.0
5,1980,5,58.2,0.21,0.05,0.10,0.05,-3.000,0.404,4.20,3.08,1.817,0.18,0.0450,-3.0
5,1980,6,80.6,0.08,0.02,0.05,0.05,-3.000,0.213,4.12,2.82,1.486,0.16,0.0190,-3.0
5,1980,7,91.7,0.09,0.02,0.02,0.03,-3.000,0.204,4.10,3.46,1.643,0.17,0.0200,-3.0
5,1980,8,88.1,0.08,0.01,0.02,0.05,-3.000,0.298,4.01,4.37,1.993,0.18,0.0110,-3.0
5,1980,9,133.4,0.09,0.04,0.03,0.10,-3.000,0.290,4.04,3.85,2.110,0.18,0.0070,-3.0
5,1980,10,118.9,0.11,0.03,0.12,0.21,-3.000,0.137,4.29,1.85,1.493,0.40,0.0070,-3.0
5,1980,11,125.9,0.11,0.02,0.03,0.02,-3.000,0.177,4.41,1.15,1.812,0.10,0.0100,-3.0
5,1980,12,72.7,0.10,0.01,0.03,0.15,-3.000,0.190,4.26,1.32,2.642,0.31,0.0160,-3.0
5,1981,1,24.4,0.10,0.01,0.02,0.10,-3.000,0.081,4.04,1.03,4.879,0.53,0.0160,-3.0
5,1981,2,278.8,0.04,0.05,0.03,0.36,-3.000,0.083,4.61,0.97,0.621,0.61,0.0140,-3.0
5,1981,3,41.8,0.21,0.04,0.03,0.20,-3.000,0.242,4.16,2.01,3.496,0.31,0.0200,-3.0
5,1981,4,119.9,0.15,0.03,0.04,0.08,-3.000,0.349,4.15,3.13,1.852,0.15,0.0230,-3.0
5,1981,5,131.3,0.14,0.07,0.25,0.21,-3.000,0.284,4.25,3.12,1.391,0.35,0.2870,-3.0
5,1981,6,157.6,0.08,0.02,0.05,0.02,-3.000,0.333,4.08,3.88,1.681,0.11,0.0170,-3.0
5,1981,7,235.8,0.07,0.02,0.03,0.03,-3.000,0.143,4.31,2.28,1.152,0.10,0.0220,-3.0
5,1981,8,147.1,0.04,0.01,0.05,0.01,-3.000,0.261,4.15,3.50,0.997,0.07,0.0220,-3.0
5,1981,9,157.4,0.07,0.02,0.05,0.04,-3.000,0.335,4.18,3.07,1.499,0.11,0.0190,-3.0
5,1981,10,195.8,0.03,0.01,0.04,0.04,-3.000,0.103,4.43,1.39,1.045,0.10,0.0080,-3.0
5,1981,11,70.8,0.05,0.02,0.05,0.05,-3.000,0.177,4.34,1.82,1.550,0.13,0.0130,-3.0
5,1981,12,141.3,0.02,0.01,0.01,0.02,-3.000,0.042,4.64,0.63,0.970,0.06,0.0090,-3.0
5,1982,1,125.7,0.03,0.01,0.01,0.04,-3.000,0.056,4.59,0.72,1.068,0.11,0.0060,-3.0
5,1982,2,73.8,0.04,0.02,0.01,0.06,-3.000,0.068,4.42,1.20,1.743,0.13,0.0060,-3.0
5,1982,3,112.4,0.10,0.02,0.01,0.09,-3.000,0.157,4.27,2.11,1.801,0.13,0.0070,-3.0
5,1982,4,112.0,0.25,0.05,0.03,0.10,-3.000,0.322,4.20,2.52,3.116,0.20,0.0200,-3.0
5,1982,5,30.8,0.17,0.06,0.34,0.02,-3.000,0.278,4.29,2.69,1.290,0.13,0.7840,-3.0
5,1982,6,160.8,0.05,0.02,0.07,0.04,-3.000,0.175,4.40,1.84,1.138,0.09,0.0120,-3.0
5,1982,7,75.7,0.06,0.02,0.05,0.03,-3.000,0.176,3.93,2.71,1.357,0.12,0.0170,-3.0
5,1982,8,73.4,0.07,0.02,0.05,0.03,-3.000,0.270,4.16,3.01,1.872,0.11,0.0330,-3.0
5,1982,9,112.3,0.03,0.01,0.03,0.02,-3.000,0.229,4.15,3.20,1.268,0.08,0.0150,-3.0
5,1982,10,51.5,0.07,0.12,0.18,0.03,-3.000,0.242,4.13,2.73,1.780,0.11,0.0200,-3.0
5,1982,11,147.7,0.06,0.04,0.05,0.24,-3.000,0.144,4.32,2.08,1.764,0.31,0.0080,-3.0
5,1982,12,72.7,0.07,0.02,0.05,0.09,-3.000,0.170,4.31,1.93,1.599,0.22,0.0280,-3.0
5,1983,1,129.5,0.04,0.02,0.03,0.07,-3.000,0.070,4.73,0.76,0.604,0.13,0.0100,-3.0
5,1983,2,91.4,0.04,0.02,0.02,0.18,-3.000,0.221,4.19,2.86,1.443,0.27,0.0090,-3.0
5,1983,3,147.7,0.04,0.01,0.01,0.07,-3.000,0.067,4.72,0.83,0.528,0.16,0.0060,-3.0
5,1983,4,122.6,0.10,0.03,0.04,0.15,-3.000,0.283,4.26,2.40,1.634,0.21,0.0200,-3.0
5,1983,5,196.7,0.13,0.03,0.06,0.07,-3.000,0.376,4.21,3.15,1.957,0.16,0.0380,-3.0
5,1983,6,34.5,0.16,0.03,0.13,0.01,-3.000,0.242,4.24,2.93,1.553,0.09,0.0370,-3.0
5,1983,7,75.9,0.12,0.03,0.04,0.02,-3.000,0.234,4.23,2.64,1.170,0.12,0.0190,-3.0
5,1983,8,154.7,0.04,0.01,0.02,0.01,-3.000,0.181,4.21,2.57,1.233,0.07,0.0080,-3.0
5,1983,9,46.6,0.08,0.03,0.05,0.13,-3.000,0.147,4.46,1.86,0.798,0.24,0.0130,-3.0
5,1983,10,98.9,0.16,0.04,0.10,0.25,-3.000,0.049,4.54,1.02,0.621,0.35,0.0070,-3.0
5,1983,11,212.0,0.02,0.01,0.02,0.05,-3.000,0.074,4.45,1.16,0.980,0.09,0.0100,-3.0
5,1983,12,211.6,0.05,0.02,0.02,0.08,-3.000,0.031,4.68,0.63,0.650,0.16,0.0040,-3.0
5,1984,1,57.3,0.07,0.01,0.02,0.07,-3.000,0.129,4.25,1.52,2.296,0.18,0.0120,-3.0
5,1984,2,126.3,0.12,0.03,0.03,0.15,-3.000,0.146,4.29,1.79,1.713,0.26,0.0070,-3.0
5,1984,3,127.9,0.09,0.02,0.03,0.05,-3.000,0.025,4.61,0.70,0.725,0.11,0.0090,-3.0
5,1984,4,142.6,0.08,0.03,0.03,0.11,-3.000,0.123,4.38,1.49,0.962,0.21,0.0220,-3.0
5,1984,5,308.6,0.03,0.01,0.09,0.01,-3.000,0.044,4.86,0.49,0.376,0.06,0.0290,-3.0
5,1984,6,182.5,0.07,0.02,0.07,0.04,-3.000,0.260,4.28,2.62,1.249,0.11,0.0160,-3.0
5,1984,7,142.2,0.07,0.02,0.02,0.03,-3.000,0.284,4.06,3.91,1.982,0.12,0.0100,-3.0
5,1984,8,34.8,0.10,0.02,0.04,0.04,-3.000,0.336,3.82,6.34,3.481,0.16,0.0140,-3.0
5,1984,9,39.0,0.12,0.02,0.06,0.08,-3.000,0.255,4.24,2.81,1.583,0.13,0.0190,-3.0
5,1984,10,86.4,0.12,0.03,0.16,0.06,-3.000,0.193,4.31,2.23,1.808,0.11,0.0230,-3.0
5,1984,11,118.3,0.02,0.02,0.03,0.14,-3.000,0.065,4.52,1.02,0.842,0.24,0.0070,-3.0
5,1984,12,113.7,0.03,0.01,0.02,0.06,-3.000,0.061,4.63,0.72,0.835,0.10,0.0080,-3.0
5,1985,1,67.2,0.04,0.02,0.05,0.10,-3.000,0.128,4.15,1.06,4.137,0.25,0.0120,-3.0
5,1985,2,90.5,0.04,0.02,0.04,0.11,-3.000,0.101,4.29,1.75,1.688,0.24,0.0200,-3.0
5,1985,3,111.5,0.08,0.01,0.02,0.04,-3.000,0.157,4.52,1.27,1.178,0.11,0.0140,-3.0
5,1985,4,69.0,0.22,0.05,0.04,0.10,-3.000,0.405,4.25,2.99,2.310,0.24,0.0230,-3.0
5,1985,5,106.3,0.20,0.04,0.05,0.07,-3.000,0.406,4.13,3.82,2.307,0.17,0.0170,-3.0
5,1985,6,127.3,0.10,0.02,0.04,0.04,-3.000,0.262,4.24,2.97,1.524,0.13,0.0150,-3.0
5,1985,7,56.2,0.11,0.03,0.03,0.08,-3.000,0.052,4.31,2.03,0.968,0.15,0.0160,-3.0
5,1985,8,88.4,0.05,0.01,0.02,0.05,-3.000,0.198,4.09,3.57,1.866,0.11,0.0140,-3.0
5,1985,9,153.0,0.03,0.01,0.02,0.04,-3.000,0.026,4.79,0.62,0.381,0.11,0.0090,-3.0
5,1985,10,116.5,0.05,0.01,0.05,0.04,-3.000,0.182,4.17,2.70,1.709,0.12,0.0130,-3.0
5,1985,11,139.8,0.07,0.02,0.01,0.05,-3.000,0.076,4.52,0.88,1.402,0.11,0.0060,-3.0
5,1985,12,91.0,0.06,0.02,0.02,0.12,-3.000,0.185,4.31,1.16,2.604,0.24,0.0160,-3.0
5,1986,1,219.1,0.02,0.02,0.01,0.04,-3.000,0.041,4.76,0.52,0.509,0.10,0.0110,-3.0
5,1986,2,79.9,0.02,0.01,0.01,0.07,-3.000,0.044,4.44,1.13,1.127,0.15,0.0110,-3.0
5,1986,3,132.9,0.09,0.02,0.02,0.06,-3.000,0.209,4.27,2.15,1.847,0.13,0.0150,-3.0
5,1986,4,62.4,0.10,0.03,0.03,0.12,-3.000,0.235,4.15,3.16,2.067,0.24,0.0150,-3.0
5,1986,5,130.7,0.12,0.03,0.07,0.08,-3.000,0.302,4.44,1.87,1.372,0.16,0.0310,-3.0
5,1986,6,88.1,0.16,0.04,0.11,0.02,-3.000,0.246,4.24,2.92,1.475,0.11,0.0290,-3.0
5,1986,7,149.3,0.03,0.01,0.02,0.01,-3.000,0.112,4.29,2.05,1.230,0.06,0.0500,-3.0
5,1986,8,175.6,0.03,0.01,0.01,0.02,-3.000,0.350,4.05,4.10,1.858,0.10,0.0200,-3.0
5,1986,9,98.8,0.04,0.01,0.02,0.05,-3.000,0.185,4.09,3.12,1.835,0.14,0.0160,-3.0
5,1986,10,64.1,0.06,0.02,0.03,0.04,-3.000,0.191,4.23,2.65,1.628,0.08,0.0150,-3.0
5,1986,11,136.5,0.03,0.01,0.01,0.05,-3.000,0.078,4.46,1.04,1.100,0.13,0.0120,-3.0
5,1986,12,112.3,0.01,0.02,0.01,0.09,-3.000,0.070,4.67,0.66,0.630,0.17,0.0080,-3.0
5,1987,1,101.1,0.02,0.01,0.01,0.05,-3.000,0.138,4.41,0.96,1.665,0.12,0.0140,-3.0
5,1987,2,12.7,0.13,0.03,0.02,0.34,-3.000,0.196,4.12,1.13,4.766,0.62,0.0120,-3.0
5,1987,3,171.8,0.03,0.02,0.01,0.08,-3.000,0.037,4.70,0.68,0.499,0.21,0.0110,-3.0
5,1987,4,78.7,0.04,0.02,0.02,0.11,-3.000,0.072,4.69,0.70,0.590,0.27,0.0220,-3.0
5,1987,5,89.8,0.09,0.03,0.07,0.04,-3.000,0.314,4.34,2.57,0.997,0.08,0.0160,-3.0
5,1987,6,197.6,0.10,0.01,0.05,0.04,-3.000,0.222,4.42,1.72,0.935,0.13,0.0210,-3.0
5,1987,7,73.3,0.06,0.02,0.03,0.02,-3.000,0.325,4.14,3.42,1.596,0.10,0.0390,-3.0
5,1987,8,112.5,0.04,0.01,0.02,0.02,-3.000,0.219,4.21,2.68,1.296,0.06,0.0210,-3.0
5,1987,9,162.9,0.04,0.03,0.04,0.17,-3.000,0.060,4.46,1.28,0.810,0.32,0.0180,-3.0
5,1987,10,111.4,0.13,0.04,0.19,0.15,-3.000,0.220,4.19,2.26,2.202,0.31,0.0460,-3.0
5,1987,11,119.6,0.08,0.04,0.05,0.19,-3.000,0.263,4.23,2.05,1.959,0.36,0.0240,-3.0
5,1987,12,66.4,0.07,0.01,0.02,0.07,-3.000,0.199,4.24,1.47,2.485,0.15,0.0280,-3.0
5,1988,1,66.9,0.10,0.02,0.02,0.07,-3.000,0.091,4.51,0.87,1.368,0.29,0.0140,-3.0
5,1988,2,88.4,0.06,0.02,0.01,0.09,-3.000,0.080,4.59,0.76,0.975,0.17,0.0290,-3.0
5,1988,3,50.8,0.19,0.06,0.04,0.25,-3.000,0.407,4.06,2.80,4.138,0.43,0.1010,-3.0
5,1988,4,104.2,0.12,0.03,0.03,0.10,-3.000,0.327,4.16,2.86,2.365,0.22,0.0380,-3.0
5,1988,5,96.6,0.11,0.04,0.17,0.04,-3.000,0.261,4.21,2.44,1.749,0.20,0.0540,-3.0
5,1988,6,67.4,0.30,0.05,0.05,0.03,-3.000,0.402,4.22,2.75,2.179,0.15,0.0300,-3.0
5,1988,7,113.0,0.09,0.02,0.03,0.01,-3.000,0.234,4.10,3.21,1.502,0.11,0.0240,-3.0
5,1988,8,143.9,0.08,0.02,0.03,0.03,-3.000,0.095,4.29,1.84,0.905,0.09,0.0140,-3.0
5,1988,9,73.6,0.05,0.02,0.03,0.04,-3.000,0.237,4.22,2.48,1.615,0.11,0.0150,-3.0
5,1988,10,56.7,0.15,0.04,0.08,0.15,-3.000,0.662,3.99,3.99,3.887,0.29,0.0410,-3.0
5,1988,11,145.5,0.03,0.03,0.07,0.13,-3.000,0.079,4.46,1.18,2.542,0.25,0.0070,-3.0
5,1988,12,66.6,0.11,0.03,0.04,0.16,-3.000,0.163,4.43,1.40,1.427,0.26,0.0060,-3.0
5,1989,1,71.2,0.11,0.04,0.03,0.29,-3.000,0.297,4.23,1.87,3.050,0.55,0.0060,-3.0
5,1989,2,69.2,0.04,0.01,0.01,0.07,-3.000,0.167,4.37,1.41,2.052,0.14,0.0060,-3.0
5,1989,3,88.7,0.18,0.04,0.03,0.14,-3.000,0.220,4.24,2.60,2.033,0.20,0.0070,-3.0
5,1989,4,100.3,0.06,0.01,0.01,0.05,-3.000,0.250,4.24,1.95,1.712,0.11,0.0060,-3.0
5,1989,5,204.3,0.06,0.02,0.05,0.06,-3.000,0.127,4.41,1.66,0.898,0.13,0.0130,-3.0
5,1989,6,157.0,0.06,0.01,0.05,0.02,-3.000,0.296,4.27,2.40,1.489,0.09,0.0310,-3.0
5,1989,7,74.1,0.19,0.03,0.04,0.02,-3.000,0.651,4.18,3.75,1.942,0.12,0.0110,-3.0
5,1989,8,139.5,0.02,0.01,0.03,0.04,-3.000,0.297,4.24,2.70,1.352,0.09,0.0070,-3.0
5,1989,9,131.7,0.08,0.06,0.05,0.19,-3.000,0.151,4.22,2.38,1.606,0.35,0.0260,-3.0
5,1989,10,192.7,0.09,0.04,0.16,0.08,-3.000,0.072,4.50,1.02,0.917,0.17,0.0160,-3.0
5,1989,11,164.8,0.10,0.03,0.05,0.16,-3.000,0.149,4.41,1.39,1.688,0.31,0.0140,-3.0
5,1989,12,70.5,0.09,0.01,0.04,0.09,-3.000,0.122,4.30,1.20,2.446,0.19,0.0160,-3.0
5,1990,1,154.4,0.05,0.01,0.03,0.06,-3.000,0.210,4.28,1.62,1.826,0.16,0.0110,-3.0
5,1990,2,94.5,0.06,0.01,0.02,0.07,-3.000,0.124,4.34,1.06,1.617,0.21,0.0100,-3.0
5,1990,3,81.9,0.10,0.03,0.02,0.10,-3.000,0.229,4.31,2.02,1.324,0.21,0.0130,-3.0
5,1990,4,103.2,0.19,0.04,0.07,0.12,-3.000,0.449,4.03,3.76,2.591,0.21,0.0660,-3.0
5,1990,5,162.9,0.12,0.03,0.05,0.07,-3.000,0.183,4.42,1.65,1.093,0.19,0.0410,-3.0
5,1990,6,204.6,0.11,0.03,0.08,0.02,-3.000,0.383,4.24,2.75,1.761,0.12,0.0520,-3.0
5,1990,7,77.8,0.28,0.05,0.06,0.06,-3.000,0.478,4.21,3.58,1.925,0.15,0.0330,-3.0
5,1990,8,324.9,0.01,0.01,0.04,0.03,-3.000,0.081,4.40,1.39,0.791,0.09,0.0090,-3.0
5,1990,9,116.5,0.06,0.02,0.03,0.09,-3.000,0.389,4.06,3.91,2.710,0.21,0.0080,-3.0
5,1990,10,197.1,0.05,0.03,0.06,0.16,-3.000,0.171,4.44,1.77,1.187,0.28,0.0130,-3.0
5,1990,11,107.1,0.05,0.01,0.02,0.07,-3.000,0.125,4.41,1.56,1.158,0.08,0.0080,-3.0
5,1990,12,170.9,0.04,0.01,0.02,0.08,-3.000,0.073,4.50,1.16,0.978,0.07,0.0070,-3.0
5,1991,1,91.0,0.07,0.02,0.01,0.13,-3.000,0.153,4.37,1.33,1.832,0.21,0.0160,-3.0
5,1991,2,51.8,0.08,0.02,0.01,0.08,-3.000,0.208,4.22,1.96,2.374,0.14,0.0130,-3.0
5,1991,3,119.0,0.10,0.03,0.02,0.09,-3.000,0.176,4.35,1.67,1.535,0.10,0.0170,-3.0
5,1991,4,98.3,0.15,0.04,0.10,0.07,-3.000,0.362,4.12,3.19,2.146,0.17,0.0290,-3.0
5,1991,5,91.8,0.13,0.06,0.16,0.05,-3.000,0.615,4.27,2.90,1.864,0.17,0.1100,-3.0
5,1991,6,50.5,0.22,0.05,0.07,0.03,-3.000,0.430,4.33,2.92,1.868,0.09,0.0060,-3.0
5,1991,7,110.9,0.11,0.01,0.04,0.03,-3.000,0.350,4.23,2.79,1.769,0.09,0.0140,-3.0
5,1991,8,284.2,0.05,0.01,0.01,0.01,-3.000,0.113,4.46,1.48,0.797,0.02,0.0080,-3.0
5,1991,9,116.6,0.05,0.01,0.03,0.04,-3.000,0.186,4.30,1.94,1.133,0.07,0.0170,-3.0
5,1991,10,161.6,0.09,0.03,0.07,0.12,-3.000,0.270,4.18,2.67,1.624,0.20,0.0130,-3.0
5,1991,11,89.8,0.07,0.01,0.03,0.04,-3.000,0.085,4.53,0.93,0.974,0.07,0.0050,-3.0
5,1991,12,116.8,0.04,0.01,0.06,0.05,-3.000,0.150,4.33,1.07,2.179,0.10,0.0040,-3.0
5,1992,1,92.9,0.04,0.02,0.05,0.11,-3.000,0.064,4.50,1.02,1.019,0.20,0.0060,-3.0
5,1992,2,104.1,0.03,0.02,0.01,0.12,-3.000,0.225,4.29,1.39,2.555,0.24,0.0100,-3.0
5,1992,3,125.1,0.07,0.06,0.02,0.33,-3.000,0.183,4.21,2.31,1.648,0.52,0.0080,-3.0
5,1992,4,92.5,0.14,0.04,0.03,0.09,-3.000,0.387,4.11,2.95,2.068,0.28,0.0160,-3.0
5,1992,5,62.3,0.17,0.07,0.18,0.21,-3.000,0.297,4.40,2.15,1.810,0.38,0.0560,-3.0
5,1992,6,75.5,0.06,0.03,0.08,0.10,-3.000,0.138,4.25,2.35,1.543,0.18,0.0120,-3.0
5,1992,7,164.2,0.07,0.02,0.03,0.03,-3.000,0.228,4.25,2.41,1.552,0.08,0.0090,-3.0
5,1992,8,153.6,0.05,0.02,0.03,0.07,-3.000,0.284,4.09,3.48,1.823,0.15,0.0080,-3.0
5,1992,9,137.2,0.02,0.01,0.03,0.06,-3.000,0.116,4.46,1.38,0.977,0.12,0.0080,-3.0
5,1992,10,75.2,0.13,0.05,0.22,0.20,-3.000,0.334,4.14,2.68,2.920,0.39,0.0150,-3.0
5,1992,11,166.3,0.02,0.01,0.01,0.05,-3.000,0.108,4.43,1.19,0.998,0.10,0.0020,-3.0
5,1992,12,61.0,0.10,0.02,0.05,0.14,-3.000,0.291,4.26,1.86,2.351,0.24,0.0020,-3.0
5,1993,1,104.3,0.03,0.01,0.01,0.08,-3.000,0.114,4.45,0.87,1.428,0.12,0.0010,-3.0
5,1993,2,90.2,0.06,0.01,0.02,0.08,-3.000,0.133,4.57,0.68,1.495,0.21,0.0030,-3.0
5,1993,3,148.2,0.06,0.03,0.02,0.20,-3.000,0.128,4.32,1.10,1.844,0.35,0.0040,-3.0
5,1993,4,130.8,0.08,0.04,0.03,0.27,-3.000,0.129,4.43,1.37,0.949,0.43,0.0050,-3.0
5,1993,5,68.1,0.26,0.05,0.15,0.06,-3.000,1.023,3.94,5.65,3.335,0.21,0.0320,-3.0
5,1993,6,92.6,0.07,0.02,0.11,0.05,-3.000,0.238,4.16,2.75,1.906,0.15,0.0140,-3.0
5,1993,7,120.1,0.10,0.02,0.03,0.04,-3.000,0.234,4.19,2.53,1.704,0.11,0.0050,-3.0
5,1993,8,124.0,0.05,0.01,0.03,0.06,-3.000,0.337,4.06,4.00,1.784,0.10,0.0010,-3.0
5,1993,9,132.2,0.04,0.01,0.02,0.04,-3.000,0.171,4.16,2.77,1.367,0.09,0.0020,-3.0
5,1993,10,102.8,0.09,0.02,0.08,0.07,-3.000,0.214,4.34,1.82,1.653,0.13,0.0060,-3.0
5,1993,11,149.9,0.08,0.08,0.05,0.64,-3.000,0.147,4.42,1.56,1.749,1.18,0.0030,-3.0
5,1993,12,101.8,0.04,0.02,0.02,0.11,-3.000,0.200,4.32,1.36,2.283,0.19,0.0040,-3.0
5,1994,1,146.7,0.02,0.01,0.01,0.04,-3.000,0.040,4.62,0.36,1.164,0.13,0.0030,-3.0
5,1994,2,48.7,0.23,0.03,0.03,0.23,-3.000,0.079,4.35,0.96,2.264,0.39,0.0060,-3.0
5,1994,3,151.8,0.05,0.01,0.01,0.05,-3.000,0.139,4.51,1.08,1.258,0.10,0.0060,-3.0
5,1994,4,115.6,0.19,0.03,0.06,0.09,-3.000,0.581,4.07,3.65,2.942,0.18,0.0430,-3.0
5,1994,5,99.3,0.21,0.05,0.11,0.04,-3.000,0.651,4.14,3.41,3.023,0.15,0.0580,-3.0
5,1994,6,109.5,0.14,0.04,0.18,0.10,-3.000,0.431,4.17,3.33,2.236,0.23,0.0220,-3.0
5,1994,7,129.5,0.03,0.01,0.02,0.03,-3.000,0.239,4.14,3.21,1.593,0.08,0.0050,-3.0
5,1994,8,98.4,0.04,0.01,0.02,0.01,-3.000,0.169,4.38,1.91,0.913,0.06,0.0060,-3.0
5,1994,9,138.7,0.04,0.01,0.02,0.02,-3.000,0.188,4.42,1.65,0.996,0.10,0.0030,-3.0
5,1994,10,30.4,0.09,0.02,0.08,0.08,-3.000,0.461,3.82,3.72,5.635,0.22,0.0050,-3.0
5,1994,11,90.9,0.06,0.02,0.05,0.09,-3.000,0.119,4.44,1.25,1.153,0.16,0.0050,-3.0
5,1994,12,86.7,0.04,0.02,0.03,0.10,-3.000,0.081,4.43,1.15,1.317,0.17,0.0010,-3.0
5,1995,1,123.5,0.03,0.03,0.02,0.20,-3.000,0.079,4.38,0.99,1.641,0.37,0.0020,-3.0
5,1995,2,91.5,0.09,0.02,0.03,0.13,-3.000,0.178,4.32,1.16,2.316,0.21,0.0020,-3.0
5,1995,3,83.5,0.12,0.03,0.03,0.16,-3.000,0.372,4.11,2.33,3.206,0.25,0.0050,-3.0
5,1995,4,65.0,0.35,0.04,0.05,0.10,-3.000,0.678,4.03,3.97,4.003,0.21,0.0140,-3.0
5,1995,5,98.2,0.11,0.02,0.11,0.04,-3.000,0.205,4.51,1.24,1.008,0.09,0.1430,-3.0
5,1995,6,46.0,0.07,0.02,0.09,0.03,-3.000,0.323,4.35,1.74,1.407,0.14,0.0360,-3.0
5,1995,7,170.1,0.05,0.01,0.03,0.02,-3.000,0.358,4.17,2.88,1.895,0.12,0.0050,-3.0
5,1995,8,150.7,0.04,0.01,0.02,0.03,-3.000,0.139,4.42,1.30,0.769,0.07,0.0050,-3.0
5,1995,9,93.4,0.08,0.02,0.03,0.11,-3.000,0.357,4.07,3.16,2.098,0.22,0.0050,-3.0
5,1995,10,259.4,0.03,0.02,0.02,0.10,-3.000,0.083,4.59,0.76,0.544,0.25,0.0040,-3.0
5,1995,11,176.6,0.05,0.04,0.03,0.32,-3.000,0.104,4.45,1.01,1.133,0.62,0.0020,-3.0
5,1995,12,110.2,0.09,0.02,0.04,0.07,-3.000,0.185,4.42,0.98,1.886,0.13,0.0030,-3.0
5,1996,1,223.3,0.03,0.05,0.03,0.37,-3.000,0.067,4.52,0.95,0.930,0.64,0.0020,-3.0
5,1996,2,117.6,0.11,0.05,0.11,0.35,-3.000,0.197,4.29,1.54,2.028,0.59,0.0030,-3.0
5,1996,3,57.7,0.24,0.07,0.06,0.40,-3.000,0.167,4.30,1.52,2.840,0.66,0.0070,-3.0
5,1996,4,256.9,0.14,0.04,0.04,0.15,-3.000,0.272,4.25,2.12,2.141,0.31,0.0090,-3.0
5,1996,5,121.1,0.07,0.02,0.04,0.04,-3.000,0.171,4.51,1.12,1.226,0.10,0.0090,-3.0
5,1996,6,173.8,0.04,0.02,0.04,0.05,-3.000,0.332,4.40,2.18,1.474,0.11,0.0070,-3.0
5,1996,7,241.6,0.04,0.01,0.06,0.02,-3.000,0.187,4.45,1.97,1.069,0.06,0.0050,-3.0
5,1996,8,22.1,0.08,0.01,0.06,0.05,-3.000,0.252,4.12,3.56,2.370,0.16,0.0120,-3.0
5,1996,9,82.7,0.05,0.04,0.03,0.28,-3.000,0.137,4.25,2.07,1.630,0.49,0.0070,-3.0
5,1996,10,160.8,0.05,0.02,0.07,0.04,-3.000,0.096,4.54,0.88,0.791,0.09,0.0070,-3.0
5,1996,11,135.4,0.07,0.08,0.04,0.61,-3.000,0.149,4.42,1.57,1.066,1.10,0.0010,-3.0
5,1996,12,220.2,0.03,0.01,0.01,0.07,-3.000,0.103,4.38,0.99,1.308,0.15,0.0010,-3.0
5,1997,1,141.5,0.04,0.01,0.01,0.06,-3.000,0.094,4.42,0.92,1.433,0.13,0.0010,-3.0
5,1997,2,90.1,0.09,0.02,0.02,0.13,-3.000,0.175,4.28,1.44,1.738,0.22,0.0020,-3.0
5,1997,3,156.8,0.09,0.02,0.02,0.08,-3.000,0.209,4.29,1.56,1.913,0.15,0.0020,-3.0
5,1997,4,69.0,0.16,0.06,0.02,0.04,-3.000,0.245,4.42,1.57,1.427,0.08,0.0050,-3.0
5,1997,5,113.3,0.25,0.05,0.08,0.11,-3.000,0.504,4.09,3.34,2.834,0.22,0.0090,-3.0
5,1997,6,78.9,0.20,0.05,0.20,0.08,-3.000,0.625,4.08,3.92,3.132,0.20,0.0780,-3.0
5,1997,7,171.9,0.06,0.01,0.07,0.04,-3.000,0.248,4.42,1.82,1.151,0.09,0.0030,-3.0
5,1997,8,116.7,0.06,0.02,0.09,0.05,-3.000,0.297,4.28,2.32,1.729,0.12,0.0060,-3.0
5,1997,9,72.9,0.09,0.02,0.08,0.06,-3.000,0.292,4.33,2.18,1.506,0.16,0.0300,-3.0
5,1997,10,45.2,0.19,0.04,0.22,0.14,-3.000,0.540,4.17,2.85,3.724,0.32,0.0170,-3.0
5,1997,11,176.6,0.05,0.02,0.03,0.08,-3.000,0.119,4.59,0.80,1.102,0.19,0.0040,-3.0
5,1997,12,79.9,0.04,0.01,0.02,0.08,-3.000,0.151,4.43,1.12,1.733,0.16,0.0020,-3.0
5,1998,1,176.2,0.03,0.01,0.01,0.06,-3.000,0.061,4.66,0.71,0.983,0.13,0.0010,-3.0
5,1998,2,72.8,0.06,0.01,0.01,0.04,-3.000,0.033,4.66,0.68,0.867,0.06,0.0040,-3.0
5,1998,3,118.1,0.05,0.01,0.02,0.07,-3.000,0.086,4.48,0.76,1.464,0.13,0.0010,-3.0
5,1998,4,66.6,0.22,0.03,0.07,0.11,-3.000,0.389,4.35,2.05,2.131,0.21,0.0110,-3.0
5,1998,5,94.3,0.14,0.05,0.13,0.11,-3.000,0.404,4.44,2.03,1.449,0.25,0.0270,-3.0
5,1998,6,320.0,0.04,0.01,0.02,0.03,-3.000,0.128,4.55,1.09,0.798,0.06,0.0070,-3.0
5,1998,7,109.8,0.07,0.01,0.02,0.01,-3.000,0.125,4.43,1.44,0.822,0.05,0.0040,-3.0
5,1998,8,102.1,0.15,0.02,0.09,0.04,-3.000,0.347,4.03,3.53,2.625,0.11,0.0060,-3.0
5,1998,9,87.5,0.18,0.03,0.11,0.03,-3.000,0.485,4.10,3.73,2.075,0.08,0.0120,-3.0
5,1998,10,122.0,0.05,0.01,0.03,0.05,-3.000,0.179,4.28,1.73,1.668,0.11,0.0040,-3.0
5,1998,11,128.2,0.07,0.02,0.04,0.08,-3.000,0.270,4.30,1.58,2.044,0.19,0.0050,-3.0
5,1998,12,61.5,0.19,0.05,0.16,0.09,-3.000,0.518,4.10,2.55,3.793,0.24,0.0380,-3.0
5,1999,1,193.6,0.07,0.01,0.01,0.05,-3.000,0.036,4.52,0.61,1.287,0.10,0.0020,-3.0
5,1999,2,55.9,0.17,0.04,0.06,0.16,-3.000,0.265,4.27,2.02,2.184,0.28,0.0070,-3.0
5,1999,3,140.0,0.12,0.06,0.03,0.37,-3.000,0.085,4.65,1.06,0.848,0.67,0.0040,-3.0
5,1999,4,23.2,0.98,0.13,0.19,0.16,-3.000,1.496,3.94,6.23,6.831,0.26,0.0930,-3.0
5,1999,5,140.3,0.07,0.01,0.05,0.06,-3.000,0.080,4.69,0.85,0.645,0.12,0.0090,-3.0
5,1999,6,79.9,0.18,0.04,0.20,0.09,-3.000,0.354,4.31,2.35,1.850,0.18,0.0390,-3.0
5,1999,7,116.7,0.09,0.02,0.05,0.04,-3.000,0.226,4.35,1.73,1.185,0.07,0.0140,-3.0
5,1999,8,110.0,0.08,0.02,0.04,0.05,-3.000,0.452,4.10,3.34,2.034,0.13,0.0110,-3.0
5,1999,9,353.4,0.05,0.01,0.03,0.04,-3.000,0.074,4.77,0.69,0.448,0.07,0.0030,-3.0
5,1999,10,82.5,0.06,0.05,0.18,0.14,-3.000,0.090,4.50,1.18,1.140,0.24,0.0080,-3.0
5,1999,11,112.1,0.20,0.08,0.10,0.38,-3.000,0.439,4.28,2.18,2.226,0.66,0.0070,-3.0
5,1999,12,59.5,0.14,0.04,0.02,0.21,-3.000,0.257,4.17,1.94,2.360,0.40,0.0040,-3.0
5,2000,1,112.1,0.12,0.02,0.01,0.14,-3.000,0.258,4.28,1.53,2.004,0.27,0.0030,-3.0
5,2000,2,113.9,0.11,0.02,0.01,0.08,-3.000,0.254,4.30,1.35,1.641,0.18,0.0050,-3.0
5,2000,3,114.4,0.12,0.02,0.02,0.08,-3.000,0.255,4.32,1.68,1.450,0.26,0.0070,-3.0
5,2000,4,235.6,0.12,0.03,0.04,0.14,-3.000,0.219,4.49,1.31,1.018,0.25,0.0280,-3.0
5,2000,5,151.7,0.04,0.01,0.09,0.03,-3.000,0.094,4.31,1.50,1.326,0.09,0.0090,-3.0
5,2000,6,91.5,0.12,0.04,0.07,0.14,-3.000,0.406,4.21,2.59,1.791,0.26,0.0080,-3.0
5,2000,7,101.0,0.03,0.01,0.04,0.05,-3.000,0.097,4.55,0.87,0.900,0.11,0.0060,-3.0
5,2000,8,111.2,0.05,0.01,0.08,0.04,-3.000,0.345,4.31,2.28,1.565,0.09,0.0050,-3.0
5,2000,9,101.6,0.03,0.01,0.02,0.04,-3.000,0.181,4.39,1.78,1.165,0.07,0.0050,-3.0
5,2000,10,78.3,0.05,0.02,0.10,0.02,-3.000,0.136,4.48,1.29,0.952,0.09,0.0050,-3.0
5,2000,11,108.1,0.06,0.01,0.02,0.04,-3.000,0.143,4.41,1.14,1.698,0.16,0.0020,-3.0
5,2000,12,155.9,0.02,0.01,0.03,0.08,-3.000,0.055,4.72,0.61,0.853,0.17,0.0030,-3.0
5,2001,1,54.9,0.01,0.01,0.02,0.07,-3.000,0.183,4.29,1.28,2.566,0.19,0.0030,-3.0
5,2001,2,111.2,0.06,0.01,0.02,0.06,-3.000,0.187,4.43,1.18,1.979,0.13,0.0040,-3.0
5,2001,3,116.2,0.07,0.01,0.02,0.09,-3.000,0.081,4.58,0.65,1.467,0.15,0.0040,-3.0
5,2001,4,46.7,0.40,0.06,0.05,0.14,-3.000,0.470,4.20,3.43,2.806,0.20,0.0090,-3.0
5,2001,5,64.6,0.11,0.03,0.10,0.06,-3.000,0.371,4.34,2.05,1.643,0.12,0.0140,-3.0
5,2001,6,119.0,0.04,0.01,0.06,0.03,-3.000,0.138,4.55,1.11,0.869,0.07,0.0120,-3.0
5,2001,7,84.2,0.08,0.02,0.02,0.01,-3.000,0.180,4.46,1.54,1.032,0.05,0.0090,-3.0
5,2001,8,41.2,0.14,0.03,0.05,0.05,-3.000,0.249,4.24,2.61,1.773,0.10,0.0060,-3.0
5,2001,9,154.8,0.02,0.02,0.02,0.11,-3.000,0.128,4.58,0.99,0.725,0.19,0.0020,-3.0
5,2001,10,70.7,0.15,0.03,0.12,0.14,-3.000,0.372,4.26,2.34,2.214,0.23,0.0150,-3.0
5,2001,11,81.4,0.15,0.04,0.04,0.24,-3.000,0.339,4.22,2.17,2.822,0.43,0.0040,-3.0
5,2001,12,80.2,0.04,0.01,0.01,0.06,-3.000,0.177,4.36,1.26,1.827,0.12,0.0010,-3.0
5,2002,1,99.7,0.11,0.01,0.02,0.09,-3.000,0.244,4.43,1.03,2.160,0.16,0.0020,-3.0
5,2002,2,84.7,0.07,0.02,0.02,0.15,-3.000,0.177,4.45,1.27,1.460,0.23,0.0030,-3.0
5,2002,3,141.6,0.12,0.03,0.02,0.22,-3.000,0.234,4.49,1.39,1.558,0.37,0.0040,-3.0
5,2002,4,161.7,0.15,0.03,0.05,0.08,-3.000,0.289,4.40,1.78,1.796,0.14,0.0230,-3.0
5,2002,5,131.7,0.10,0.03,0.13,0.04,-3.000,0.296,4.59,1.37,1.120,0.07,0.0350,-3.0
5,2002,6,132.9,0.09,0.01,0.05,0.03,-3.000,0.499,4.29,2.67,1.741,0.08,0.0150,-3.0
5,2002,7,50.5,0.50,0.07,0.11,0.07,-3.000,0.496,4.46,2.54,2.129,0.13,0.0160,-3.0
5,2002,8,85.6,0.08,0.02,0.02,0.08,-3.000,0.119,4.69,0.77,0.734,0.16,0.0060,-3.0
5,2002,9,128.8,0.02,0.01,0.02,0.02,-3.000,0.106,4.75,0.75,0.426,0.04,0.0030,-3.0
5,2002,10,105.9,0.08,0.03,0.09,0.16,-3.000,0.246,4.33,1.76,1.708,0.31,0.0040,-3.0
5,2002,11,142.8,0.05,0.01,0.09,0.05,-3.000,0.197,4.55,0.87,1.363,0.11,0.0070,-3.0
5,2002,12,102.5,0.04,0.01,0.04,0.04,-3.000,0.107,4.70,0.60,0.889,0.08,0.0030,-3.0
5,2003,1,44.6,0.03,0.01,0.05,0.12,-3.000,0.108,4.39,0.83,1.860,0.22,0.0030,-3.0
5,2003,2,61.5,0.08,0.02,0.06,0.16,-3.000,0.126,4.60,0.85,1.303,0.22,0.0050,-3.0
5,2003,3,97.5,0.09,0.03,0.03,0.22,-3.000,0.235,4.34,1.69,1.768,0.38,0.0040,-3.0
5,2003,4,69.8,0.13,0.02,0.02,0.05,-3.000,0.209,4.40,1.51,1.485,0.10,0.0050,-3.0
5,2003,5,141.3,0.11,0.03,0.07,0.03,-3.000,0.243,4.47,1.64,1.140,0.07,0.0160,-3.0
5,2003,6,60.9,0.09,0.02,0.13,0.02,-3.000,0.248,4.36,2.14,1.138,0.06,0.0710,-3.0
5,2003,7,125.6,0.05,0.01,0.03,0.02,-3.000,0.256,4.37,1.97,1.242,0.06,0.0030,-3.0
5,2003,8,243.0,0.04,0.01,0.02,0.02,-3.000,0.118,4.61,1.10,0.673,0.06,0.0050,-3.0
5,2003,9,204.5,0.03,0.02,0.05,0.15,-3.000,0.145,4.58,1.23,0.653,0.25,0.0250,-3.0
5,2003,10,196.4,0.09,0.02,0.02,0.09,-3.000,0.207,4.58,1.01,1.251,0.17,0.0040,-3.0
5,2003,11,176.5,0.05,0.05,0.03,0.36,-3.000,0.132,4.45,1.29,1.048,0.68,0.0020,-3.0
5,2003,12,235.3,0.03,0.02,0.01,0.15,-3.000,0.040,4.72,0.65,0.713,0.28,0.0020,-3.0
5,2004,1,40.0,0.06,0.01,0.01,0.10,-3.000,0.197,4.30,1.43,2.301,0.18,0.0030,-3.0
5,2004,2,39.8,0.30,0.04,0.02,0.14,-3.000,0.157,4.52,1.37,1.953,0.23,0.0050,-3.0
5,2004,3,79.3,0.18,0.04,0.04,0.16,-3.000,0.787,4.02,3.66,4.627,0.24,0.0070,-3.0
5,2004,4,112.7,0.11,0.02,0.02,0.04,-3.000,0.195,4.71,0.97,0.768,0.09,0.0040,-3.0
5,2004,5,158.7,0.08,0.02,0.09,0.03,-3.000,0.217,4.52,1.39,1.128,0.05,0.0170,-3.0
5,2004,6,73.7,0.11,0.02,0.10,0.04,-3.000,0.227,4.30,2.25,1.344,0.11,0.0130,-3.0
5,2004,7,146.4,0.04,0.01,0.06,0.02,-3.000,0.173,4.35,1.76,1.090,0.07,0.0140,-3.0
5,2004,8,197.5,0.05,0.01,0.03,0.04,-3.000,0.124,4.54,1.73,0.786,0.09,0.0050,-3.0
5,2004,9,92.5,0.03,0.02,0.02,0.13,-3.000,0.048,4.68,0.62,0.511,0.21,0.0050,-3.0
5,2004,10,61.0,0.05,0.01,0.07,0.02,-3.000,0.066,4.56,0.79,0.668,0.06,0.0050,-3.0
5,2004,11,151.3,0.04,0.03,0.05,0.06,-3.000,0.089,4.63,0.91,0.842,0.12,0.0020,-3.0
5,2004,12,158.7,0.03,0.02,0.02,0.15,-3.000,0.093,4.55,0.88,1.160,0.29,0.0070,-3.0
5,2005,1,78.5,0.05,0.02,0.02,0.18,-3.000,0.140,4.43,1.11,1.683,0.28,0.0010,-3.0
5,2005,2,94.4,0.03,0.01,0.01,0.07,-3.000,0.058,4.56,0.91,1.040,0.11,0.0010,-3.0
5,2005,3,89.9,0.10,0.02,0.01,0.09,-3.000,0.152,4.64,0.91,1.260,0.17,0.0010,-3.0
5,2005,4,182.3,0.09,0.04,0.03,0.23,-3.000,0.227,4.51,1.59,1.010,0.42,0.0010,-3.0
5,2005,5,92.7,0.10,0.02,0.07,0.05,-3.000,0.236,4.56,1.30,1.082,0.08,0.0010,-3.0
5,2005,6,189.3,0.05,0.01,0.04,0.01,-3.000,0.255,4.50,1.78,1.013,0.04,0.0010,-3.0
5,2005,7,77.5,0.06,0.01,0.04,0.02,-3.000,0.216,4.45,1.98,0.872,0.06,0.0010,-3.0
5,2005,8,223.8,0.05,0.02,0.02,0.07,-3.000,0.163,4.52,1.61,0.772,0.14,0.0010,-3.0
5,2005,9,78.6,0.06,0.02,0.07,0.12,-3.000,0.152,4.51,1.61,0.953,0.22,0.0010,-3.0
5,2005,10,320.8,0.01,0.01,0.01,0.03,-3.000,0.005,5.25,0.14,0.077,0.06,0.0010,-3.0
5,2005,11,178.4,0.05,0.02,0.03,0.13,-3.000,0.115,4.48,1.25,1.063,0.26,0.0010,-3.0
5,2005,12,102.6,0.03,0.01,0.01,0.12,-3.000,0.099,4.62,0.77,1.045,0.23,0.0010,-3.0
5,2006,1,157.3,0.07,0.03,0.02,0.22,-3.000,0.089,4.56,0.98,1.147,0.40,0.0010,-3.0
5,2006,2,69.0,0.17,0.02,0.01,0.16,-3.000,0.112,4.49,1.01,1.905,0.26,0.0010,-3.0
5,2006,3,51.2,0.23,0.04,0.05,0.25,-3.000,0.650,4.09,3.63,3.353,0.46,0.0750,-3.0
5,2006,4,71.9,0.27,0.06,0.05,0.13,-3.000,0.341,4.42,2.26,1.549,0.24,0.0390,-3.0
5,2006,5,248.1,0.05,0.02,0.14,0.06,-3.000,0.023,5.00,0.53,0.101,0.12,0.0090,-3.0
5,2006,6,201.5,0.06,0.02,0.07,0.07,-3.000,0.091,4.74,0.93,0.601,0.11,0.0010,-3.0
5,2006,7,123.9,0.03,0.01,0.02,0.01,-3.000,0.078,4.73,1.75,0.316,0.02,0.0010,-3.0
5,2006,8,75.8,0.08,0.01,0.03,0.02,-3.000,0.121,4.39,1.87,0.759,0.06,0.0010,-3.0
5,2006,9,70.3,0.07,0.03,0.22,0.14,-3.000,0.143,4.52,1.48,0.969,0.27,0.0010,-3.0
5,2006,10,259.1,0.01,0.01,0.05,0.03,-3.000,0.080,4.70,0.70,0.695,0.06,0.0010,-3.0
5,2006,11,139.5,0.03,0.02,0.03,0.11,-3.000,0.027,4.84,0.65,0.391,0.20,0.0010,-3.0
5,2006,12,128.1,0.05,0.02,0.03,0.09,-3.000,0.136,4.47,1.09,1.457,0.17,0.0010,-3.0
5,2007,1,96.5,0.03,0.01,0.05,0.05,-3.000,0.069,4.68,0.70,0.970,0.08,0.0010,-3.0
5,2007,2,73.8,0.03,0.01,0.01,0.09,-3.000,0.027,4.81,0.30,0.759,0.17,0.0010,-3.0
5,2007,3,90.9,0.14,0.03,0.04,0.13,-3.000,0.280,4.52,1.64,1.425,0.18,0.0010,-3.0
5,2007,4,180.5,0.06,0.01,0.02,0.03,-3.000,0.114,4.76,0.74,0.668,0.06,0.0010,-3.0
5,2007,5,82.3,0.13,0.02,0.06,0.02,-3.000,0.350,4.68,1.64,0.838,0.06,0.0010,-3.0
5,2007,6,88.8,0.17,0.03,0.11,0.03,-3.000,0.473,4.48,2.30,1.431,0.08,0.0010,-3.0
5,2007,7,163.3,0.08,0.01,0.03,0.01,-3.000,0.311,4.58,1.64,0.884,0.04,0.0010,-3.0
5,2007,8,131.7,0.10,0.02,0.05,0.04,-3.000,0.412,4.29,2.95,1.142,0.08,0.0010,-3.0
5,2007,9,101.3,0.05,0.01,0.02,0.02,-3.000,0.279,4.50,1.63,0.778,0.06,0.0010,-3.0
5,2007,10,191.3,0.03,0.01,0.03,0.06,-3.000,0.090,4.65,0.90,0.635,0.12,0.0010,-3.0
5,2007,11,138.1,0.07,0.02,0.02,0.09,-3.000,0.362,4.33,1.94,1.746,0.18,0.0010,-3.0
5,2007,12,162.5,0.03,0.02,0.01,0.17,-3.000,0.068,4.66,0.69,0.908,0.31,0.0010,-3.0
5,2008,1,79.9,0.07,0.01,0.01,0.14,-3.000,0.101,4.54,0.78,1.446,0.25,0.0010,-3.0
5,2008,2,208.4,0.05,0.01,0.01,0.05,-3.000,0.086,4.59,0.81,0.987,0.11,0.0010,-3.0
5,2008,3,163.4,0.09,0.02,0.01,0.09,-3.000,0.155,4.66,0.84,1.124,0.13,0.0010,-3.0
5,2008,4,109.3,0.16,0.02,0.02,0.05,-3.000,0.259,4.50,1.55,1.187,0.08,0.0010,-3.0
5,2008,5,47.1,0.28,0.06,0.16,0.05,-3.000,0.400,4.63,2.09,1.249,0.11,0.0070,-3.0
5,2008,6,146.0,0.11,0.03,0.11,0.03,-3.000,0.201,4.44,2.18,1.220,0.09,0.0010,-3.0
5,2008,7,160.1,0.06,0.01,0.02,0.05,-3.000,0.221,4.51,1.55,0.886,0.10,0.0010,-3.0
5,2008,8,170.4,0.03,0.01,0.01,0.01,-3.000,0.082,4.65,0.87,0.658,0.03,0.0010,-3.0
5,2008,9,159.6,0.03,0.01,0.01,0.02,-3.000,0.064,4.81,0.61,0.302,0.05,0.0010,-3.0
5,2008,10,159.2,0.04,0.03,0.06,0.17,-3.000,0.096,4.66,1.05,0.740,0.33,0.0010,-3.0
5,2008,11,156.1,0.02,0.01,0.01,0.04,-3.000,0.080,4.71,0.66,0.706,0.09,0.0010,-3.0
5,2008,12,162.0,0.03,0.01,0.01,0.06,-3.000,0.046,4.85,0.38,0.592,0.10,0.0010,-3.0
5,2009,1,79.9,0.03,0.01,0.01,0.06,-3.000,0.042,4.78,0.29,0.867,0.09,0.0010,-3.0
5,2009,2,84.6,0.10,0.02,0.02,0.14,-3.000,0.215,4.51,1.09,1.532,0.24,0.0010,-3.0
5,2009,3,88.0,0.12,0.02,0.02,0.12,-3.000,0.221,4.60,1.23,1.156,0.17,0.0010,-3.0
5,2009,4,91.0,0.14,0.05,0.06,0.20,-3.000,0.174,4.58,1.37,1.241,0.30,0.0010,-3.0
5,2009,5,162.7,0.09,0.03,0.10,0.04,-3.000,0.045,4.99,0.74,0.262,0.10,0.0090,-3.0
5,2009,6,149.8,0.03,0.01,0.02,0.04,-3.000,0.046,5.02,0.44,0.324,0.08,0.0010,-3.0
5,2009,7,249.4,0.03,0.01,0.01,0.01,-3.000,0.082,4.78,0.80,0.581,0.04,0.0010,-3.0
5,2009,8,154.1,0.05,0.01,0.01,0.01,-3.000,0.043,4.84,0.62,0.426,0.04,0.0010,-3.0
5,2009,9,58.7,0.05,0.03,0.05,0.11,-3.000,0.020,5.12,0.36,0.295,0.22,0.0010,-3.0
5,2009,10,181.6,0.04,0.01,0.04,0.03,-3.000,0.097,4.78,0.68,0.735,0.08,0.0010,-3.0
5,2009,11,118.1,0.03,0.03,0.04,0.16,-3.000,0.005,5.11,0.28,0.254,0.33,0.0010,-3.0
5,2009,12,135.7,0.05,0.01,0.04,0.06,-3.000,0.042,4.90,0.37,0.519,0.13,0.0010,-3.0
5,2010,1,89.3,0.04,0.03,0.03,0.20,-3.000,0.035,4.80,0.56,0.682,0.37,0.0010,-3.0
5,2010,2,71.3,0.05,0.03,0.04,0.21,-3.000,0.021,5.08,0.29,0.476,0.42,0.0010,-3.0
5,2010,3,121.8,0.06,0.02,0.03,0.11,-3.000,0.046,4.95,0.44,0.373,0.23,0.0010,-3.0
5,2010,4,99.9,0.33,0.07,0.07,0.08,-3.000,0.459,4.98,1.91,1.506,0.11,0.0010,-3.0
5,2010,5,63.9,0.16,0.03,0.09,0.03,-3.000,0.225,4.98,0.90,0.960,0.06,0.0010,-3.0
5,2010,6,182.7,0.04,0.01,0.03,0.01,-3.000,0.158,4.71,1.12,0.697,0.04,0.0010,-3.0
5,2010,7,122.5,0.05,0.01,0.01,0.02,-3.000,0.090,4.73,0.84,0.645,0.05,0.0010,-3.0
5,2010,8,95.7,0.06,0.02,0.03,0.03,-3.000,0.129,4.67,0.94,0.818,0.09,0.0010,-3.0
5,2010,9,172.2,0.11,0.04,0.04,0.20,-3.000,0.155,4.68,1.22,0.978,0.40,0.0010,-3.0
5,2010,10,163.8,0.11,0.03,0.10,0.09,-3.000,0.091,5.08,0.50,0.630,0.19,0.0010,-3.0
5,2010,11,97.7,0.06,0.02,0.06,0.12,-3.000,0.093,4.73,0.83,0.747,0.19,0.0010,-3.0
5,2010,12,153.5,0.03,0.02,0.01,0.11,-3.000,0.005,5.02,0.25,0.363,0.23,0.0010,-3.0
5,2011,1,75.7,0.03,0.01,0.01,0.07,-3.000,0.036,4.78,0.24,0.936,0.12,0.0010,-3.0
5,2011,2,126.4,0.09,0.01,0.01,0.07,-3.000,0.079,4.78,0.55,0.980,0.11,0.0010,-3.0
5,2011,3,162.9,0.07,0.03,0.02,0.21,-3.000,0.063,4.99,0.49,0.519,0.40,0.0010,-3.0
5,2011,4,191.9,0.21,0.03,0.04,0.09,-3.000,0.242,4.84,1.03,0.806,0.16,0.0010,-3.0
5,2011,5,143.3,0.09,0.04,0.17,0.10,-3.000,0.073,4.75,0.88,0.623,0.22,0.0040,-3.0
5,2011,6,115.0,0.13,0.02,0.10,0.03,-3.000,0.183,4.87,0.81,0.911,0.08,0.0010,-3.0
5,2011,7,64.7,0.25,0.04,0.06,0.08,-3.000,0.265,4.48,2.04,1.689,0.19,0.0010,-3.0
5,2011,8,329.7,0.02,0.01,0.03,0.05,-3.000,0.038,5.02,0.39,0.121,0.11,0.0010,-3.0
5,2011,9,187.8,0.03,0.01,0.02,0.03,-3.000,0.023,4.94,0.27,0.141,0.07,0.0010,-3.0
5,2011,10,157.2,0.04,0.01,0.02,0.03,-3.000,0.042,5.05,0.31,0.359,0.08,0.0010,-3.0
5,2011,11,98.7,0.04,0.02,0.03,0.13,-3.000,0.025,5.04,0.33,0.386,0.25,0.0010,-3.0
5,2011,12,125.2,0.05,0.02,0.06,0.07,-3.000,0.099,4.70,0.65,1.078,0.12,0.0010,-3.0
5,2012,1,126.7,0.07,0.02,0.03,0.14,-3.000,0.100,4.74,0.58,1.075,0.24,0.0010,-3.0
5,2012,2,32.7,0.21,0.03,0.04,0.11,-3.000,0.250,4.73,1.08,1.864,0.16,0.0010,-3.0
5,2012,3,68.4,0.56,0.10,0.06,0.17,-3.000,0.655,4.85,2.10,2.573,0.22,0.0010,-3.0
5,2012,4,99.3,0.13,0.03,0.06,0.07,-3.000,0.094,4.90,0.63,0.698,0.13,0.0010,-3.0
5,2012,5,240.3,0.07,0.02,0.04,0.06,-3.000,0.091,4.96,0.58,0.605,0.13,0.0010,-3.0
5,2012,6,178.2,0.06,0.01,0.04,0.01,-3.000,0.009,5.15,0.34,0.183,0.05,0.0010,-3.0
5,2012,7,107.8,0.14,0.02,0.04,0.01,-3.000,0.122,5.06,0.60,0.722,0.04,0.0010,-3.0
5,2012,8,204.8,0.05,0.01,0.03,0.02,-3.000,0.033,4.96,0.58,0.549,0.04,0.0010,-3.0
5,2012,9,172.5,0.04,0.02,0.02,0.11,-3.000,0.053,5.03,0.51,0.465,0.20,0.0010,-3.0
5,2012,10,172.5,0.07,0.04,0.18,0.30,-3.000,0.017,5.18,0.36,0.270,0.55,0.0010,-3.0
5,2012,11,24.6,0.08,0.02,0.02,0.15,-3.000,0.144,4.87,0.61,0.745,0.27,0.0010,-3.0
5,2012,12,157.3,0.05,0.01,0.01,0.05,-3.000,0.099,4.85,0.48,0.793,0.09,0.0010,-3.0
5,2013,1,87.3,0.07,0.01,0.01,0.06,-3.000,0.110,4.77,0.54,1.267,0.13,-3.0000,-3.0
5,2013,2,76.5,0.06,0.02,0.01,0.17,-3.000,0.057,4.80,0.37,1.050,0.28,-3.0000,-3.0
5,2013,3,86.7,0.08,0.03,0.01,0.18,-3.000,0.079,4.98,0.45,0.661,0.31,-3.0000,-3.0
5,2013,4,69.7,0.16,0.03,0.05,0.12,-3.000,0.403,4.83,1.16,1.401,0.17,-3.0000,-3.0
5,2013,5,113.0,0.09,0.03,0.14,0.18,-3.000,0.156,5.13,0.56,0.712,0.22,-3.0000,-3.0
5,2013,6,183.4,0.10,0.02,0.13,0.27,-3.000,0.173,4.89,0.68,0.906,0.13,-3.0000,-3.0
5,2013,7,169.2,0.05,0.03,0.11,0.29,-3.000,0.085,4.95,0.41,0.562,0.14,-3.0000,-3.0
5,2013,8,99.1,0.05,0.04,0.05,0.06,-3.000,0.136,4.87,0.54,0.633,0.11,-3.0000,-3.0
5,2013,9,140.5,0.06,0.01,0.04,0.04,-3.000,0.134,5.04,0.51,0.558,0.08,-3.0000,-3.0
5,2013,10,72.5,0.06,0.02,0.07,0.05,-3.000,0.183,4.77,0.56,0.852,0.14,-3.0000,-3.0
5,2013,11,137.1,0.04,0.01,0.04,0.08,-3.000,0.104,4.90,0.37,0.715,0.09,-3.0000,-3.0
5,2013,12,97.5,0.05,0.01,0.03,0.11,-3.000,0.104,4.75,0.52,0.878,0.14,-3.0000,-3.0
5,2014,1,112.0,0.07,0.02,0.05,0.17,-3.000,0.086,4.77,0.44,0.926,0.25,-3.0000,-3.0
5,2014,2,84.9,0.08,0.01,0.04,0.16,-3.000,0.099,4.95,0.41,0.788,0.23,-3.0000,-3.0
5,2014,3,119.1,0.06,0.01,0.04,0.11,-3.000,0.205,4.99,0.55,0.706,0.15,-3.0000,-3.0
5,2014,4,93.2,0.09,0.02,0.04,0.13,-3.000,0.150,4.94,0.51,0.554,0.14,-3.0000,-3.0
5,2014,5,128.0,0.14,0.05,0.12,0.39,-3.000,0.227,4.88,0.70,1.019,0.46,-3.0000,-3.0
