ws,year,mo,flow,Ca,Mg,K,Na,Al,NH4,pH,SO4,NO3,Cl,PO4,SiO2
5,1963,6,9.2,2.15,0.35,0.15,1.03,-3.000,-3.000,-3.00,-3.00,-3.000,-3.00,-3.0000,-3.0
5,1963,7,1.2,2.17,0.42,0.22,1.08,-3.000,-3.000,-3.00,-3.00,-3.000,-3.00,-3.0000,-3.0
5,1963,8,3.0,2.12,0.40,0.17,1.01,-3.000,-3.000,-3.00,-3.00,-3.000,-3.00,-3.0000,-3.0
5,1963,9,0.3,2.30,0.53,0.25,1.34,-3.000,-3.000,-3.00,-3.00,-3.000,-3.00,-3.0000,-3.0
5,1963,10,0.3,2.77,0.83,0.83,1.69,-3.000,-3.000,-3.00,-3.00,-3.000,-3.00,-3.0000,-3.0
5,1963,11,86.9,2.20,0.47,0.47,0.86,-3.000,-3.000,-3.00,-3.00,-3.000,-3.00,-3.0000,-3.0
5,1963,12,61.6,1.62,0.37,0.24,0.79,-3.000,-3.000,-3.00,-3.00,-3.000,-3.00,-3.0000,-3.0
5,1964,1,59.3,1.65,0.36,0.18,0.88,-3.000,-3.000,-3.00,-3.00,-3.000,-3.00,-3.0000,-3.0
5,1964,2,25.5,1.66,0.35,0.19,0.91,-3.000,-3.000,-3.00,-3.00,-3.000,-3.00,-3.0000,-3.0
5,1964,3,98.2,1.68,0.38,0.25,0.80,-3.000,-3.000,-3.00,-3.00,-3.000,-3.00,-3.0000,-3.0
5,1964,4,235.8,1.71,0.36,0.21,0.72,-3.000,-3.000,-3.00,-3.00,-3.000,-3.00,-3.0000,-3.0
5,1964,5,82.5,1.50,0.34,0.20,0.82,-3.000,-3.000,-3.00,-3.00,-3.000,-3.00,-3.0000,-3.0
5,1964,6,5.2,1.55,0.35,0.10,0.92,-3.000,-3.000,-3.00,-3.00,-3.000,-3.00,-3.0000,-3.0
5,1964,7,11.8,1.34,0.20,0.11,0.91,-3.000,-3.000,-3.00,-3.00,-3.000,-3.00,-3.0000,-3.0
5,1964,8,18.4,1.17,0.43,0.12,0.98,-3.000,-3.000,-3.00,-3.00,-3.000,-3.00,-3.0000,-3.0
5,1964,9,0.8,1.30,0.44,0.14,1.20,-3.000,-3.000,-3.00,-3.00,-3.000,-3.00,-3.0000,-3.0
5,1964,10,6.7,0.99,0.45,0.36,1.48,-3.000,-3.000,-3.00,-3.00,-3.000,-3.00,-3.0000,-3.0
5,1964,11,54.1,1.14,0.42,0.25,0.96,-3.000,-3.000,-3.00,-3.00,-3.000,-3.00,-3.0000,-3.0
5,1964,12,84.2,1.02,0.40,0.31,0.82,-3.000,-3.000,-3.00,-3.00,-3.000,-3.00,-3.0000,-3.0
5,1965,1,38.3,0.99,0.38,0.42,0.87,-3.000,-3.000,-3.00,-3.00,-3.000,-3.00,-3.0000,-3.0
5,1965,2,41.3,0.96,0.38,0.20,0.82,-3.000,-3.000,-3.00,-3.00,-3.000,-3.00,-3.0000,-3.0
5,1965,3,50.0,0.97,0.41,0.18,0.95,-3.000,-3.000,-3.00,-3.00,-3.000,-3.00,-3.0000,-3.0
5,1965,4,192.4,1.15,0.37,0.20,0.80,-3.000,-3.000,-3.00,-3.00,-3.000,-3.00,-3.0000,-3.0
5,1965,5,48.7,1.24,0.34,0.18,0.80,-3.000,-3.000,5.29,-3.00,-3.000,-3.00,-3.0000,-3.0
5,1965,6,15.8,1.22,0.38,0.09,1.01,-3.000,-3.000,5.30,-3.00,-3.000,-3.00,-3.0000,-3.0
5,1965,7,4.1,1.39,0.38,0.10,1.02,-3.000,-3.000,5.29,-3.00,-3.000,-3.00,-3.0000,-3.0
5,1965,8,0.2,1.51,0.51,0.22,1.36,-3.000,-3.000,5.42,-3.00,-3.000,-3.00,-3.0000,-3.0
5,1965,9,35.6,1.60,0.44,0.13,1.10,-3.000,-3.000,5.33,-3.00,-3.000,-3.00,-3.0000,-3.0
5,1965,10,74.7,1.58,0.38,0.19,0.86,-3.000,-3.000,5.26,-3.00,-3.000,-3.00,-3.0000,-3.0
5,1965,11,87.8,1.49,0.39,0.19,0.91,-3.000,-3.000,5.11,-3.00,-3.000,-3.00,-3.0000,-3.0
5,1965,12,34.8,1.51,0.39,0.15,0.98,-3.000,-3.000,5.12,-3.00,-3.000,-3.00,-3.0000,-3.0
5,1966,1,35.5,1.59,0.42,0.15,0.97,-3.000,-3.000,5.19,-3.00,-3.000,-3.00,-3.0000,-3.0
5,1966,2,25.9,1.51,0.41,0.18,1.03,-3.000,-3.000,5.28,-3.00,-3.000,-3.00,-3.0000,-3.0
5,1966,3,118.7,1.58,0.42,0.22,0.89,-3.000,-3.000,5.19,-3.00,-3.000,-3.00,-3.0000,-3.0
5,1966,4,184.7,1.53,0.39,0.21,0.79,-3.000,-3.000,4.78,-3.00,-3.000,-3.00,-3.0000,-3.0
5,1966,5,122.3,1.36,0.36,0.22,0.76,-3.000,-3.000,4.81,-3.00,-3.000,-3.00,-3.0000,-3.0
5,1966,6,40.7,1.32,0.36,0.11,0.93,-3.000,-3.000,5.03,-3.00,-3.000,-3.00,-3.0000,-3.0
5,1966,7,8.8,1.41,0.41,0.09,0.93,-3.000,-3.000,5.01,-3.00,-3.000,-3.00,-3.0000,-3.0
5,1966,8,27.5,1.51,0.43,0.28,0.83,-3.000,-3.000,4.90,-3.00,-3.000,-3.00,-3.0000,-3.0
5,1966,9,24.1,1.37,0.40,0.06,0.96,-3.000,-3.000,4.91,-3.00,-3.000,-3.00,-3.0000,-3.0
5,1966,10,49.7,1.31,0.40,0.19,0.92,-3.000,-3.000,4.74,-3.00,-3.000,-3.00,-3.0000,-3.0
5,1966,11,129.6,1.37,0.35,0.16,0.82,-3.000,-3.000,4.93,-3.00,-3.000,-3.00,-3.0000,-3.0
5,1966,12,58.5,1.38,0.37,0.14,0.89,-3.000,-3.000,5.03,-3.00,-3.000,-3.00,-3.0000,-3.0
5,1967,1,28.5,1.46,0.39,0.14,0.97,-3.000,-3.000,4.67,-3.00,-3.000,-3.00,-3.0000,-3.0
5,1967,2,18.2,1.43,0.40,0.16,1.04,-3.000,-3.000,4.65,-3.00,-3.000,-3.00,-3.0000,-3.0
5,1967,3,46.9,1.46,0.40,0.22,0.93,-3.000,-3.000,4.53,-3.00,-3.000,-3.00,-3.0000,-3.0
5,1967,4,246.7,1.53,0.37,0.25,0.69,-3.000,-3.000,4.46,-3.00,-3.000,-3.00,-3.0000,-3.0
5,1967,5,138.7,1.42,0.35,0.23,0.77,-3.000,-3.000,4.64,-3.00,-3.000,-3.00,-3.0000,-3.0
5,1967,6,27.0,1.32,0.35,0.14,0.98,-3.000,-3.000,4.65,-3.00,-3.000,-3.00,-3.0000,-3.0
5,1967,7,12.8,1.36,0.35,0.07,1.01,-3.000,-3.000,4.82,-3.00,-3.000,-3.00,-3.0000,-3.0
5,1967,8,12.4,1.58,0.34,0.08,0.92,-3.000,-3.000,4.95,-3.00,-3.000,-3.00,-3.0000,-3.0
5,1967,9,32.2,1.64,0.44,0.13,1.11,-3.000,-3.000,5.40,-3.00,-3.000,-3.00,-3.0000,-3.0
5,1967,10,93.7,1.55,0.39,0.20,0.90,-3.000,-3.000,5.02,-3.00,-3.000,-3.00,-3.0000,-3.0
5,1967,11,79.0,1.56,0.40,0.16,0.91,-3.000,-3.000,4.78,-3.00,-3.000,-3.00,-3.0000,-3.0
5,1967,12,79.5,1.48,0.39,0.21,0.89,-3.000,-3.000,5.10,-3.00,-3.000,-3.00,-3.0000,-3.0
5,1968,1,22.7,1.28,0.39,0.17,1.03,-3.000,-3.000,4.64,-3.00,-3.000,-3.00,-3.0000,-3.0
5,1968,2,26.4,1.37,0.42,0.18,1.03,-3.000,-3.000,4.04,-3.00,-3.000,-3.00,-3.0000,-3.0
5,1968,3,195.1,1.50,0.41,0.26,0.95,-3.000,-3.000,4.98,-3.00,-3.000,-3.00,-3.0000,-3.0
5,1968,4,200.1,1.38,0.39,0.33,0.82,-3.000,-3.000,5.02,-3.00,-3.000,-3.00,-3.0000,-3.0
5,1968,5,165.1,1.28,0.37,0.27,0.88,-3.000,-3.000,4.98,-3.00,-3.000,-3.00,-3.0000,-3.0
5,1968,6,128.0,1.26,0.36,0.16,0.85,-3.000,-3.000,4.99,-3.00,-3.000,-3.00,-3.0000,-3.0
5,1968,7,16.3,1.20,0.35,0.09,0.94,-3.000,-3.000,4.99,-3.00,-3.000,-3.00,-3.0000,-3.0
5,1968,8,0.4,1.59,0.46,0.20,1.41,-3.000,-3.000,5.50,-3.00,-3.000,-3.00,-3.0000,-3.0
5,1968,9,2.2,1.69,0.53,0.28,2.06,-3.000,-3.000,5.44,-3.00,-3.000,-3.00,-3.0000,-3.0
5,1968,10,3.1,1.71,0.58,0.47,1.67,-3.000,-3.000,5.60,-3.00,-3.000,-3.00,-3.0000,-3.0
5,1968,11,28.6,1.51,0.47,0.31,1.14,-3.000,-3.000,4.87,-3.00,-3.000,-3.00,-3.0000,-3.0
5,1968,12,48.1,1.63,0.44,0.25,0.95,-3.000,-3.000,4.73,-3.00,-3.000,-3.00,-3.0000,-3.0
5,1969,1,25.3,1.56,0.40,0.20,1.00,-3.000,-3.000,5.01,-3.00,-3.000,-3.00,-3.0000,-3.0
5,1969,2,18.0,1.55,0.40,0.20,1.03,-3.000,-3.000,4.96,-3.00,-3.000,-3.00,-3.0000,-3.0
5,1969,3,32.0,1.54,0.41,0.23,0.91,-3.000,-3.000,5.02,-3.00,-3.000,-3.00,-3.0000,-3.0
5,1969,4,400.2,1.56,0.37,0.26,0.68,-3.000,-3.000,4.62,-3.00,-3.000,-3.00,-3.0000,-3.0
5,1969,5,133.5,1.53,0.33,0.26,0.82,-3.000,-3.000,4.62,-3.00,-3.000,-3.00,-3.0000,-3.0
5,1969,6,20.9,1.34,0.32,0.13,0.91,-3.000,-3.000,4.90,-3.00,-3.000,-3.00,-3.0000,-3.0
5,1969,7,53.9,1.56,0.34,0.18,0.87,-3.000,-3.000,4.94,-3.00,-3.000,-3.00,-3.0000,-3.0
5,1969,8,49.7,1.53,0.32,0.10,0.80,-3.000,-3.000,4.86,-3.00,-3.000,-3.00,-3.0000,-3.0
5,1969,9,6.0,1.44,0.35,0.07,1.03,-3.000,-3.000,4.92,-3.00,-3.000,-3.00,-3.0000,-3.0
5,1969,10,14.7,1.32,0.41,0.36,1.12,-3.000,-3.000,4.95,-3.00,-3.000,-3.00,-3.0000,-3.0
5,1969,11,106.7,1.77,0.43,0.26,0.92,-3.000,-3.000,4.64,-3.00,-3.000,-3.00,-3.0000,-3.0
5,1969,12,114.0,1.79,0.39,0.19,0.90,-3.000,-3.000,4.53,-3.00,-3.000,-3.00,-3.0000,-3.0
5,1970,1,25.7,1.78,0.41,0.21,0.95,-3.000,-3.000,4.58,-3.00,-3.000,-3.00,-3.0000,-3.0
5,1970,2,64.2,1.84,0.42,0.26,0.90,-3.000,-3.000,4.59,-3.00,-3.000,-3.00,-3.0000,-3.0
5,1970,3,29.5,1.77,0.43,0.24,0.95,-3.000,-3.000,5.04,-3.00,-3.000,-3.00,-3.0000,-3.0
5,1970,4,237.9,1.90,0.41,0.29,0.76,-3.000,-3.000,4.84,-3.00,-3.000,-3.00,-3.0000,-3.0
5,1970,5,78.3,1.75,0.37,0.31,0.80,-3.000,-3.000,4.90,-3.00,-3.000,-3.00,-3.0000,-3.0
5,1970,6,7.4,1.46,0.37,0.13,1.02,-3.000,-3.000,5.20,-3.00,-3.000,-3.00,-3.0000,-3.0
5,1970,7,9.3,1.44,0.36,0.09,0.98,-3.000,-3.000,5.15,-3.00,-3.000,-3.00,-3.0000,-3.0
5,1970,8,12.1,1.54,0.37,0.15,0.92,-3.000,-3.000,5.13,-3.00,-3.000,-3.00,-3.0000,-3.0
5,1970,9,22.4,1.56,0.42,0.13,1.03,-3.000,-3.000,5.25,-3.00,-3.000,-3.00,-3.0000,-3.0
5,1970,10,67.5,1.50,0.40,0.20,0.84,-3.000,-3.000,5.10,-3.00,-3.000,-3.00,-3.0000,-3.0
5,1970,11,72.5,1.78,0.41,0.18,0.89,-3.000,-3.000,4.96,-3.00,-3.000,-3.00,-3.0000,-3.0
5,1970,12,41.9,1.84,0.42,0.17,0.93,-3.000,-3.000,4.97,-3.00,-3.000,-3.00,-3.0000,-3.0
5,1971,1,21.7,1.76,0.43,0.18,1.00,-3.000,-3.000,5.03,-3.00,-3.000,-3.00,-3.0000,-3.0
5,1971,2,35.2,1.73,0.45,0.17,0.96,-3.000,-3.000,5.13,-3.00,-3.000,-3.00,-3.0000,-3.0
5,1971,3,33.1,1.78,0.43,0.19,0.98,-3.000,-3.000,5.11,-3.00,-3.000,-3.00,-3.0000,-3.0
5,1971,4,254.0,1.79,0.39,0.22,0.71,-3.000,-3.000,4.96,-3.00,-3.000,-3.00,-3.0000,-3.0
5,1971,5,178.9,1.57,0.33,0.24,0.63,-3.000,-3.000,4.91,-3.00,-3.000,-3.00,-3.0000,-3.0
5,1971,6,10.3,1.50,0.36,0.14,0.96,-3.000,0.014,5.16,5.11,0.459,0.23,-3.0000,6.1
5,1971,7,6.7,1.47,0.39,0.10,0.97,-3.000,0.012,5.22,5.94,0.217,0.58,-3.0000,6.1
5,1971,8,13.0,1.38,0.35,0.08,0.90,-3.000,0.017,5.00,6.50,0.228,0.54,-3.0000,5.6
5,1971,9,8.0,1.35,0.35,0.07,0.97,-3.000,0.020,5.06,5.03,0.166,0.39,-3.0000,5.8
5,1971,10,32.1,1.51,0.39,0.21,0.91,-3.000,0.018,5.06,6.79,0.052,0.52,-3.0000,5.6
5,1971,11,19.9,1.47,0.40,0.15,0.93,-3.000,0.013,5.05,3.88,0.447,0.62,-3.0000,5.0
5,1971,12,45.5,1.62,0.42,0.16,0.88,-3.000,0.012,5.07,3.73,0.774,0.62,-3.0000,5.0
5,1972,1,31.4,1.67,0.41,0.15,0.88,-3.000,0.005,5.09,2.75,1.458,0.60,-3.0000,5.0
5,1972,2,21.4,1.65,0.40,0.17,0.95,-3.000,0.005,5.12,4.78,1.690,0.62,-3.0000,5.0
5,1972,3,93.7,1.76,0.40,0.21,0.86,-3.000,0.005,5.01,5.92,3.051,0.54,-3.0000,4.7
5,1972,4,209.9,1.70,0.36,0.24,0.70,-3.000,0.014,4.83,6.09,3.614,0.42,0.0010,4.0
5,1972,5,201.4,1.51,0.32,0.28,0.60,-3.000,0.040,4.69,6.26,2.829,0.39,0.0010,4.0
5,1972,6,53.7,1.38,0.30,0.10,0.78,-3.000,0.019,4.89,6.61,0.284,0.41,0.0010,4.9
5,1972,7,57.9,1.36,0.29,0.05,0.76,-3.000,0.024,4.84,6.60,0.079,0.50,0.0030,5.0
5,1972,8,43.2,1.45,0.30,0.08,0.77,-3.000,0.019,4.84,7.05,0.519,0.46,0.0070,4.8
5,1972,9,7.4,1.34,0.32,0.06,0.94,-3.000,0.018,4.96,7.39,0.118,0.50,0.0080,5.8
5,1972,10,25.8,1.36,0.38,0.29,0.95,-3.000,0.011,5.03,7.09,0.090,0.70,0.0020,5.3
5,1972,11,92.9,1.58,0.38,0.26,0.83,-3.000,0.005,4.96,6.88,1.203,0.68,0.0010,4.8
5,1972,12,66.4,1.59,0.34,0.17,0.84,-3.000,0.005,4.85,6.41,1.673,0.56,0.0010,4.8
5,1973,1,96.0,1.62,0.35,0.22,0.79,-3.000,0.007,4.81,6.12,2.276,0.58,0.0030,4.3
5,1973,2,82.4,1.64,0.34,0.23,0.77,-3.000,0.014,4.85,5.67,2.803,0.86,0.0020,4.5
5,1973,3,196.7,1.64,0.34,0.29,0.76,-3.000,0.028,4.81,5.52,3.037,0.52,0.0010,4.1
5,1973,4,128.1,1.46,0.31,0.26,0.72,-3.000,0.032,4.75,5.56,2.347,0.56,0.0030,3.5
5,1973,5,135.1,1.46,0.31,0.25,0.79,-3.000,0.023,4.88,6.10,1.545,0.92,0.0020,4.7
5,1973,6,267.0,1.43,0.27,0.20,0.62,-3.000,0.020,4.74,6.16,0.934,0.45,0.0030,3.9
5,1973,7,79.1,1.44,0.27,0.14,0.63,-3.000,0.027,4.78,5.95,0.789,0.41,0.0030,4.1
5,1973,8,10.3,1.36,0.31,0.06,0.92,-3.000,0.021,5.03,6.52,0.202,0.48,0.0020,5.4
5,1973,9,32.9,1.43,0.36,0.09,0.96,-3.000,0.027,5.11,7.12,0.316,0.45,0.0020,5.5
5,1973,10,40.6,1.45,0.39,0.21,0.89,-3.000,0.030,4.98,6.80,0.437,0.49,0.0030,5.1
5,1973,11,95.2,1.64,0.41,0.20,0.84,-3.000,0.031,5.00,6.34,1.974,0.50,0.0020,4.9
5,1973,12,265.4,1.61,0.35,0.21,0.66,-3.000,0.031,4.75,5.60,3.259,0.46,0.0020,3.7
5,1974,1,53.8,1.65,0.37,0.21,0.75,-3.000,0.022,4.92,5.89,3.287,0.44,0.0020,4.2
5,1974,2,39.1,1.73,0.41,0.21,0.82,-3.000,0.025,4.94,5.78,3.406,0.45,0.0030,4.7
5,1974,3,96.6,1.79,0.40,0.23,0.71,-3.000,0.036,4.98,5.60,3.841,0.43,0.0010,4.2
5,1974,4,251.0,1.55,0.33,0.27,0.59,-3.000,0.036,4.90,5.78,3.496,0.37,0.0020,3.6
5,1974,5,145.5,1.45,0.32,0.24,0.62,-3.000,0.041,4.95,5.97,1.997,0.39,0.0020,4.0
5,1974,6,54.7,1.38,0.31,0.17,0.71,-3.000,0.028,5.00,5.88,0.915,0.41,0.0020,4.2
5,1974,7,19.9,1.35,0.30,0.07,0.77,-3.000,0.028,4.97,5.94,0.242,0.44,0.0030,4.6
5,1974,8,12.7,1.30,0.31,0.07,0.78,-3.000,0.044,4.97,6.90,0.330,0.39,0.0020,4.8
5,1974,9,53.4,1.36,0.33,0.07,0.65,-3.000,0.034,5.00,7.18,0.223,0.32,0.0020,4.8
5,1974,10,39.4,1.37,0.36,0.21,0.72,-3.000,0.028,5.09,6.83,0.163,0.38,0.0020,4.7
5,1974,11,81.8,1.51,0.39,0.22,0.77,-3.000,0.010,5.13,6.59,1.152,0.40,0.0020,4.7
5,1974,12,80.4,1.59,0.37,0.22,0.71,-3.000,0.013,5.01,6.37,2.438,0.48,0.0030,4.6
5,1975,1,29.6,1.63,0.39,0.20,0.83,-3.000,0.010,5.04,5.83,2.534,0.48,0.0020,5.0
5,1975,2,24.6,1.62,0.41,0.20,0.88,-3.000,0.013,5.11,5.93,2.582,0.46,0.0030,4.9
5,1975,3,119.2,1.73,0.41,0.25,0.83,-3.000,0.011,5.01,5.82,3.735,0.60,0.0020,4.4
5,1975,4,197.3,1.68,0.37,0.26,0.73,-3.000,0.020,4.96,5.67,3.899,0.58,0.0020,4.1
5,1975,5,73.9,1.54,0.34,0.26,0.66,-3.000,0.020,4.82,5.99,2.716,0.52,0.0020,4.0
5,1975,6,88.3,1.41,0.32,0.09,0.71,-3.000,0.011,4.92,6.27,0.867,0.53,0.0030,4.7
5,1975,7,58.0,1.35,0.32,0.08,0.68,-3.000,0.019,4.96,6.52,0.310,0.46,0.0030,4.8
5,1975,8,5.4,1.34,0.31,0.08,0.93,-3.000,0.010,4.94,6.82,0.254,0.48,0.0030,5.2
5,1975,9,54.6,1.45,0.33,0.10,0.70,-3.000,0.010,4.95,6.81,0.135,0.35,0.0020,4.9
5,1975,10,116.6,1.50,0.33,0.18,0.68,-3.000,0.010,5.02,6.60,0.444,0.44,0.0020,4.4
5,1975,11,120.5,1.42,0.31,0.14,0.79,-3.000,0.020,5.00,6.17,1.520,0.48,0.0040,4.6
5,1975,12,55.8,1.54,0.33,0.12,0.78,-3.000,0.020,5.05,5.65,2.086,0.45,0.0030,4.4
5,1976,1,61.2,1.59,0.37,0.17,0.78,-3.000,0.013,5.00,5.95,3.323,0.48,0.0030,4.2
5,1976,2,86.5,1.57,0.36,0.18,0.76,-3.000,0.016,5.00,6.11,3.683,0.45,0.0030,4.4
5,1976,3,180.1,1.61,0.36,0.23,0.68,-3.000,0.010,4.94,5.48,4.383,0.39,0.0010,4.2
5,1976,4,194.5,1.49,0.31,0.26,0.62,-3.000,0.017,4.91,5.45,3.581,0.35,0.0030,3.9
5,1976,5,155.5,1.32,0.29,0.23,0.63,-3.000,0.019,4.97,5.88,1.806,0.38,0.0040,4.1
5,1976,6,18.6,1.23,0.29,0.09,0.79,-3.000,0.013,5.01,6.11,0.363,0.44,0.0040,4.5
5,1976,7,12.9,1.25,0.29,0.05,0.80,-3.000,0.013,5.03,6.39,0.253,0.42,0.0040,5.0
5,1976,8,42.2,1.23,0.36,0.08,0.75,-3.000,0.006,5.02,6.13,0.346,0.32,0.0010,4.8
5,1976,9,39.2,1.36,0.32,0.15,0.72,-3.000,0.010,4.98,6.92,0.700,0.38,0.0020,4.6
5,1976,10,156.8,1.34,0.32,0.18,0.70,-3.000,0.010,5.05,5.86,0.706,0.38,0.0010,4.6
5,1976,11,75.9,1.40,0.31,0.13,0.71,-3.000,0.010,5.03,5.64,1.613,0.54,0.0010,5.1
5,1976,12,46.7,1.40,0.34,0.14,0.80,-3.000,0.009,5.04,5.72,2.712,0.50,0.0020,4.0
5,1977,1,14.6,1.34,0.36,0.12,0.92,-3.000,0.010,5.14,5.40,2.240,0.51,0.0020,5.0
5,1977,2,11.6,1.46,0.35,0.13,1.01,-3.000,0.005,5.06,5.67,2.440,0.46,0.0030,5.6
5,1977,3,245.4,1.47,0.33,0.31,0.68,-3.000,0.006,4.88,5.19,5.162,0.44,0.0050,4.4
5,1977,4,155.0,1.30,0.28,0.22,0.63,-3.000,0.006,4.97,4.96,2.939,0.36,0.0050,4.2
5,1977,5,27.2,1.23,0.28,0.19,0.80,-3.000,0.007,5.03,6.22,1.629,0.38,0.0040,5.0
5,1977,6,27.3,1.15,0.28,0.08,0.86,-3.000,0.005,5.07,5.98,0.027,0.48,0.0030,5.5
5,1977,7,3.8,1.26,0.31,0.07,0.92,-3.000,0.005,5.02,6.38,0.171,0.43,0.0030,5.9
5,1977,8,2.9,1.29,0.36,0.11,1.32,-3.000,0.008,5.04,6.78,0.129,0.34,0.0040,7.7
5,1977,9,44.5,1.38,0.33,0.16,0.71,-3.000,0.010,4.93,6.41,0.282,0.28,0.0040,4.7
5,1977,10,176.0,1.30,0.27,0.18,0.57,-3.000,0.007,4.93,5.67,0.069,0.37,0.0070,4.3
5,1977,11,76.0,1.33,0.30,0.14,0.75,-3.000,0.012,5.02,6.07,0.481,0.43,0.0030,4.9
5,1977,12,78.5,1.32,0.30,0.11,0.73,-3.000,0.007,5.06,6.01,0.907,0.36,0.0050,4.7
5,1978,1,148.0,1.25,0.27,0.31,0.58,-3.000,0.005,4.91,5.20,1.405,0.40,0.0070,3.5
5,1978,2,27.7,1.25,0.28,0.16,0.75,-3.000,0.011,5.05,5.74,1.125,0.33,0.0030,4.5
5,1978,3,28.2,1.31,0.33,0.17,0.89,-3.000,0.007,5.08,5.69,1.442,0.42,0.0050,5.1
5,1978,4,205.6,1.33,0.29,0.18,0.66,-3.000,0.010,4.97,5.47,1.613,0.38,0.0020,3.9
5,1978,5,118.3,1.20,0.25,0.20,0.64,-3.000,0.010,4.91,5.57,0.888,0.36,0.0030,4.0
5,1978,6,81.6,1.23,0.26,0.08,0.73,-3.000,0.010,4.98,5.73,0.215,0.41,0.0050,4.6
5,1978,7,0.7,1.46,0.40,0.12,1.13,-3.000,0.010,5.21,5.91,0.246,0.54,0.0030,6.8
5,1978,8,0.8,1.64,0.52,0.22,1.42,-3.000,0.010,5.34,6.47,0.434,0.50,0.0030,8.3
5,1978,9,0.1,1.28,0.38,0.76,1.12,-3.000,0.010,4.98,7.15,0.676,0.68,0.0040,4.9
5,1978,10,4.9,1.18,0.41,0.89,1.21,-3.000,0.010,5.03,7.41,0.176,0.84,0.0030,5.3
5,1978,11,7.6,1.28,0.45,0.59,1.14,-3.000,0.010,4.97,7.30,0.596,0.79,0.0050,5.6
5,1978,12,11.7,1.35,0.45,0.26,1.03,-3.000,0.010,5.12,6.93,0.719,0.75,0.0030,5.8
5,1979,1,71.6,1.39,0.37,0.33,0.67,-3.000,0.010,5.03,5.71,1.677,0.46,0.0060,4.8
5,1979,2,19.9,1.30,0.35,0.18,0.86,-3.000,0.010,5.08,6.11,0.946,0.37,0.0040,5.2
5,1979,3,298.5,1.26,0.29,0.25,0.66,-3.000,0.012,4.87,5.55,1.376,0.61,0.0050,3.5
5,1979,4,194.1,1.16,0.24,0.20,0.61,-3.000,0.013,4.84,5.34,0.701,0.45,0.0050,3.2
5,1979,5,117.0,1.12,0.24,0.14,0.69,-3.000,0.010,4.94,5.81,0.170,0.43,0.0030,4.2
5,1979,6,21.5,1.09,0.24,0.07,0.73,-3.000,0.010,4.96,5.75,0.068,0.47,0.0030,3.8
5,1979,7,5.4,1.28,0.35,0.12,0.99,-3.000,0.017,5.21,5.64,0.081,0.52,0.0040,5.8
5,1979,8,5.0,1.15,0.30,0.07,0.88,-3.000,0.018,5.02,6.03,0.084,0.46,0.0030,5.9
5,1979,9,23.4,1.31,0.34,0.08,0.90,-3.000,0.032,5.18,6.20,0.040,0.50,0.0040,5.8
5,1979,10,103.9,1.17,0.27,0.23,0.69,-3.000,0.022,5.00,5.84,0.039,0.57,0.0030,4.7
5,1979,11,109.6,1.28,0.28,0.19,0.80,-3.000,0.009,4.96,6.07,0.482,0.57,0.0020,4.7
5,1979,12,64.9,1.26,0.29,0.18,0.86,-3.000,0.012,5.05,6.03,0.956,0.55,0.0020,5.1
5,1980,1,30.5,1.34,0.30,0.17,0.92,-3.000,0.011,5.05,6.00,1.395,0.62,0.0020,5.3
5,1980,2,5.7,1.40,0.35,0.17,1.06,-3.000,0.010,5.18,6.20,1.201,0.59,0.0020,6.6
5,1980,3,59.4,1.34,0.34,0.33,0.78,-3.000,0.016,5.03,5.14,2.571,0.56,0.0040,4.2
5,1980,4,209.6,1.32,0.31,0.41,0.66,-3.000,0.018,4.98,4.87,2.724,0.57,0.0070,3.7
5,1980,5,63.1,1.34,0.32,0.34,0.79,-3.000,0.021,5.01,5.62,1.684,0.72,0.0040,4.9
5,1980,6,14.6,1.17,0.33,0.10,0.87,-3.000,0.010,5.01,5.94,0.087,0.64,0.0020,4.9
5,1980,7,1.5,1.32,0.41,0.09,0.89,-3.000,0.012,5.17,5.63,0.111,0.58,0.0020,6.0
5,1980,8,1.3,1.25,0.36,0.13,0.93,-3.000,0.020,5.18,5.58,0.400,0.57,0.0050,6.4
5,1980,9,8.8,1.21,0.37,0.08,0.97,-3.000,0.021,5.00,6.28,0.361,0.50,0.0020,5.1
5,1980,10,40.7,1.34,0.40,0.29,0.86,-3.000,0.022,5.01,6.79,0.423,0.71,0.0010,5.1
5,1980,11,66.9,1.29,0.35,0.16,0.86,-3.000,0.015,5.06,6.02,0.816,0.62,0.0010,5.0
5,1980,12,51.5,1.40,0.31,0.17,0.80,-3.000,0.017,5.00,5.94,1.137,0.56,0.0010,4.6
5,1981,1,6.4,1.35,0.35,0.15,1.03,-3.000,0.040,5.09,6.00,1.325,0.65,0.0010,5.1
5,1981,2,277.8,1.32,0.31,0.33,0.77,-3.000,0.022,4.88,5.44,2.482,0.79,0.0050,3.9
5,1981,3,61.8,1.22,0.30,0.24,0.80,-3.000,0.016,4.96,5.62,1.415,0.71,0.0010,4.5
5,1981,4,108.0,1.24,0.30,0.22,0.82,-3.000,0.014,4.95,5.78,0.866,0.67,0.0010,4.7
5,1981,5,102.0,1.22,0.28,0.21,0.88,-3.000,0.012,4.97,5.86,0.471,0.65,0.0010,4.7
5,1981,6,58.4,1.22,0.29,0.06,0.87,-3.000,0.015,5.02,5.76,0.061,0.65,0.0020,4.7
5,1981,7,85.6,1.18,0.26,0.05,0.79,-3.000,0.017,4.93,5.73,0.041,0.59,0.0040,4.8
5,1981,8,78.2,1.16,0.24,0.06,0.68,-3.000,0.015,5.07,5.77,0.063,0.45,0.0060,4.7
5,1981,9,47.2,1.12,0.27,0.07,0.84,-3.000,0.014,4.96,5.88,0.041,0.52,0.0020,5.1
5,1981,10,144.5,1.12,0.27,0.19,0.74,-3.000,0.022,4.94,6.02,0.078,0.52,0.0020,4.6
5,1981,11,60.3,1.12,0.26,0.10,0.82,-3.000,0.016,5.00,5.99,0.196,0.53,0.0020,5.1
5,1981,12,29.2,1.12,0.29,0.08,0.88,-3.000,0.014,5.07,5.95,0.474,0.47,0.0010,5.6
5,1982,1,31.6,1.15,0.30,0.13,0.84,-3.000,0.020,5.03,5.91,0.769,0.44,0.0030,5.4
5,1982,2,30.4,1.16,0.31,0.13,0.89,-3.000,0.014,5.10,6.13,0.627,0.46,0.0010,5.7
5,1982,3,57.3,1.22,0.32,0.16,0.87,-3.000,0.014,5.11,5.80,1.040,0.45,0.0010,5.9
5,1982,4,337.5,1.08,0.25,0.27,0.58,-3.000,0.016,4.91,5.18,1.381,0.34,0.0070,3.9
5,1982,5,52.4,1.04,0.24,0.18,0.66,-3.000,0.017,4.97,5.20,0.449,0.35,0.0030,4.3
5,1982,6,42.6,1.07,0.26,0.06,0.81,-3.000,0.011,5.06,5.44,0.064,0.38,0.0030,4.7
5,1982,7,6.2,1.08,0.26,0.06,0.80,-3.000,0.015,4.97,5.52,0.108,0.40,0.0040,4.7
5,1982,8,1.4,1.07,0.29,0.14,0.89,-3.000,0.018,4.92,5.66,0.158,0.41,0.0040,5.0
5,1982,9,5.8,1.02,0.30,0.24,0.93,-3.000,0.014,4.97,5.97,0.307,0.39,0.0040,4.9
5,1982,10,11.8,1.07,0.34,0.14,0.95,-3.000,0.014,5.05,6.27,0.015,0.42,0.0020,5.5
5,1982,11,70.3,1.22,0.34,0.21,0.82,-3.000,0.018,5.06,6.22,0.158,0.47,0.0020,5.0
5,1982,12,70.5,1.23,0.31,0.13,0.82,-3.000,0.014,5.06,6.09,0.403,0.45,0.0020,5.0
5,1983,1,81.2,1.16,0.28,0.23,0.72,-3.000,0.014,4.96,5.60,1.079,0.46,0.0060,4.3
5,1983,2,61.8,1.10,0.26,0.20,0.71,-3.000,0.016,4.96,5.42,0.904,0.42,0.0030,4.1
5,1983,3,113.8,1.13,0.27,0.18,0.78,-3.000,0.014,5.04,5.68,0.775,0.45,0.0010,4.3
5,1983,4,150.6,1.08,0.25,0.19,0.71,-3.000,0.011,4.99,5.25,0.553,0.49,0.0030,4.0
5,1983,5,154.5,1.05,0.23,0.20,0.73,-3.000,0.016,4.95,5.42,0.289,0.47,0.0040,4.1
5,1983,6,36.9,1.04,0.23,0.15,0.77,-3.000,0.013,4.95,5.45,0.128,0.47,0.0040,4.2
5,1983,7,0.9,1.46,0.45,0.22,1.18,-3.000,0.015,5.53,5.89,0.440,0.58,0.0020,6.9
5,1983,8,2.4,1.13,0.32,0.20,0.90,-3.000,0.028,5.07,5.39,0.623,0.45,0.0060,4.9
5,1983,9,0.1,1.51,0.47,0.31,1.15,-3.000,0.023,5.41,5.57,1.424,0.48,0.0070,6.1
5,1983,10,6.7,1.20,0.37,0.46,1.05,-3.000,0.012,5.11,5.82,0.302,0.74,0.0030,5.4
5,1983,11,86.8,1.28,0.36,0.39,0.84,-3.000,0.017,5.07,5.85,0.020,0.76,0.0040,4.7
5,1983,12,147.2,1.17,0.26,0.38,0.62,-3.000,0.025,4.94,5.01,0.240,0.63,0.0090,3.7
5,1984,1,17.6,1.14,0.29,0.22,0.89,-3.000,0.014,5.12,5.47,0.079,0.55,0.0030,5.1
5,1984,2,125.0,1.20,0.30,0.37,0.80,-3.000,0.016,5.07,5.38,0.513,0.58,0.0040,4.2
5,1984,3,81.5,1.12,0.28,0.34,0.79,-3.000,0.012,5.17,5.24,0.275,0.51,0.0040,4.4
5,1984,4,224.0,1.11,0.26,0.51,0.62,-3.000,0.022,5.08,4.84,0.334,0.48,0.0090,3.6
5,1984,5,226.0,1.14,0.26,0.55,0.65,-3.000,0.022,5.06,4.76,0.307,0.44,0.0090,3.8
5,1984,6,145.3,1.18,0.27,0.59,0.80,-3.000,0.018,5.20,4.85,0.732,0.49,0.0060,4.4
5,1984,7,109.3,1.49,0.35,0.81,0.93,-3.000,0.019,5.13,4.34,3.620,0.61,0.0080,4.9
5,1984,8,11.3,1.82,0.46,0.97,1.33,-3.000,0.015,5.07,4.40,6.534,0.81,0.0060,5.5
5,1984,9,6.1,2.21,0.64,0.98,1.67,-3.000,0.018,5.18,4.31,9.788,0.91,0.0070,6.2
5,1984,10,21.7,3.03,0.85,1.27,1.61,-3.000,0.019,4.91,3.84,15.200,1.01,0.0100,6.2
5,1984,11,74.6,4.23,1.13,1.90,1.49,-3.000,0.028,4.65,3.29,29.657,1.09,0.0050,5.9
5,1984,12,87.3,3.62,0.97,1.59,1.23,-3.000,0.034,4.61,3.07,26.328,0.85,0.0030,5.3
5,1985,1,25.3,3.65,1.00,1.47,1.26,-3.000,0.026,4.60,3.09,27.429,0.81,0.0020,5.8
5,1985,2,67.6,2.89,0.79,1.37,1.00,-3.000,0.048,4.63,3.52,20.566,0.74,0.0050,4.7
5,1985,3,107.7,2.98,0.80,1.25,1.00,-3.000,0.030,4.62,3.15,21.776,0.68,0.0040,4.7
5,1985,4,91.9,2.88,0.77,1.33,0.96,-3.000,0.032,4.59,3.32,21.048,0.69,0.0060,4.6
5,1985,5,53.0,3.06,0.78,1.41,1.15,-3.000,0.026,4.62,3.54,20.405,0.78,0.0030,4.8
5,1985,6,44.8,2.95,0.73,1.24,1.17,-3.000,0.020,4.65,3.73,19.394,0.72,0.0050,5.3
5,1985,7,13.3,3.02,0.74,1.23,1.22,-3.000,0.019,4.64,3.67,21.257,0.73,0.0070,5.7
5,1985,8,11.7,2.29,0.62,0.78,1.31,-3.000,0.018,4.89,4.64,10.093,0.68,0.0070,6.4
5,1985,9,65.0,2.74,0.66,1.27,0.94,-3.000,0.062,4.66,4.35,14.396,0.68,0.0110,5.9
5,1985,10,83.6,2.71,0.68,1.18,1.02,-3.000,0.034,4.66,4.35,16.217,0.64,0.0060,6.1
5,1985,11,95.5,2.65,0.69,1.11,1.06,-3.000,0.017,4.67,4.20,17.260,0.64,0.0050,5.8
5,1985,12,44.4,2.53,0.67,1.05,1.01,-3.000,0.024,4.66,3.95,16.266,0.62,0.0070,5.5
5,1986,1,200.5,1.95,0.35,1.04,0.53,-3.000,0.031,4.69,3.40,14.396,0.38,0.0110,3.5
5,1986,2,24.6,2.42,0.64,0.89,0.96,-3.000,0.027,4.74,3.78,14.897,0.50,0.0050,5.5
5,1986,3,187.3,2.00,0.52,0.87,0.72,-3.000,0.023,4.74,3.93,12.156,0.41,0.0050,4.6
5,1986,4,87.2,1.98,0.50,0.94,0.74,-3.000,0.021,4.75,3.92,11.835,0.42,0.0040,4.6
5,1986,5,72.8,1.98,0.52,0.83,0.93,-3.000,0.029,4.83,4.50,9.078,0.45,0.0060,4.9
5,1986,6,28.0,1.68,0.43,0.51,0.89,-3.000,0.022,5.02,4.82,4.974,0.40,0.0040,4.9
5,1986,7,34.2,1.39,0.37,0.29,0.91,-3.000,0.028,5.29,5.28,1.632,0.36,0.0070,5.8
5,1986,8,96.1,1.47,0.37,0.32,0.76,-3.000,0.031,5.25,5.13,1.374,0.35,0.0090,5.9
5,1986,9,41.5,1.43,0.40,0.36,0.88,-3.000,0.017,5.41,5.09,1.645,0.27,0.0070,6.1
5,1986,10,42.8,1.54,0.45,0.56,0.95,-3.000,0.028,5.42,5.03,2.642,0.47,0.0070,6.1
5,1986,11,77.4,1.71,0.48,0.69,0.92,-3.000,0.026,5.26,4.98,4.294,0.54,0.0060,6.0
5,1986,12,64.7,1.68,0.47,0.59,0.87,-3.000,0.026,5.17,4.94,4.496,0.49,0.0050,6.0
5,1987,1,21.0,1.68,0.50,0.53,0.96,-3.000,0.019,5.31,4.81,4.381,0.46,0.0040,6.1
5,1987,2,10.1,1.61,0.51,0.51,1.05,-3.000,0.019,5.38,5.00,4.113,0.46,0.0050,6.3
5,1987,3,247.1,1.29,0.34,0.88,0.52,-3.000,0.034,5.01,4.17,2.860,0.42,0.0170,3.9
5,1987,4,88.2,1.29,0.33,0.79,0.57,-3.000,0.031,5.11,4.44,2.344,0.38,0.0140,4.2
5,1987,5,39.7,1.40,0.41,0.55,0.84,-3.000,0.022,5.45,5.09,1.691,0.37,0.0080,5.2
5,1987,6,94.4,1.33,0.33,0.22,0.76,-3.000,0.022,5.53,5.21,0.200,0.25,0.0090,5.6
5,1987,7,27.0,1.30,0.32,0.15,0.79,-3.000,0.020,5.56,5.11,0.061,0.23,0.0080,6.0
5,1987,8,11.1,1.37,0.39,0.19,1.10,-3.000,0.013,5.72,5.41,0.201,0.29,0.0060,7.4
5,1987,9,58.0,1.33,0.35,0.32,0.80,-3.000,0.035,5.36,5.19,0.012,0.36,0.0110,5.8
5,1987,10,62.9,1.32,0.37,0.51,0.84,-3.000,0.032,5.50,5.47,0.026,0.48,0.0090,6.0
5,1987,11,77.0,1.35,0.38,0.65,0.76,-3.000,0.021,5.29,5.53,0.267,0.52,0.0160,5.6
5,1987,12,52.3,1.33,0.39,0.53,0.79,-3.000,0.020,5.42,5.58,0.535,0.46,0.0090,6.0
5,1988,1,19.3,1.38,0.42,0.40,0.94,-3.000,0.021,5.62,5.72,0.837,0.47,0.0070,6.3
5,1988,2,28.4,1.47,0.45,0.41,0.91,-3.000,0.026,5.60,5.63,0.729,0.45,0.0060,5.9
5,1988,3,110.1,1.32,0.37,0.60,0.63,-3.000,0.030,5.31,5.12,0.604,0.38,0.0190,4.5
5,1988,4,125.1,1.32,0.37,0.53,0.71,-3.000,0.019,5.44,5.38,0.334,0.34,0.0150,4.8
5,1988,5,66.0,1.34,0.36,0.49,0.84,-3.000,0.024,5.62,5.64,0.119,0.30,0.0120,5.3
5,1988,6,9.4,1.39,0.40,0.25,0.98,-3.000,0.014,5.75,5.50,0.043,0.25,0.0060,5.9
5,1988,7,12.7,1.64,0.46,0.25,1.10,-3.000,0.024,5.78,5.87,0.055,0.28,0.0130,6.6
5,1988,8,16.0,1.61,0.44,0.25,0.97,-3.000,0.022,5.39,5.94,0.011,0.27,0.0070,6.7
5,1988,9,19.2,1.53,0.38,0.20,0.86,-3.000,0.019,5.43,5.91,0.010,0.26,0.0080,6.3
5,1988,10,15.6,1.46,0.47,0.49,1.16,-3.000,0.019,5.73,6.44,0.010,0.57,0.0030,6.4
5,1988,11,100.0,1.57,0.43,0.58,0.83,-3.000,0.032,5.29,6.28,0.011,0.62,0.0030,5.4
5,1988,12,23.5,1.50,0.42,0.36,0.96,-3.000,0.019,5.54,6.26,0.212,0.46,0.0020,5.9
5,1989,1,14.0,1.46,0.44,0.35,1.03,-3.000,0.012,5.65,6.15,0.193,0.41,0.0020,6.1
5,1989,2,20.3,1.48,0.46,0.37,1.00,-3.000,0.029,5.52,6.19,0.257,0.42,0.0030,5.7
5,1989,3,113.7,1.31,0.36,0.58,0.67,-3.000,0.024,5.45,5.27,0.326,0.50,0.0050,4.2
5,1989,4,186.7,1.28,0.33,0.51,0.67,-3.000,0.027,5.36,5.22,0.117,0.35,0.0030,4.6
5,1989,5,156.0,1.29,0.33,0.56,0.69,-3.000,0.023,5.37,5.65,0.025,0.31,0.0030,5.1
5,1989,6,90.1,1.36,0.34,0.20,0.74,-3.000,0.028,5.49,5.48,0.010,0.26,0.0010,5.4
5,1989,7,12.7,1.36,0.34,0.17,0.86,-3.000,0.037,5.51,5.45,0.010,0.28,0.0040,5.9
5,1989,8,26.5,1.45,0.36,0.16,0.96,-3.000,0.024,5.65,5.44,0.013,0.25,0.0020,6.7
5,1989,9,28.1,1.49,0.39,0.38,0.87,-3.000,0.023,5.48,5.61,0.010,0.39,0.0050,6.1
5,1989,10,144.5,1.45,0.30,0.53,0.79,-3.000,0.022,5.37,5.78,0.010,0.45,0.0080,5.9
5,1989,11,132.3,1.37,0.27,0.45,0.81,-3.000,0.013,5.36,5.73,0.014,0.43,0.0040,5.8
5,1989,12,24.7,1.32,0.34,0.36,0.89,-3.000,0.019,5.53,5.71,0.086,0.38,0.0070,6.0
5,1990,1,70.6,1.34,0.36,0.37,0.84,-3.000,0.025,5.46,5.64,0.136,0.35,0.0060,5.6
5,1990,2,80.5,1.34,0.34,0.38,0.79,-3.000,0.017,5.49,5.75,0.120,0.39,0.0070,5.4
5,1990,3,203.7,1.22,0.29,0.46,0.65,-3.000,0.024,5.28,5.32,0.095,0.33,0.0080,4.6
5,1990,4,128.7,1.23,0.29,0.47,0.67,-3.000,0.017,5.37,5.22,0.069,0.29,0.0110,4.7
5,1990,5,123.3,1.29,0.30,0.52,0.69,-3.000,0.032,5.42,5.31,0.010,0.30,0.0070,4.9
5,1990,6,92.3,1.33,0.29,0.26,0.62,-3.000,0.041,5.43,4.77,0.010,0.26,0.0170,4.7
5,1990,7,27.0,1.37,0.30,0.15,0.77,-3.000,0.027,5.60,5.23,0.010,0.25,0.0090,5.8
5,1990,8,198.7,1.39,0.27,0.20,0.54,-3.000,0.050,5.10,4.73,0.010,0.28,0.0100,5.0
5,1990,9,23.7,1.34,0.35,0.22,0.97,-3.000,0.018,5.64,5.59,0.010,0.40,0.0040,6.7
5,1990,10,155.8,1.39,0.33,0.49,0.75,-3.000,0.032,5.42,5.52,0.010,0.49,0.0050,5.8
5,1990,11,98.9,1.34,0.31,0.41,0.74,-3.000,0.021,5.45,5.35,0.021,0.49,0.0080,5.7
5,1990,12,146.3,1.19,0.28,0.40,0.62,-3.000,0.022,5.29,4.96,0.157,0.39,0.0100,4.8
5,1991,1,37.0,1.24,0.32,0.34,0.79,-3.000,0.012,5.51,5.43,0.182,0.38,0.0060,5.6
5,1991,2,30.4,1.30,0.34,0.34,0.79,-3.000,0.021,5.57,5.35,0.349,0.33,0.0070,5.4
5,1991,3,144.6,1.27,0.32,0.38,0.64,-3.000,0.028,5.45,5.10,0.248,0.29,0.0060,4.7
5,1991,4,130.4,1.25,0.30,0.42,0.62,-3.000,0.025,5.44,5.11,0.099,0.32,0.0040,4.7
5,1991,5,52.9,1.49,0.34,0.41,0.76,-3.000,0.021,5.59,5.42,0.035,0.33,0.0030,5.5
5,1991,6,9.1,1.39,0.38,0.18,0.96,-3.000,0.025,5.68,5.45,0.022,0.31,0.0020,6.6
5,1991,7,7.7,1.45,0.37,0.29,0.87,-3.000,0.015,5.66,5.23,0.100,0.28,0.0100,5.5
5,1991,8,94.8,1.48,0.31,0.14,0.62,-3.000,0.041,5.34,4.82,0.015,0.24,0.0080,5.2
5,1991,9,34.3,1.48,0.36,0.24,0.80,-3.000,0.030,5.30,5.30,0.010,0.38,0.0040,6.0
5,1991,10,136.6,1.42,0.34,0.31,0.74,-3.000,0.025,5.49,5.51,0.010,0.32,0.0040,6.0
5,1991,11,65.7,1.37,0.32,0.37,0.79,-3.000,0.024,5.44,5.55,0.010,0.41,0.0030,5.8
5,1991,12,77.4,1.41,0.33,0.31,0.75,-3.000,0.037,5.39,5.48,0.178,0.35,0.0020,5.4
5,1992,1,78.2,1.36,0.33,0.29,0.72,-3.000,0.017,5.43,5.41,0.132,0.29,0.0020,5.2
5,1992,2,20.4,1.35,0.36,0.30,0.84,-3.000,0.012,5.66,5.50,0.076,0.30,0.0030,5.7
5,1992,3,135.4,1.23,0.32,0.46,0.60,-3.000,0.025,5.38,4.90,0.288,0.35,0.0060,4.1
5,1992,4,191.1,1.20,0.29,0.41,0.59,-3.000,0.025,5.36,4.96,0.063,0.34,0.0060,4.2
5,1992,5,50.0,1.27,0.31,0.43,0.69,-3.000,0.015,5.49,5.22,0.015,0.33,0.0040,5.1
5,1992,6,19.2,1.32,0.33,0.27,0.81,-3.000,0.021,5.69,5.17,0.012,0.29,0.0020,5.6
5,1992,7,26.0,1.38,0.34,0.11,0.86,-3.000,0.033,5.77,5.19,0.010,0.24,0.0040,5.9
5,1992,8,42.5,1.39,0.35,0.13,0.87,-3.000,0.043,5.70,5.15,0.033,0.25,0.0050,6.1
5,1992,9,60.9,1.39,0.33,0.14,0.77,-3.000,0.039,5.65,5.10,0.010,0.28,0.0050,5.8
5,1992,10,53.1,1.36,0.38,0.40,0.84,-3.000,0.027,5.69,5.36,0.010,0.42,0.0050,6.1
5,1992,11,145.8,1.31,0.31,0.32,0.71,-3.000,0.050,5.38,5.11,0.010,0.39,0.0030,5.3
5,1992,12,49.0,1.29,0.31,0.28,0.78,-3.000,0.044,5.49,5.35,0.015,0.37,0.0020,5.6
5,1993,1,45.1,1.33,0.33,0.27,0.82,-3.000,0.048,5.64,5.39,0.033,0.35,0.0010,5.5
5,1993,2,16.6,1.27,0.35,0.28,0.88,-3.000,0.032,5.56,5.41,0.010,0.34,0.0010,5.7
5,1993,3,135.1,1.13,0.29,0.43,0.57,-3.000,0.056,5.14,4.43,0.143,0.31,0.0050,3.9
5,1993,4,280.1,1.08,0.25,0.42,0.52,-3.000,0.019,5.17,4.41,0.018,0.32,0.0050,3.9
5,1993,5,34.2,1.19,0.29,0.38,0.77,-3.000,0.010,5.52,5.07,0.010,0.32,0.0010,5.3
5,1993,6,28.6,1.24,0.31,0.21,0.75,-3.000,0.006,5.59,4.84,0.010,0.28,0.0030,3.9
5,1993,7,8.1,1.33,0.36,0.18,1.00,-3.000,0.024,5.62,5.49,0.015,0.31,0.0040,6.2
5,1993,8,18.1,1.48,0.39,0.14,0.95,-3.000,0.009,5.64,5.60,0.010,0.33,0.0010,6.5
5,1993,9,27.4,1.40,0.38,0.20,0.88,-3.000,0.020,5.66,5.40,0.010,0.34,0.0010,6.1
5,1993,10,54.6,1.40,0.39,0.41,0.81,-3.000,0.019,5.72,5.49,0.010,0.42,0.0030,5.9
5,1993,11,136.2,1.34,0.32,0.39,0.74,-3.000,0.020,5.43,5.33,0.010,0.57,0.0020,5.5
5,1993,12,88.3,1.33,0.30,0.33,0.75,-3.000,0.032,5.39,5.30,0.010,0.62,0.0020,5.3
5,1994,1,27.8,1.29,0.33,0.28,0.86,-3.000,0.031,5.60,5.28,0.010,0.47,0.0020,5.8
5,1994,2,28.4,1.25,0.33,0.28,0.82,-3.000,0.028,5.65,5.14,0.010,0.41,0.0010,5.4
5,1994,3,60.4,1.30,0.32,0.28,0.79,-3.000,0.011,5.56,5.20,0.010,0.40,0.0010,5.2
5,1994,4,338.4,1.13,0.24,0.33,0.56,-3.000,0.005,5.28,4.78,0.029,0.35,0.0010,4.0
5,1994,5,81.7,1.20,0.26,0.37,0.68,-3.000,0.015,5.39,4.82,0.010,0.32,0.0010,4.8
5,1994,6,20.3,1.30,0.31,0.21,0.88,-3.000,0.015,5.80,5.10,0.010,0.35,0.0010,5.8
5,1994,7,12.6,1.35,0.35,0.15,1.07,-3.000,0.008,5.93,5.14,0.010,0.36,0.0010,7.0
5,1994,8,12.3,1.24,0.31,0.19,0.89,-3.000,0.005,5.82,4.61,0.010,0.33,0.0010,5.8
5,1994,9,25.3,1.35,0.38,0.29,1.01,-3.000,0.016,5.89,5.22,0.010,0.44,0.0030,6.5
5,1994,10,15.1,1.30,0.41,0.44,1.06,-3.000,0.008,5.90,5.38,0.010,0.49,0.0020,6.7
5,1994,11,37.6,1.33,0.40,0.39,0.98,-3.000,0.006,5.68,5.49,0.010,0.52,0.0020,6.4
5,1994,12,91.3,1.38,0.35,0.35,0.80,-3.000,0.016,5.61,5.29,0.010,0.45,0.0020,5.5
5,1995,1,114.0,1.33,0.30,0.32,0.72,-3.000,0.021,5.47,5.01,0.010,0.45,0.0040,5.2
5,1995,2,22.0,1.34,0.33,0.30,0.86,-3.000,0.015,5.61,5.38,0.010,0.41,0.0010,5.9
5,1995,3,140.6,1.24,0.29,0.36,0.68,-3.000,0.010,5.36,4.96,0.014,0.38,0.0020,5.0
5,1995,4,66.3,1.25,0.30,0.33,0.76,-3.000,0.005,5.53,5.14,0.010,0.35,0.0010,5.4
5,1995,5,69.8,1.26,0.30,0.37,0.80,-3.000,0.014,5.65,5.10,0.010,0.33,0.0010,5.3
5,1995,6,16.5,1.30,0.32,0.25,0.90,-3.000,0.014,5.72,5.11,0.010,0.34,0.0020,5.9
5,1995,7,15.7,1.45,0.37,0.17,0.98,-3.000,0.005,5.76,5.42,0.010,0.36,0.0030,6.6
5,1995,8,52.4,1.41,0.32,0.12,0.78,-3.000,0.014,5.55,5.20,0.010,0.30,0.0020,6.0
5,1995,9,6.7,1.49,0.44,0.28,1.24,-3.000,0.018,5.86,6.09,0.010,0.48,0.0020,7.8
5,1995,10,173.9,1.31,0.34,0.55,0.80,-3.000,0.018,5.36,5.37,0.010,0.67,0.0030,5.6
5,1995,11,189.0,1.20,0.27,0.38,0.73,-3.000,0.005,5.24,4.98,0.010,0.66,0.0020,5.4
5,1995,12,30.3,1.19,0.30,0.29,0.87,-3.000,0.005,5.50,5.17,0.022,0.52,0.0010,5.7
5,1996,1,233.3,1.11,0.28,0.32,0.76,-3.000,0.008,5.35,4.93,0.054,0.56,0.0010,5.0
5,1996,2,101.5,1.12,0.28,0.32,0.78,-3.000,0.006,5.37,4.94,0.027,0.59,0.0020,5.0
5,1996,3,96.3,1.11,0.28,0.31,0.76,-3.000,0.005,5.42,4.89,0.030,0.57,0.0010,5.0
5,1996,4,296.6,1.00,0.23,0.32,0.64,-3.000,0.005,5.29,4.46,0.020,0.49,0.0020,4.2
5,1996,5,160.8,0.98,0.22,0.35,0.61,-3.000,0.005,5.33,4.34,0.010,0.44,0.0020,4.1
5,1996,6,71.2,1.13,0.26,0.18,0.75,-3.000,0.008,5.58,4.45,0.010,0.35,0.0020,5.2
5,1996,7,135.8,1.13,0.24,0.09,0.65,-3.000,0.005,5.44,4.19,0.010,0.28,0.0020,5.1
5,1996,8,7.8,1.22,0.29,0.11,0.90,-3.000,0.005,5.65,4.71,0.011,0.38,0.0010,6.6
5,1996,9,3.0,1.39,0.44,0.31,1.38,-3.000,0.005,5.90,5.61,0.017,0.57,0.0020,8.2
5,1996,10,52.5,1.26,0.39,0.87,0.84,-3.000,0.006,5.57,5.21,0.010,0.83,0.0030,5.4
5,1996,11,134.3,1.19,0.31,0.46,0.81,-3.000,0.007,5.45,4.97,0.010,0.74,0.0010,5.2
5,1996,12,190.5,1.04,0.24,0.37,0.66,-3.000,0.007,5.19,4.32,0.017,0.54,0.0020,4.3
5,1997,1,40.9,1.15,0.28,0.30,0.77,-3.000,0.006,5.47,4.71,0.087,0.48,0.0010,4.9
5,1997,2,48.1,1.14,0.29,0.29,0.79,-3.000,0.020,5.55,4.66,0.091,0.44,0.0010,5.2
5,1997,3,78.2,1.14,0.28,0.30,0.73,-3.000,0.012,5.44,4.62,0.127,0.39,0.0010,4.8
5,1997,4,319.1,0.99,0.23,0.32,0.56,-3.000,0.008,5.21,4.13,0.154,0.30,0.0010,3.9
5,1997,5,132.8,1.00,0.23,0.35,0.61,-3.000,0.005,5.33,4.31,0.026,0.30,0.0010,4.3
5,1997,6,21.4,1.15,0.29,0.26,0.89,-3.000,0.005,5.75,4.76,0.010,0.37,0.0010,6.0
5,1997,7,36.1,1.25,0.31,0.14,0.86,-3.000,0.009,5.64,4.58,0.015,0.32,0.0010,6.2
5,1997,8,6.9,1.37,0.39,0.19,1.13,-3.000,0.024,5.82,4.99,0.025,0.40,0.0010,7.5
5,1997,9,5.1,1.33,0.39,0.20,1.18,-3.000,0.025,5.92,5.13,0.010,0.43,0.0020,7.7
5,1997,10,10.2,1.18,0.40,0.48,1.11,-3.000,0.028,5.94,5.16,0.010,0.54,0.0020,6.8
5,1997,11,78.8,1.22,0.36,0.50,0.85,-3.000,0.018,5.65,4.88,0.010,0.56,0.0040,5.7
5,1997,12,23.7,1.28,0.35,0.24,0.89,-3.000,0.009,5.71,5.09,0.012,0.47,0.0010,6.2
5,1998,1,100.4,1.13,0.30,0.40,0.61,-3.000,0.005,5.49,4.16,0.162,0.35,0.0050,4.5
5,1998,2,57.1,1.19,0.30,0.26,0.78,-3.000,0.005,5.59,4.85,0.032,0.38,0.0020,5.6
5,1998,3,228.6,1.05,0.25,0.28,0.61,-3.000,0.015,5.39,4.31,0.129,0.29,0.0010,4.7
5,1998,4,114.7,1.04,0.24,0.30,0.58,-3.000,0.014,5.37,4.19,0.065,0.27,0.0020,4.6
5,1998,5,59.0,1.12,0.27,0.31,0.69,-3.000,0.011,5.56,4.53,0.010,0.30,0.0010,5.5
5,1998,6,194.6,1.10,0.24,0.12,0.62,-3.000,0.005,5.34,4.16,0.010,0.23,0.0010,5.3
5,1998,7,38.9,1.14,0.24,0.08,0.67,-3.000,0.007,5.43,4.23,0.010,0.26,0.0010,6.0
5,1998,8,8.0,1.29,0.37,0.17,1.20,-3.000,0.005,5.74,5.07,0.010,0.40,0.0010,8.6
5,1998,9,6.0,1.41,0.44,0.27,1.36,-3.000,0.005,5.84,5.43,0.010,0.47,0.0020,9.1
5,1998,10,42.1,1.16,0.37,0.59,1.01,-3.000,0.005,5.80,5.17,0.010,0.54,0.0030,7.4
5,1998,11,79.7,1.24,0.33,0.36,0.84,-3.000,0.005,5.68,4.91,0.012,0.47,0.0020,6.3
5,1998,12,59.4,1.23,0.30,0.31,0.82,-3.000,0.005,5.63,4.89,0.032,0.42,0.0020,6.2
5,1999,1,93.2,1.24,0.30,0.30,0.70,-3.000,0.005,5.51,4.58,0.184,0.36,0.0020,5.3
5,1999,2,44.2,1.21,0.29,0.30,0.73,-3.000,0.005,5.58,4.68,0.126,0.35,0.0020,5.5
5,1999,3,180.5,1.12,0.26,0.36,0.63,-3.000,0.005,5.39,4.08,0.453,0.45,0.0040,4.3
5,1999,4,134.0,1.07,0.25,0.34,0.62,-3.000,0.005,5.35,4.23,0.251,0.39,0.0030,4.7
5,1999,5,89.5,1.11,0.27,0.34,0.79,-3.000,0.011,5.63,4.66,0.010,0.37,0.0020,5.5
5,1999,6,12.9,1.15,0.29,0.19,0.87,-3.000,0.005,5.70,4.73,0.010,0.39,0.0020,6.3
5,1999,7,10.0,1.32,0.37,0.18,1.14,-3.000,0.005,5.86,4.95,0.011,0.40,0.0020,7.8
5,1999,8,5.9,1.31,0.38,0.22,1.19,-3.000,0.005,5.98,5.19,0.014,0.41,0.0020,7.1
5,1999,9,150.6,1.25,0.32,0.23,0.83,-3.000,0.006,5.61,4.91,0.010,0.37,0.0020,6.4
5,1999,10,79.6,1.14,0.30,0.38,0.75,-3.000,0.005,5.65,4.75,0.010,0.47,0.0030,6.0
5,1999,11,106.2,1.17,0.28,0.30,0.79,-3.000,0.005,5.51,4.68,0.010,0.53,0.0010,5.7
5,1999,12,54.1,1.15,0.29,0.25,0.81,-3.000,0.005,5.50,4.79,0.027,0.53,0.0010,6.0
5,2000,1,44.5,1.14,0.29,0.25,0.83,-3.000,0.005,5.55,4.80,0.131,0.50,0.0020,5.6
5,2000,2,39.0,1.11,0.30,0.28,0.76,-3.000,0.005,5.53,4.52,0.479,0.46,0.0020,5.0
5,2000,3,206.2,1.06,0.25,0.30,0.63,-3.000,0.005,5.35,4.38,0.294,0.43,0.0010,4.8
5,2000,4,276.5,0.90,0.21,0.42,0.49,-3.000,0.005,5.13,3.79,0.097,0.40,0.0020,3.9
5,2000,5,136.5,1.01,0.23,0.36,0.65,-3.000,0.005,5.38,4.39,0.010,0.42,0.0020,4.7
5,2000,6,24.2,1.04,0.26,0.18,0.80,-3.000,0.005,5.50,4.53,0.010,0.36,0.0020,5.7
5,2000,7,6.8,1.06,0.29,0.13,0.95,-3.000,0.005,5.73,4.71,0.010,0.39,0.0020,7.1
5,2000,8,17.7,1.12,0.31,0.11,1.00,-3.000,0.005,5.77,4.77,0.010,0.36,0.0010,7.2
5,2000,9,18.1,1.23,0.36,0.17,1.09,-3.000,0.005,5.93,4.98,0.016,0.37,0.0020,7.8
5,2000,10,25.0,1.06,0.38,0.61,1.03,-3.000,0.005,5.90,5.11,0.010,0.52,0.0020,7.1
5,2000,11,65.4,1.09,0.34,0.33,0.81,-3.000,0.006,5.66,4.81,0.016,0.47,0.0020,6.0
5,2000,12,125.5,1.07,0.28,0.32,0.65,-3.000,0.006,5.42,4.46,0.010,0.40,0.0020,5.1
5,2001,1,24.0,1.06,0.28,0.23,0.81,-3.000,0.005,5.56,4.78,0.015,0.38,0.0010,6.0
5,2001,2,21.3,1.13,0.32,0.18,0.88,-3.000,0.005,5.68,4.83,0.058,0.38,0.0020,6.2
5,2001,3,25.6,1.13,0.32,0.26,0.89,-3.000,0.008,5.75,4.87,0.117,0.36,0.0020,6.1
5,2001,4,281.3,0.98,0.24,0.27,0.59,-3.000,0.005,5.32,4.16,0.110,0.27,0.0020,4.6
5,2001,5,37.2,1.04,0.25,0.24,0.72,-3.000,0.007,5.58,4.46,0.010,0.29,0.0020,5.6
5,2001,6,57.7,1.04,0.24,0.15,0.65,-3.000,0.005,5.49,4.21,0.014,0.24,0.0020,5.2
5,2001,7,4.0,1.27,0.37,0.14,1.20,-3.000,0.005,5.96,5.07,0.022,0.38,0.0020,8.5
5,2001,8,0.3,1.51,0.55,0.36,1.76,-3.000,0.005,6.03,5.92,0.010,0.47,0.0030,10.5
5,2001,9,12.3,1.18,0.36,0.57,1.07,-3.000,0.005,5.81,5.46,0.024,0.54,0.0020,6.0
5,2001,10,11.6,1.22,0.40,0.59,1.14,-3.000,0.005,5.64,6.01,0.011,0.59,0.0010,7.3
5,2001,11,40.3,1.26,0.39,0.34,0.93,-3.000,0.005,5.45,5.81,0.013,0.64,0.0010,6.3
5,2001,12,52.1,1.23,0.33,0.25,0.86,-3.000,0.005,5.45,5.44,0.019,0.61,0.0010,6.0
5,2002,1,27.9,1.23,0.32,0.20,0.92,-3.000,0.005,5.52,5.41,0.010,0.48,0.0010,6.4
5,2002,2,57.3,1.18,0.31,0.23,0.83,-3.000,0.005,5.50,5.08,0.084,0.47,0.0010,5.7
5,2002,3,119.3,1.12,0.28,0.24,0.75,-3.000,0.005,5.36,4.83,0.056,0.50,0.0010,5.2
5,2002,4,272.6,0.98,0.23,0.29,0.63,-3.000,0.005,5.25,4.33,0.028,0.38,0.0030,4.5
5,2002,5,112.6,0.98,0.24,0.28,0.70,-3.000,0.005,5.38,4.54,0.016,0.34,0.0010,5.0
5,2002,6,62.2,1.05,0.25,0.16,0.75,-3.000,0.005,5.46,4.59,0.011,0.30,0.0010,5.7
5,2002,7,3.1,1.30,0.38,0.15,1.18,-3.000,0.005,5.85,5.11,0.012,0.38,0.0010,8.4
5,2002,8,1.0,1.37,0.49,0.22,1.61,-3.000,0.005,6.14,5.56,0.010,0.45,0.0030,10.5
5,2002,9,3.8,1.03,0.32,0.62,1.01,-3.000,0.005,5.70,4.98,0.010,0.47,0.0040,5.9
5,2002,10,19.6,1.21,0.39,0.32,1.04,-3.000,0.005,5.54,5.77,0.013,0.64,0.0010,6.5
5,2002,11,86.3,1.12,0.32,0.33,0.77,-3.000,0.005,5.36,5.04,0.013,0.55,0.0020,5.3
5,2002,12,38.5,1.11,0.28,0.21,0.85,-3.000,0.005,5.43,5.05,0.010,0.48,0.0010,5.8
5,2003,1,23.2,1.12,0.29,0.19,0.93,-3.000,0.005,5.52,5.13,0.010,0.46,0.0010,6.0
5,2003,2,10.2,1.12,0.32,0.18,0.98,-3.000,0.005,5.61,5.32,0.010,0.45,0.0010,6.4
5,2003,3,150.7,1.08,0.28,0.27,0.75,-3.000,0.005,5.35,4.73,0.323,0.47,0.0030,5.2
5,2003,4,114.3,1.01,0.25,0.27,0.69,-3.000,0.005,5.34,4.50,0.079,0.38,0.0020,4.9
5,2003,5,104.6,1.02,0.25,0.28,0.72,-3.000,0.005,5.37,4.63,0.026,0.34,0.0010,5.0
5,2003,6,26.8,1.05,0.27,0.21,0.82,-3.000,0.005,5.46,4.76,0.010,0.34,0.0030,5.8
5,2003,7,4.9,1.28,0.40,0.14,1.28,-3.000,0.005,5.96,5.37,0.027,0.39,0.0020,8.7
5,2003,8,114.5,1.04,0.23,0.10,0.57,-3.000,0.005,5.08,4.14,0.017,0.20,0.0030,5.6
5,2003,9,74.5,1.09,0.27,0.12,0.85,-3.000,0.005,5.46,4.60,0.010,0.42,0.0010,6.8
5,2003,10,157.6,1.02,0.26,0.27,0.75,-3.000,0.005,5.36,4.40,0.046,0.49,0.0020,5.7
5,2003,11,177.7,0.98,0.23,0.20,0.73,-3.000,0.005,5.30,4.39,0.010,0.54,0.0010,5.4
5,2003,12,220.1,0.92,0.22,0.19,0.70,-3.000,0.005,5.27,4.23,0.154,0.56,0.0010,4.9
5,2004,1,48.5,0.91,0.23,0.20,0.73,-3.000,0.005,5.30,4.40,0.031,0.50,0.0010,5.1
5,2004,2,11.3,0.97,0.28,0.19,0.89,-3.000,0.005,5.49,4.72,0.081,0.49,0.0010,5.8
5,2004,3,79.2,0.97,0.26,0.23,0.75,-3.000,0.005,5.36,4.30,0.430,0.48,0.0010,4.8
5,2004,4,159.6,0.91,0.23,0.23,0.66,-3.000,0.005,5.31,4.13,0.213,0.41,0.0010,4.4
5,2004,5,117.0,0.91,0.23,0.21,0.69,-3.000,0.005,5.33,4.19,0.020,0.35,0.0010,4.9
5,2004,6,27.8,0.96,0.24,0.13,0.78,-3.000,0.005,5.41,4.37,0.018,0.36,0.0010,5.6
5,2004,7,17.9,1.12,0.32,0.14,1.02,-3.000,0.005,5.65,4.76,0.016,0.37,0.0020,7.2
5,2004,8,39.2,1.05,0.29,0.10,1.02,-3.000,0.005,5.70,4.76,0.010,0.37,0.0020,7.4
5,2004,9,38.5,1.03,0.26,0.08,0.85,-3.000,0.005,5.54,4.46,0.010,0.37,0.0030,6.6
5,2004,10,20.6,1.00,0.33,0.39,1.00,-3.000,0.005,5.72,4.78,0.010,0.52,0.0020,6.7
5,2004,11,108.3,0.99,0.28,0.26,0.80,-3.000,0.005,5.44,4.49,0.013,0.49,0.0010,5.6
5,2004,12,125.2,0.96,0.24,0.21,0.73,-3.000,0.005,5.41,4.37,0.010,0.46,0.0010,5.2
5,2005,1,36.9,0.97,0.25,0.19,0.79,-3.000,0.005,5.49,4.46,0.017,0.45,0.0010,5.4
5,2005,2,28.1,0.97,0.27,0.19,0.84,-3.000,0.005,5.55,4.56,0.022,0.44,0.0010,5.6
5,2005,3,60.1,0.94,0.26,0.21,0.76,-3.000,0.005,5.49,4.31,0.154,0.42,0.0010,5.0
5,2005,4,316.8,0.83,0.21,0.24,0.59,-3.000,0.005,5.28,3.82,0.088,0.39,0.0010,4.0
5,2005,5,86.8,0.87,0.21,0.25,0.69,-3.000,0.005,5.38,4.07,0.010,0.37,0.0010,4.5
5,2005,6,91.0,0.92,0.22,0.17,0.76,-3.000,0.005,5.52,4.15,0.010,0.34,0.0010,5.2
5,2005,7,25.3,0.97,0.24,0.09,0.83,-3.000,0.005,5.58,4.42,0.010,0.36,0.0010,6.1
5,2005,8,28.7,1.02,0.29,0.16,1.01,-3.000,0.005,5.62,4.74,0.010,0.41,0.0010,6.6
5,2005,9,24.6,1.09,0.32,0.19,1.04,-3.000,0.005,5.71,4.84,0.010,0.43,0.0010,6.9
5,2005,10,232.1,0.91,0.22,0.23,0.71,-3.000,0.005,5.36,4.15,0.010,0.41,0.0010,5.2
5,2005,11,161.4,0.89,0.22,0.24,0.71,-3.000,0.005,5.41,4.17,0.010,0.42,0.0010,5.0
5,2005,12,76.1,0.89,0.22,0.19,0.70,-3.000,0.005,5.37,4.04,0.076,0.44,0.0010,4.8
5,2006,1,164.5,0.86,0.21,0.22,0.65,-3.000,0.005,5.34,3.95,0.090,0.41,0.0010,4.3
5,2006,2,67.8,0.86,0.22,0.22,0.67,-3.000,0.005,5.35,4.00,0.097,0.41,0.0010,4.5
5,2006,3,74.0,0.89,0.25,0.24,0.73,-3.000,0.005,5.45,4.10,0.135,0.44,0.0010,4.9
5,2006,4,81.1,0.86,0.23,0.24,0.69,-3.000,0.005,5.40,4.01,0.064,0.41,0.0010,4.7
5,2006,5,203.8,0.80,0.20,0.27,0.63,-3.000,0.005,5.36,3.74,0.010,0.33,0.0010,4.5
5,2006,6,80.8,0.86,0.22,0.16,0.71,-3.000,0.005,5.49,3.85,0.010,0.31,0.0010,5.3
5,2006,7,26.7,0.95,0.24,0.10,0.82,-3.000,0.005,5.70,3.97,0.010,0.35,0.0010,6.4
5,2006,8,2.5,1.17,0.37,0.19,1.18,-3.000,0.005,6.03,4.58,0.010,0.42,0.0010,8.3
5,2006,9,2.6,1.29,0.49,0.37,1.49,-3.000,0.005,6.08,5.52,0.010,0.50,0.0010,9.1
5,2006,10,128.7,0.92,0.27,0.34,0.76,-3.000,0.005,5.49,4.26,0.010,0.53,0.0010,5.5
5,2006,11,162.6,0.88,0.21,0.24,0.66,-3.000,0.005,5.39,4.01,0.010,0.44,0.0010,5.2
5,2006,12,97.4,0.87,0.22,0.20,0.69,-3.000,0.005,5.42,4.08,0.090,0.41,0.0010,5.2
5,2007,1,85.4,0.82,0.21,0.19,0.63,-3.000,0.005,5.37,3.83,0.220,0.35,0.0010,4.6
5,2007,2,12.2,0.89,0.26,0.19,0.81,-3.000,0.005,5.57,4.38,0.067,0.39,0.0010,5.8
5,2007,3,101.5,0.89,0.24,0.21,0.69,-3.000,0.005,5.38,3.96,0.446,0.37,0.0010,4.7
5,2007,4,226.3,0.78,0.20,0.21,0.52,-3.000,0.005,5.23,3.34,0.384,0.26,0.0010,3.7
5,2007,5,69.2,0.81,0.21,0.21,0.65,-3.000,0.005,5.40,3.86,0.013,0.28,0.0010,4.7
5,2007,6,20.2,0.90,0.24,0.13,0.76,-3.000,0.005,5.54,4.08,0.010,0.30,0.0010,5.6
5,2007,7,29.8,0.91,0.25,0.09,0.78,-3.000,0.005,5.59,4.17,0.010,0.27,0.0010,6.4
5,2007,8,12.4,1.28,0.42,0.25,1.19,-3.000,0.031,5.96,5.46,0.324,0.43,0.0010,8.3
5,2007,9,10.2,1.06,0.33,0.33,1.05,-3.000,0.005,5.85,4.80,0.010,0.36,0.0010,7.0
5,2007,10,85.5,0.91,0.29,0.36,0.81,-3.000,0.005,5.55,4.33,0.010,0.41,0.0010,6.1
5,2007,11,122.4,0.91,0.24,0.20,0.75,-3.000,0.005,5.46,4.22,0.010,0.37,0.0010,5.8
5,2007,12,56.8,0.92,0.25,0.17,0.74,-3.000,0.005,5.42,4.01,0.116,0.48,0.0010,5.1
5,2008,1,82.4,0.88,0.24,0.16,0.73,-3.000,0.005,5.42,4.10,0.050,0.42,0.0010,5.3
5,2008,2,66.5,0.88,0.24,0.17,0.75,-3.000,0.005,5.46,4.12,0.039,0.38,0.0010,5.4
5,2008,3,101.1,0.85,0.23,0.19,0.67,-3.000,0.005,5.39,3.88,0.137,0.32,0.0010,4.9
5,2008,4,395.1,0.75,0.19,0.20,0.52,-3.000,0.005,5.28,3.48,0.187,0.24,0.0010,4.1
5,2008,5,54.8,0.78,0.20,0.20,0.61,-3.000,0.005,5.38,3.64,0.010,0.26,0.0010,4.7
5,2008,6,27.6,0.85,0.24,0.13,0.77,-3.000,0.005,5.49,3.90,0.010,0.25,0.0010,5.7
5,2008,7,34.0,0.86,0.24,0.08,0.75,-3.000,0.005,5.54,3.91,0.010,0.26,0.0010,6.4
5,2008,8,115.0,0.83,0.20,0.06,0.59,-3.000,0.005,5.37,3.61,0.010,0.20,0.0010,5.8
5,2008,9,34.7,0.89,0.26,0.14,0.79,-3.000,0.005,5.69,3.87,0.010,0.31,0.0010,6.6
5,2008,10,118.4,0.82,0.24,0.24,0.69,-3.000,0.005,5.51,3.84,0.010,0.37,0.0010,5.9
5,2008,11,99.5,0.80,0.21,0.16,0.65,-3.000,0.005,5.40,3.75,0.014,0.38,0.0010,5.5
5,2008,12,120.7,0.78,0.21,0.14,0.64,-3.000,0.005,5.35,3.80,0.037,0.31,0.0010,5.3
5,2009,1,33.8,0.79,0.22,0.14,0.70,-3.000,0.005,5.46,3.89,0.036,0.31,0.0010,5.5
5,2009,2,45.3,0.81,0.24,0.15,0.73,-3.000,0.005,5.53,3.94,0.113,0.33,0.0010,5.6
5,2009,3,134.1,0.76,0.21,0.17,0.61,-3.000,0.005,5.39,3.61,0.236,0.29,0.0010,4.6
5,2009,4,201.7,0.72,0.19,0.17,0.54,-3.000,0.005,5.32,3.38,0.147,0.23,0.0010,4.3
5,2009,5,99.2,0.77,0.21,0.16,0.65,-3.000,0.005,5.47,3.60,0.010,0.23,0.0010,5.0
5,2009,6,89.2,0.78,0.20,0.08,0.64,0.005,0.005,5.55,3.53,0.010,0.21,0.0010,5.3
5,2009,7,137.2,0.76,0.19,0.07,0.59,0.005,0.005,5.44,3.37,0.010,0.19,0.0010,5.5
5,2009,8,70.0,0.78,0.19,0.06,0.61,0.005,0.005,5.38,3.32,0.010,0.20,0.0010,5.8
5,2009,9,5.3,0.95,0.31,0.24,1.00,0.005,0.005,5.83,4.08,0.010,0.35,0.0010,7.4
5,2009,10,94.8,0.79,0.25,0.28,0.69,0.005,0.005,5.62,3.79,0.010,0.34,0.0010,5.8
5,2009,11,107.2,0.79,0.22,0.19,0.64,0.005,0.005,5.45,3.53,0.010,0.35,0.0010,5.5
5,2009,12,95.5,0.78,0.21,0.14,0.63,0.005,0.005,5.46,3.49,0.010,0.31,0.0010,5.4
5,2010,1,90.9,0.79,0.22,0.16,0.69,0.005,0.005,5.49,3.43,0.160,0.44,0.0010,5.0
5,2010,2,34.0,0.81,0.23,0.15,0.69,0.005,0.005,5.51,3.75,0.020,0.33,0.0010,5.5
5,2010,3,185.4,0.73,0.19,0.16,0.59,0.005,0.005,5.41,3.19,0.059,0.32,0.0010,4.6
5,2010,4,115.3,0.73,0.19,0.16,0.60,0.005,0.005,5.43,3.34,0.015,0.29,0.0010,4.8
5,2010,5,60.4,0.75,0.20,0.16,0.65,0.005,0.005,5.48,3.47,0.010,0.26,0.0010,5.1
5,2010,6,39.3,0.84,0.23,0.11,0.68,0.005,0.005,5.51,3.34,0.010,0.21,0.0010,5.6
5,2010,7,12.8,0.94,0.28,0.10,0.92,0.005,0.005,5.78,3.89,0.010,0.29,0.0010,7.5
5,2010,8,3.9,0.97,0.31,0.15,1.10,0.005,0.005,5.97,4.24,0.010,0.36,0.0010,8.0
5,2010,9,25.6,0.97,0.32,0.17,0.99,0.005,0.005,5.85,4.11,0.010,0.41,0.0010,6.5
5,2010,10,121.4,0.86,0.26,0.21,0.81,0.005,0.005,5.61,3.86,0.010,0.42,0.0010,6.1
5,2010,11,87.2,0.81,0.22,0.17,0.72,0.005,0.005,5.41,3.75,0.010,0.42,0.0010,5.9
5,2010,12,156.2,0.74,0.20,0.17,0.61,0.005,0.005,5.28,3.43,0.010,0.39,0.0010,5.0
5,2011,1,29.3,0.77,0.21,0.14,0.71,0.005,0.005,5.47,3.72,0.010,0.35,0.0010,5.6
5,2011,2,19.1,0.79,0.24,0.14,0.80,0.005,0.005,5.59,3.92,0.010,0.34,0.0010,6.1
5,2011,3,165.2,0.71,0.19,0.16,0.58,0.005,0.005,5.31,3.14,0.108,0.38,0.0010,4.4
5,2011,4,361.1,0.63,0.16,0.21,0.48,0.005,0.005,5.24,2.85,0.064,0.29,0.0010,3.6
5,2011,5,135.2,0.66,0.17,0.17,0.57,0.005,0.005,5.33,3.09,0.010,0.27,0.0010,4.6
5,2011,6,27.7,0.76,0.21,0.10,0.75,0.024,0.005,5.51,3.49,0.010,0.29,0.0010,6.1
5,2011,7,1.5,0.84,0.25,0.11,0.85,0.012,0.005,5.65,3.65,0.010,0.29,0.0010,7.0
5,2011,8,114.5,0.74,0.19,0.09,0.53,0.088,0.005,5.21,3.11,0.010,0.21,0.0010,5.3
5,2011,9,78.6,0.72,0.18,0.09,0.61,0.083,0.005,5.30,3.15,0.010,0.27,0.0010,6.0
5,2011,10,139.9,0.70,0.19,0.17,0.63,0.071,0.005,5.37,3.17,0.010,0.31,0.0010,5.9
5,2011,11,76.8,0.74,0.21,0.17,0.71,0.058,0.005,5.55,3.36,0.010,0.35,0.0010,5.9
5,2011,12,113.4,0.73,0.20,0.14,0.68,0.067,0.005,5.48,3.32,0.031,0.34,0.0010,5.4
5,2012,1,66.0,0.73,0.20,0.15,0.68,0.068,0.005,5.52,3.43,0.071,0.31,0.0010,5.3
5,2012,2,23.8,0.74,0.22,0.15,0.72,0.059,0.005,5.56,3.55,0.064,0.32,0.0010,5.5
5,2012,3,129.6,0.70,0.19,0.18,0.62,0.071,0.005,5.41,3.09,0.314,0.30,0.0010,4.6
5,2012,4,74.4,0.70,0.19,0.20,0.63,0.073,0.005,5.44,3.01,0.015,0.27,0.0010,4.6
5,2012,5,197.2,0.69,0.19,0.19,0.66,0.058,0.005,5.49,3.27,0.010,0.26,0.0010,5.0
5,2012,6,105.4,0.69,0.18,0.11,0.64,0.066,0.005,5.48,3.10,0.010,0.24,0.0010,5.1
5,2012,7,4.4,0.90,0.28,0.14,1.06,0.030,0.005,5.86,3.91,0.010,0.31,0.0010,7.7
5,2012,8,63.8,0.80,0.22,0.10,0.81,0.044,0.005,5.75,3.44,0.010,0.24,0.0010,6.6
5,2012,9,76.4,0.89,0.26,0.14,0.93,0.035,0.005,5.77,3.75,0.010,0.33,0.0010,7.3
5,2012,10,148.7,0.72,0.21,0.24,0.73,0.050,0.005,5.57,3.37,0.010,0.38,0.0010,6.0
5,2012,11,55.1,0.73,0.21,0.19,0.76,0.056,0.005,5.57,3.43,0.013,0.44,0.0010,6.1
5,2012,12,98.1,0.72,0.21,0.14,0.73,0.059,0.005,5.53,3.27,0.081,0.41,0.0010,5.2
5,2013,1,73.2,0.74,0.21,0.14,0.76,-3.000,0.005,5.58,3.45,0.154,0.37,-3.0000,-3.0
5,2013,2,37.7,0.75,0.22,0.16,0.76,-3.000,0.005,5.57,3.50,0.208,0.36,-3.0000,-3.0
5,2013,3,97.8,0.73,0.22,0.18,0.75,-3.000,0.005,5.53,3.35,0.250,0.37,-3.0000,-3.0
5,2013,4,170.6,0.69,0.18,0.16,0.66,-3.000,0.005,5.48,3.07,0.264,0.34,-3.0000,-3.0
5,2013,5,73.9,0.70,0.19,0.16,0.74,-3.000,0.005,5.59,3.30,0.010,0.33,-3.0000,-3.0
5,2013,6,72.6,0.72,0.19,0.10,0.69,-3.000,0.004,5.60,3.16,0.012,0.34,-3.0000,-3.0
5,2013,7,73.8,0.75,0.19,0.09,0.81,-3.000,0.004,5.63,3.11,0.017,0.33,-3.0000,-3.0
5,2013,8,12.3,0.80,0.22,0.09,0.91,-3.000,0.004,5.79,3.26,0.039,0.34,-3.0000,-3.0
5,2013,9,19.2,0.91,0.27,0.14,1.07,-3.000,0.013,5.90,3.60,0.011,0.36,-3.0000,-3.0
5,2013,10,18.4,0.72,0.26,0.58,1.03,-3.000,0.004,5.92,3.75,0.019,0.48,-3.0000,-3.0
5,2013,11,96.2,0.70,0.24,0.29,0.80,-3.000,0.004,5.65,3.35,0.085,0.42,-3.0000,-3.0
5,2013,12,59.7,0.73,0.23,0.19,0.74,-3.000,0.006,5.65,3.27,0.143,0.38,-3.0000,-3.0
5,2014,1,93.4,0.75,0.21,0.20,0.68,-3.000,0.003,5.58,3.06,0.435,0.30,-3.0000,-3.0
5,2014,2,18.9,0.78,0.25,0.21,0.85,-3.000,0.007,5.71,3.55,0.214,0.38,-3.0000,-3.0
5,2014,3,20.9,0.73,0.24,0.20,0.82,-3.000,0.005,5.75,3.48,0.232,0.36,-3.0000,-3.0
5,2014,4,296.9,0.67,0.19,0.22,0.66,-3.000,0.003,5.47,2.78,0.568,0.28,-3.0000,-3.0
5,2014,5,107.8,0.68,0.19,0.24,0.74,-3.000,0.004,5.58,2.92,0.046,0.33,-3.0000,-3.0
