ws,year,mo,precip,Ca,Mg,K,Na,Al,NH4,pH,SO4,NO3,Cl,PO4,SiO2
6,1963,6,67.5,0.30,0.07,0.10,0.07,-3.000,-3.000,-3.00,-3.00,-3.000,-3.00,-3.0000,-3.0
6,1963,7,70.1,0.29,0.06,0.11,0.07,-3.000,-3.000,-3.00,-3.00,-3.000,-3.00,-3.0000,-3.0
6,1963,8,147.0,0.19,0.04,0.08,0.04,-3.000,-3.000,-3.00,-3.00,-3.000,-3.00,-3.0000,-3.0
6,1963,9,39.8,0.20,0.08,0.52,0.09,-3.000,-3.000,-3.00,-3.00,-3.000,-3.00,-3.0000,-3.0
6,1963,10,29.8,0.60,0.13,0.89,0.08,-3.000,-3.000,-3.00,-3.00,-3.000,-3.00,-3.0000,-3.0
6,1963,11,209.5,0.18,0.09,0.41,0.14,-3.000,-3.000,-3.00,-3.00,-3.000,-3.00,-3.0000,-3.0
6,1963,12,72.9,0.11,0.02,0.42,0.07,-3.000,-3.000,-3.00,-3.00,-3.000,-3.00,-3.0000,-3.0
6,1964,1,117.2,0.08,0.02,0.04,0.13,-3.000,-3.000,-3.00,-3.00,-3.000,-3.00,-3.0000,-3.0
6,1964,2,49.5,0.14,0.04,0.06,0.09,-3.000,-3.000,-3.00,-3.00,-3.000,-3.00,-3.0000,-3.0
6,1964,3,146.7,0.22,0.04,0.05,0.08,-3.000,-3.000,-3.00,-3.00,-3.000,-3.00,-3.0000,-3.0
6,1964,4,110.1,0.53,0.09,0.06,0.09,-3.000,-3.000,-3.00,-3.00,-3.000,-3.00,-3.0000,-3.0
6,1964,5,102.6,0.48,0.09,0.22,0.07,-3.000,-3.000,-3.00,-3.00,-3.000,-3.00,-3.0000,-3.0
6,1964,6,57.9,0.58,0.10,0.27,0.06,-3.000,0.300,4.25,4.20,0.770,0.39,-3.0000,-3.0
6,1964,7,125.6,0.29,0.04,0.21,0.07,-3.000,0.104,3.87,6.71,1.168,0.39,-3.0000,-3.0
6,1964,8,154.5,0.23,0.02,0.12,0.05,-3.000,0.132,4.38,2.09,0.132,0.39,-3.0000,-3.0
6,1964,9,38.6,0.60,0.36,0.22,0.21,-3.000,0.389,3.32,5.53,1.362,0.39,-3.0000,-3.0
6,1964,10,54.0,1.06,0.53,0.37,1.37,-3.000,0.100,4.07,1.48,0.033,0.39,-3.0000,-3.0
6,1964,11,120.4,0.28,0.29,0.15,0.49,-3.000,0.053,4.22,2.28,0.382,0.39,-3.0000,-3.0
6,1964,12,117.2,0.18,0.06,0.04,0.07,-3.000,0.076,4.49,1.96,0.978,0.39,-3.0000,-3.0
6,1965,1,66.3,0.12,0.03,0.04,0.14,-3.000,0.862,4.66,1.94,0.563,0.39,-3.0000,-3.0
6,1965,2,103.2,0.15,0.04,0.05,0.18,-3.000,0.093,4.41,1.72,0.336,0.39,-3.0000,-3.0
6,1965,3,28.7,0.44,0.10,0.15,0.29,-3.000,0.123,4.22,2.92,1.130,0.39,-3.0000,-3.0
6,1965,4,83.1,0.20,0.03,0.11,0.08,-3.000,0.553,4.22,3.79,1.488,0.39,-3.0000,-3.0
6,1965,5,25.9,0.66,0.30,0.23,0.46,-3.000,0.069,4.29,4.85,1.256,0.39,-3.0000,-3.0
6,1965,6,115.3,0.17,0.11,0.06,0.11,-3.000,0.042,4.13,3.95,0.362,0.50,-3.0000,-3.0
6,1965,7,99.1,0.15,0.20,0.07,0.19,-3.000,0.289,4.20,4.12,0.193,0.50,-3.0000,-3.0
6,1965,8,84.1,0.12,0.02,0.03,0.27,-3.000,0.126,4.09,4.20,1.124,0.50,-3.0000,-3.0
6,1965,9,193.1,0.12,0.02,0.02,0.12,-3.000,0.088,4.15,3.36,0.894,0.50,-3.0000,-3.0
6,1965,10,127.3,0.23,0.04,0.05,0.10,-3.000,0.170,4.26,2.67,1.258,0.50,-3.0000,-3.0
6,1965,11,152.7,0.22,0.03,0.06,0.07,-3.000,0.266,4.18,3.19,1.804,0.50,-3.0000,-3.0
6,1965,12,77.5,0.10,0.03,0.08,0.13,-3.000,0.384,4.09,3.55,2.794,0.50,-3.0000,-3.0
6,1966,1,71.7,0.14,0.02,0.05,0.12,-3.000,0.124,4.18,1.59,2.030,0.50,-3.0000,-3.0
6,1966,2,66.8,0.05,0.01,0.02,0.08,-3.000,0.143,4.33,1.52,0.701,0.50,-3.0000,-3.0
6,1966,3,129.5,0.14,0.03,0.03,0.13,-3.000,0.200,4.30,2.20,1.373,0.50,-3.0000,-3.0
6,1966,4,69.5,0.20,0.02,0.04,0.09,-3.000,0.545,3.98,4.52,3.105,0.50,-3.0000,-3.0
6,1966,5,93.7,0.85,0.05,0.06,0.45,-3.000,0.349,4.04,5.16,2.352,0.50,-3.0000,-3.0
6,1966,6,117.3,0.16,0.03,0.07,0.10,-3.000,0.197,4.13,4.04,1.431,0.39,-3.0000,-3.0
6,1966,7,99.6,0.30,0.05,0.06,0.11,-3.000,0.145,3.93,6.06,2.122,0.39,-3.0000,-3.0
6,1966,8,200.0,0.13,0.02,0.01,0.04,-3.000,0.130,4.08,3.54,1.049,0.39,-3.0000,-3.0
6,1966,9,117.6,0.18,0.03,0.02,0.08,-3.000,0.117,4.25,2.72,0.990,0.39,-3.0000,-3.0
6,1966,10,87.0,0.31,0.03,0.02,0.10,-3.000,0.122,3.98,2.63,0.985,0.39,-3.0000,-3.0
6,1966,11,153.5,0.14,0.03,0.05,0.16,-3.000,0.184,4.03,2.41,1.505,0.39,-3.0000,-3.0
6,1966,12,107.4,0.04,0.01,0.02,0.07,-3.000,0.030,4.32,0.99,0.789,0.39,-3.0000,-3.0
6,1967,1,62.7,0.14,0.04,0.08,0.20,-3.000,0.258,4.08,3.08,2.566,0.39,-3.0000,-3.0
6,1967,2,111.2,0.06,0.02,0.10,0.11,-3.000,0.124,4.44,1.57,1.455,0.39,-3.0000,-3.0
6,1967,3,57.2,0.26,0.04,0.05,0.09,-3.000,0.306,4.08,3.76,2.097,0.39,-3.0000,-3.0
6,1967,4,148.9,0.09,0.02,0.03,0.05,-3.000,0.192,4.15,2.75,1.458,0.39,-3.0000,-3.0
6,1967,5,117.6,0.15,0.04,0.07,0.06,-3.000,0.369,4.11,3.47,1.823,0.39,-3.0000,-3.0
6,1967,6,81.7,0.16,0.03,0.07,0.04,-3.000,0.423,4.03,5.40,1.553,0.75,-3.0000,-3.0
6,1967,7,116.2,0.12,0.04,0.03,0.35,-3.000,0.297,3.87,4.96,1.972,0.55,-3.0000,-3.0
6,1967,8,134.0,0.26,0.05,0.07,0.04,-3.000,0.171,4.02,4.02,1.341,0.25,-3.0000,-3.0
6,1967,9,142.3,0.06,0.02,0.03,0.06,-3.000,0.144,4.28,2.31,0.803,0.22,-3.0000,-3.0
6,1967,10,124.8,0.09,0.06,0.15,0.22,-3.000,0.263,4.26,2.74,1.610,0.59,-3.0000,-3.0
6,1967,11,117.9,0.16,0.16,0.04,0.15,-3.000,0.220,4.33,1.81,1.913,0.33,-3.0000,-3.0
6,1967,12,159.9,0.06,0.02,0.01,0.12,-3.000,0.091,4.39,1.87,1.510,0.30,-3.0000,-3.0
6,1968,1,77.4,0.11,0.02,0.05,0.10,-3.000,0.299,4.04,3.30,2.842,0.30,-3.0000,-3.0
6,1968,2,68.6,0.25,0.15,0.07,0.30,-3.000,0.065,4.21,1.92,2.242,0.33,-3.0000,-3.0
6,1968,3,102.9,0.23,0.07,0.04,0.33,-3.000,0.109,4.22,2.53,1.423,0.36,-3.0000,-3.0
6,1968,4,126.3,0.85,0.18,0.22,0.23,-3.000,0.254,4.32,2.64,1.223,0.38,-3.0000,-3.0
6,1968,5,219.1,0.08,0.02,0.07,0.04,-3.000,0.232,4.01,4.00,1.670,0.29,-3.0000,-3.0
6,1968,6,160.5,0.12,0.03,0.06,0.03,-3.000,0.285,4.05,3.85,1.257,0.65,-3.0000,-3.0
6,1968,7,54.6,0.20,0.05,0.08,0.05,-3.000,0.392,3.91,5.66,1.688,0.51,-3.0000,-3.0
6,1968,8,52.7,0.11,0.04,0.03,0.08,-3.000,0.592,3.93,4.32,1.815,1.09,-3.0000,-3.0
6,1968,9,77.1,0.12,0.07,0.04,0.20,-3.000,0.310,4.01,3.02,0.942,0.49,-3.0000,-3.0
6,1968,10,79.9,0.06,0.08,0.18,0.42,-3.000,0.127,4.28,1.34,0.482,1.05,-3.0000,-3.0
6,1968,11,138.5,0.10,0.02,0.04,0.03,-3.000,0.158,4.40,1.52,1.055,0.20,-3.0000,-3.0
6,1968,12,211.9,0.04,0.01,0.01,0.02,-3.000,0.133,4.41,1.13,0.979,0.14,-3.0000,-3.0
6,1969,1,84.0,0.08,0.02,0.04,0.15,-3.000,0.188,4.30,1.81,1.461,0.32,-3.0000,-3.0
6,1969,2,182.1,0.04,0.03,0.01,0.03,-3.000,0.160,4.69,0.76,0.433,0.10,-3.0000,-3.0
6,1969,3,102.4,0.23,0.04,0.06,0.12,-3.000,0.352,3.93,4.15,2.421,0.44,-3.0000,-3.0
6,1969,4,103.5,0.20,0.03,0.05,0.12,-3.000,0.296,3.96,3.78,2.118,0.47,-3.0000,-3.0
6,1969,5,102.6,0.32,0.04,0.10,0.28,-3.000,0.352,4.05,3.49,1.522,0.48,-3.0000,-3.0
6,1969,6,92.9,0.24,0.06,0.15,0.12,-3.000,0.486,4.10,3.23,1.250,0.33,-3.0000,-3.0
6,1969,7,203.0,0.11,0.02,0.02,0.06,-3.000,0.230,4.01,3.28,1.288,0.23,-3.0000,-3.0
6,1969,8,147.4,0.10,0.02,0.02,0.02,-3.000,0.327,4.16,2.03,0.612,0.65,-3.0000,-3.0
6,1969,9,48.4,0.12,0.02,0.13,0.04,-3.000,0.339,4.14,3.24,0.960,0.34,-3.0000,-3.0
6,1969,10,63.9,0.17,0.02,0.11,0.06,-3.000,0.240,4.16,2.70,0.785,0.52,-3.0000,-3.0
6,1969,11,155.7,0.09,0.05,0.06,0.33,-3.000,0.162,4.17,2.26,0.647,0.65,-3.0000,-3.0
6,1969,12,205.5,0.20,0.02,0.02,0.19,-3.000,0.122,4.16,1.20,2.355,0.24,-3.0000,-3.0
6,1970,1,26.5,0.12,0.03,0.04,0.18,-3.000,0.210,4.14,2.19,2.124,0.24,-3.0000,-3.0
6,1970,2,101.5,0.18,0.04,0.04,0.19,-3.000,0.191,4.21,1.82,1.990,0.29,-3.0000,-3.0
6,1970,3,118.7,0.07,0.02,0.02,0.06,-3.000,0.188,4.15,1.99,1.617,0.12,-3.0000,-3.0
6,1970,4,102.6,0.24,0.04,0.04,0.07,-3.000,0.270,4.19,2.38,1.522,0.12,-3.0000,-3.0
6,1970,5,93.4,0.34,0.07,0.19,0.15,-3.000,0.225,4.18,2.46,0.888,0.39,-3.0000,-3.0
6,1970,6,99.8,0.10,0.02,0.04,0.03,-3.000,0.664,3.95,3.96,1.249,0.28,-3.0000,-3.0
6,1970,7,66.1,0.27,0.07,0.26,0.08,-3.000,0.561,3.88,5.57,2.612,0.14,-3.0000,-3.0
6,1970,8,161.9,0.19,0.05,0.22,0.06,-3.000,0.509,3.96,4.17,2.065,0.15,-3.0000,-3.0
6,1970,9,139.8,0.05,0.01,0.08,0.03,-3.000,0.280,3.94,3.33,1.618,0.29,-3.0000,-3.0
6,1970,10,106.8,0.06,0.03,0.04,0.18,-3.000,0.502,3.70,3.84,3.193,0.90,-3.0000,-3.0
6,1970,11,97.0,0.08,0.04,0.05,0.32,-3.000,0.202,4.26,2.06,1.138,0.48,-3.0000,-3.0
6,1970,12,149.1,0.11,0.02,0.10,0.07,-3.000,0.112,4.28,1.53,1.255,0.61,-3.0000,-3.0
6,1971,1,89.4,0.11,0.02,0.05,0.07,-3.000,0.070,4.26,1.47,2.473,0.32,-3.0000,-3.0
6,1971,2,136.2,0.11,0.03,0.02,0.14,-3.000,0.343,4.40,1.64,1.446,0.29,-3.0000,-3.0
6,1971,3,106.8,0.13,0.03,0.03,0.06,-3.000,0.085,4.37,0.94,1.503,0.25,-3.0000,-3.0
6,1971,4,56.7,0.61,0.28,0.09,0.24,-3.000,0.475,3.89,4.97,3.171,0.41,-3.0000,-3.0
6,1971,5,120.2,0.20,0.04,0.10,0.09,-3.000,0.475,3.84,5.72,2.599,0.61,-3.0000,-3.0
6,1971,6,70.1,0.14,0.02,0.05,0.02,-3.000,0.418,3.97,4.93,1.657,0.34,-3.0000,-3.0
6,1971,7,150.9,0.11,0.02,0.02,0.05,-3.000,0.311,4.13,3.81,1.278,0.22,-3.0000,-3.0
6,1971,8,123.1,0.04,0.02,0.01,0.12,-3.000,0.070,4.74,0.90,0.230,0.25,-3.0000,-3.0
6,1971,9,75.0,0.04,0.02,0.02,0.10,-3.000,0.284,4.03,2.50,1.400,1.01,-3.0000,-3.0
6,1971,10,108.5,0.13,0.06,0.04,0.31,-3.000,0.100,4.03,2.40,1.790,1.10,0.0100,-3.0
6,1971,11,114.1,0.08,0.03,0.01,0.13,-3.000,0.092,4.11,2.64,2.260,0.41,0.0040,-3.0
6,1971,12,119.3,0.07,0.02,0.02,0.06,-3.000,0.143,4.27,2.00,1.904,0.27,0.0030,-3.0
6,1972,1,77.1,0.09,0.02,0.03,0.14,-3.000,0.167,4.21,2.29,2.089,0.34,0.0120,-3.0
6,1972,2,82.9,0.13,0.03,0.02,0.17,-3.000,0.170,4.22,1.35,2.441,0.35,0.0150,-3.0
6,1972,3,180.4,0.05,0.06,0.02,0.07,-3.000,0.176,4.28,2.10,1.581,0.18,0.0120,-3.0
6,1972,4,92.9,0.22,0.03,0.03,0.06,-3.000,0.483,4.01,4.24,2.502,0.20,0.0120,-3.0
6,1972,5,87.0,0.13,0.04,0.06,0.10,-3.000,0.457,3.93,3.65,2.332,0.48,0.0090,-3.0
6,1972,6,129.4,0.13,0.04,0.11,0.16,-3.000,0.235,4.02,2.92,1.403,0.80,0.0380,-3.0
6,1972,7,158.4,0.07,0.01,0.02,0.02,-3.000,0.255,4.04,3.50,1.409,0.16,0.0140,-3.0
6,1972,8,167.0,0.07,0.02,0.02,0.06,-3.000,0.269,3.99,4.02,1.907,0.22,0.0220,-3.0
6,1972,9,47.9,0.09,0.02,0.05,0.10,-3.000,0.346,3.95,4.59,2.341,0.82,0.0210,-3.0
6,1972,10,93.5,0.09,0.04,0.07,0.22,-3.000,0.163,4.24,2.20,1.614,0.67,0.0130,-3.0
6,1972,11,175.6,0.04,0.03,0.02,0.06,-3.000,0.068,4.30,1.82,1.194,0.23,0.0040,-3.0
6,1972,12,200.5,0.09,0.09,0.03,0.08,-3.000,0.046,4.31,2.10,1.269,0.21,0.0050,-3.0
6,1973,1,120.9,0.06,0.02,0.02,0.18,-3.000,0.105,4.42,1.66,1.222,0.31,0.0080,-3.0
6,1973,2,74.9,0.03,0.01,0.02,0.07,-3.000,0.047,4.21,1.17,1.016,1.01,0.0010,-3.0
6,1973,3,97.1,0.12,0.03,0.03,0.13,-3.000,0.102,4.23,2.25,1.370,0.82,0.0040,-3.0
6,1973,4,118.3,0.05,0.03,0.03,0.17,-3.000,0.069,4.32,1.70,1.346,0.29,0.0220,-3.0
6,1973,5,181.2,0.05,0.01,0.04,0.03,-3.000,0.134,4.19,2.41,1.506,0.43,0.0050,-3.0
6,1973,6,373.4,0.05,0.01,0.03,0.08,-3.000,0.161,4.19,3.38,1.534,0.18,0.0060,-3.0
6,1973,7,87.0,0.22,0.04,0.05,0.02,-3.000,0.442,4.03,4.66,1.960,0.25,0.0060,-3.0
6,1973,8,115.0,0.07,0.01,0.03,0.03,-3.000,0.213,4.10,4.05,1.390,0.25,0.0040,-3.0
6,1973,9,142.2,0.07,0.02,0.03,0.05,-3.000,0.257,3.97,5.02,2.133,0.23,0.0040,-3.0
6,1973,10,98.6,0.26,0.05,0.27,0.07,-3.000,0.438,4.18,3.07,2.549,0.44,0.0170,-3.0
6,1973,11,128.9,0.17,0.03,0.04,0.10,-3.000,0.344,4.09,3.21,2.991,0.21,0.0080,-3.0
6,1973,12,287.0,0.05,0.01,0.02,0.10,-3.000,0.054,4.64,0.88,0.683,0.22,0.0050,-3.0
6,1974,1,114.5,0.07,0.01,0.03,0.06,-3.000,0.143,4.31,1.90,1.694,0.23,0.0040,-3.0
6,1974,2,94.3,0.09,0.01,0.01,0.08,-3.000,0.089,4.38,1.63,1.348,0.20,0.0020,-3.0
6,1974,3,136.1,0.15,0.03,0.03,0.12,-3.000,0.136,4.38,1.88,1.786,0.24,0.0020,-3.0
6,1974,4,145.5,0.19,0.03,0.04,0.08,-3.000,0.222,4.14,2.67,1.774,0.29,0.0050,-3.0
6,1974,5,165.9,0.12,0.03,0.05,0.05,-3.000,0.268,4.09,3.40,1.484,0.25,0.0210,-3.0
6,1974,6,121.0,0.07,0.02,0.04,0.07,-3.000,0.123,4.16,2.57,1.124,0.29,0.0060,-3.0
6,1974,7,111.0,0.15,0.03,0.07,0.04,-3.000,0.312,4.04,4.36,1.540,0.19,0.0160,-3.0
6,1974,8,137.7,0.04,0.01,0.03,0.02,-3.000,0.156,4.06,4.03,1.176,0.13,0.0140,-3.0
6,1974,9,171.9,0.03,0.02,0.03,0.05,-3.000,0.129,4.16,2.85,1.117,0.42,0.0030,-3.0
6,1974,10,47.8,0.55,0.02,0.11,0.05,-3.000,0.249,4.13,2.45,1.610,0.71,0.0030,-3.0
6,1974,11,117.8,0.02,0.01,0.08,0.06,-3.000,0.115,4.32,1.58,1.281,0.26,0.0040,-3.0
6,1974,12,110.7,0.03,0.05,0.03,0.33,-3.000,0.103,4.32,1.94,1.661,0.60,0.0030,-3.0
6,1975,1,121.2,0.05,0.02,0.02,0.09,-3.000,0.075,4.41,1.40,1.613,0.25,0.0060,-3.0
6,1975,2,93.3,0.06,0.01,0.02,0.06,-3.000,0.103,4.33,1.61,1.883,0.21,0.0060,-3.0
6,1975,3,167.6,0.10,0.07,0.03,0.50,-3.000,0.164,4.26,2.56,1.963,0.88,0.0030,-3.0
6,1975,4,68.4,0.22,0.03,0.04,0.08,-3.000,0.455,4.16,3.76,2.382,0.31,0.0050,-3.0
6,1975,5,39.2,0.31,0.05,0.11,0.05,-3.000,0.514,3.77,5.23,3.782,0.63,0.0470,-3.0
6,1975,6,171.3,0.05,0.01,0.03,0.03,-3.000,0.135,4.14,2.66,1.374,0.19,0.0050,-3.0
6,1975,7,181.5,0.02,0.01,0.01,0.03,-3.000,0.118,4.17,2.56,1.350,0.14,0.0030,-3.0
6,1975,8,96.0,0.12,0.02,0.02,0.03,-3.000,0.174,3.96,4.19,1.733,0.22,0.0080,-3.0
6,1975,9,174.2,0.07,0.01,0.01,0.03,-3.000,0.094,4.23,2.36,0.920,0.15,0.0030,-3.0
6,1975,10,142.8,0.12,0.01,0.01,0.03,-3.000,0.012,4.79,0.79,0.187,0.11,0.0030,-3.0
6,1975,11,158.2,0.03,0.01,0.01,0.04,-3.000,0.089,4.30,1.38,1.414,0.20,0.0060,-3.0
6,1975,12,126.5,0.03,0.01,0.01,0.05,-3.000,0.062,4.49,1.17,0.929,0.23,0.0030,-3.0
6,1976,1,161.5,0.01,0.02,0.02,0.15,-3.000,0.107,4.18,2.06,2.187,0.38,0.0110,-3.0
6,1976,2,144.5,0.06,0.02,0.02,0.08,-3.000,0.137,4.34,1.83,1.588,0.17,0.0070,-3.0
6,1976,3,123.6,0.28,0.04,0.03,0.17,-3.000,0.267,4.13,2.92,3.154,0.38,0.0030,-3.0
6,1976,4,93.0,0.05,0.02,0.05,0.03,-3.000,0.195,4.30,3.00,0.871,0.13,0.0100,-3.0
6,1976,5,196.3,0.07,0.03,0.09,0.04,-3.000,0.261,4.21,3.22,1.344,0.16,0.0320,-3.0
6,1976,6,113.1,0.07,0.02,0.02,0.06,-3.000,0.129,4.20,3.03,1.291,0.22,0.0060,-3.0
6,1976,7,110.1,0.08,0.02,0.04,0.03,-3.000,0.173,4.11,3.49,1.378,0.30,0.0130,-3.0
6,1976,8,145.4,0.05,0.02,0.03,0.07,-3.000,0.168,4.15,2.91,1.237,0.19,0.0120,-3.0
6,1976,9,138.3,0.06,0.03,0.03,0.10,-3.000,0.209,4.08,3.70,1.979,0.23,0.0070,-3.0
6,1976,10,205.5,0.02,0.01,0.05,0.02,-3.000,0.096,4.40,1.70,1.133,0.13,0.0050,-3.0
6,1976,11,76.6,0.11,0.03,0.03,0.08,-3.000,0.269,4.10,2.58,2.716,0.58,0.0170,-3.0
6,1976,12,113.8,0.16,0.03,0.02,0.14,-3.000,0.135,4.24,1.30,2.528,0.54,0.0200,-3.0
6,1977,1,91.0,0.03,0.01,0.02,0.05,-3.000,0.117,4.32,1.14,2.253,0.62,0.0070,-3.0
6,1977,2,86.4,0.06,0.01,0.02,0.09,-3.000,0.392,4.12,2.09,2.972,0.74,0.0080,-3.0
6,1977,3,167.9,0.08,0.01,0.01,0.05,-3.000,0.097,4.50,1.18,0.874,0.46,0.0080,-3.0
6,1977,4,116.8,0.25,0.05,0.03,0.07,-3.000,0.216,4.23,2.39,2.851,0.24,0.0110,-3.0
6,1977,5,36.7,0.34,0.07,0.12,0.05,-3.000,0.260,4.07,4.48,2.617,0.38,0.0150,-3.0
6,1977,6,132.6,0.13,0.04,0.11,0.03,-3.000,0.203,4.00,4.38,2.021,0.26,0.0130,-3.0
6,1977,7,72.9,0.06,0.02,0.02,0.02,-3.000,0.200,3.89,4.76,2.629,0.26,0.0080,-3.0
6,1977,8,96.2,0.12,0.03,0.03,0.03,-3.000,0.327,3.71,7.52,3.974,0.18,0.0090,-3.0
6,1977,9,198.0,0.04,0.02,0.04,0.06,-3.000,0.092,4.25,2.08,1.188,0.11,0.0090,-3.0
6,1977,10,193.1,0.05,0.02,0.12,0.02,-3.000,0.068,4.40,1.45,0.950,0.27,0.0080,-3.0
6,1977,11,123.9,0.05,0.05,0.04,0.29,-3.000,0.103,4.24,1.93,1.451,0.50,0.0060,-3.0
6,1977,12,153.2,0.03,0.02,0.02,0.03,-3.000,0.055,4.50,1.01,1.031,0.14,0.0050,-3.0
6,1978,1,250.1,0.03,0.02,0.01,0.11,-3.000,0.022,4.64,0.88,0.593,0.29,0.0050,-3.0
6,1978,2,31.6,0.07,0.02,0.01,0.07,-3.000,0.029,4.43,0.87,0.911,0.41,0.0060,-3.0
6,1978,3,82.6,0.15,0.05,0.02,0.24,-3.000,0.110,4.10,2.84,2.573,0.61,0.0110,-3.0
6,1978,4,85.2,0.20,0.05,0.02,0.20,-3.000,0.482,3.89,4.39,3.411,0.68,0.0140,-3.0
6,1978,5,113.0,0.09,0.02,0.02,0.03,-3.000,0.244,4.11,3.16,1.675,0.17,0.0080,-3.0
6,1978,6,148.1,0.09,0.02,0.03,0.02,-3.000,0.235,4.06,3.89,1.680,0.13,0.0140,-3.0
6,1978,7,53.4,0.12,0.03,0.05,0.01,-3.000,0.240,3.94,4.81,1.933,0.19,0.0160,-3.0
6,1978,8,95.9,0.11,0.02,0.04,0.01,-3.000,0.226,3.99,4.32,1.599,0.16,0.0240,-3.0
6,1978,9,36.3,0.04,0.02,0.03,0.06,-3.000,0.553,3.95,4.67,2.041,0.32,0.0080,-3.0
6,1978,10,95.1,0.07,0.03,0.35,0.19,-3.000,0.161,4.11,2.43,2.090,0.41,0.0090,-3.0
6,1978,11,70.3,0.02,0.02,0.01,0.05,-3.000,0.069,4.36,1.39,1.093,0.22,0.0090,-3.0
6,1978,12,115.0,0.04,0.02,0.01,0.05,-3.000,0.066,4.37,1.07,1.929,0.26,0.0110,-3.0
6,1979,1,231.5,0.01,0.01,0.01,0.02,-3.000,0.027,4.51,0.58,1.133,0.13,0.0090,-3.0
6,1979,2,60.7,0.04,0.03,0.02,0.09,-3.000,0.106,4.14,2.68,1.430,0.18,0.0390,-3.0
6,1979,3,140.3,0.07,0.08,0.03,0.58,-3.000,0.210,4.05,3.02,2.109,1.15,0.0240,-3.0
6,1979,4,153.5,0.10,0.03,0.02,0.10,-3.000,0.217,4.16,2.79,1.723,0.38,0.0300,-3.0
6,1979,5,161.8,0.04,0.01,0.03,0.07,-3.000,0.231,4.17,2.70,1.974,0.15,0.0120,-3.0
6,1979,6,46.6,0.13,0.05,0.12,0.08,-3.000,0.100,4.14,3.14,1.881,0.18,0.0330,-3.0
6,1979,7,82.0,0.03,0.01,0.03,0.04,-3.000,0.118,4.04,2.71,1.448,0.18,0.0130,-3.0
6,1979,8,131.6,0.05,0.02,0.04,0.03,-3.000,0.184,4.11,3.12,1.512,0.15,0.0110,-3.0
6,1979,9,127.6,0.09,0.02,0.04,0.08,-3.000,0.059,4.36,1.41,0.798,0.26,0.0130,-3.0
6,1979,10,163.4,0.09,0.04,0.22,0.06,-3.000,0.125,4.35,1.95,1.302,0.25,0.0140,-3.0
6,1979,11,128.5,0.07,0.03,0.12,0.20,-3.000,0.273,4.09,2.76,2.802,0.42,0.0130,-3.0
6,1979,12,79.3,0.05,0.02,0.05,0.08,-3.000,0.141,4.30,1.92,1.532,0.19,0.0490,-3.0
6,1980,1,53.5,0.13,0.06,0.04,0.46,-3.000,0.114,4.34,1.30,2.024,0.80,0.0120,-3.0
6,1980,2,41.3,0.10,0.02,0.03,0.10,-3.000,0.070,4.25,1.27,2.618,0.31,0.0160,-3.0
6,1980,3,146.5,0.07,0.02,0.02,0.07,-3.000,0.162,4.34,1.49,1.597,0.19,0.0080,-3.0
6,1980,4,135.0,0.21,0.05,0.04,0.19,-3.000,0.319,4.19,3.01,1.934,0.30,0.0170,-3.0
6,1980,5,58.4,0.21,0.05,0.10,0.05,-3.000,0.404,4.20,3.09,1.822,0.18,0.0450,-3.0
6,1980,6,81.3,0.08,0.02,0.05,0.05,-3.000,0.212,4.11,2.85,1.504,0.17,0.0190,-3.0
6,1980,7,91.9,0.09,0.02,0.02,0.03,-3.000,0.204,4.10,3.46,1.643,0.17,0.0200,-3.0
6,1980,8,91.5,0.08,0.01,0.02,0.05,-3.000,0.300,4.01,4.38,1.989,0.18,0.0110,-3.0
6,1980,9,136.1,0.09,0.04,0.03,0.10,-3.000,0.289,4.04,3.84,2.105,0.18,0.0070,-3.0
6,1980,10,123.4,0.11,0.04,0.12,0.22,-3.000,0.135,4.30,1.81,1.469,0.41,0.0070,-3.0
6,1980,11,130.1,0.11,0.02,0.03,0.02,-3.000,0.176,4.41,1.15,1.806,0.10,0.0100,-3.0
6,1980,12,77.2,0.10,0.01,0.03,0.15,-3.000,0.191,4.26,1.32,2.632,0.31,0.0160,-3.0
6,1981,1,25.8,0.10,0.01,0.02,0.10,-3.000,0.081,4.04,1.03,4.914,0.52,0.0160,-3.0
6,1981,2,297.5,0.04,0.05,0.03,0.36,-3.000,0.083,4.61,0.97,0.620,0.61,0.0140,-3.0
6,1981,3,43.4,0.21,0.04,0.03,0.19,-3.000,0.243,4.16,2.01,3.515,0.31,0.0200,-3.0
6,1981,4,121.7,0.15,0.03,0.04,0.07,-3.000,0.350,4.15,3.13,1.861,0.15,0.0230,-3.0
6,1981,5,135.3,0.14,0.07,0.26,0.21,-3.000,0.283,4.25,3.13,1.386,0.36,0.2920,-3.0
6,1981,6,150.0,0.08,0.02,0.05,0.02,-3.000,0.325,4.10,3.78,1.655,0.11,0.0180,-3.0
6,1981,7,234.0,0.07,0.02,0.03,0.03,-3.000,0.143,4.31,2.28,1.153,0.10,0.0220,-3.0
6,1981,8,150.4,0.04,0.01,0.05,0.01,-3.000,0.260,4.15,3.50,0.997,0.07,0.0220,-3.0
6,1981,9,159.8,0.07,0.02,0.05,0.04,-3.000,0.328,4.19,3.03,1.483,0.11,0.0190,-3.0
6,1981,10,197.2,0.03,0.01,0.04,0.04,-3.000,0.105,4.42,1.41,1.062,0.10,0.0090,-3.0
6,1981,11,72.0,0.05,0.02,0.05,0.05,-3.000,0.180,4.33,1.86,1.579,0.13,0.0130,-3.0
6,1981,12,148.8,0.02,0.01,0.01,0.02,-3.000,0.043,4.63,0.65,0.978,0.06,0.0090,-3.0
6,1982,1,134.9,0.03,0.01,0.01,0.04,-3.000,0.056,4.60,0.71,1.057,0.11,0.0060,-3.0
6,1982,2,77.5,0.04,0.02,0.01,0.06,-3.000,0.068,4.42,1.20,1.743,0.13,0.0060,-3.0
6,1982,3,117.5,0.10,0.02,0.01,0.09,-3.000,0.159,4.27,2.14,1.812,0.13,0.0070,-3.0
6,1982,4,111.7,0.25,0.05,0.03,0.11,-3.000,0.327,4.20,2.54,3.112,0.20,0.0200,-3.0
6,1982,5,31.5,0.17,0.06,0.34,0.02,-3.000,0.279,4.29,2.69,1.292,0.13,0.7860,-3.0
6,1982,6,163.5,0.05,0.02,0.07,0.04,-3.000,0.176,4.40,1.84,1.138,0.09,0.0120,-3.0
6,1982,7,76.4,0.06,0.02,0.05,0.03,-3.000,0.173,3.93,2.68,1.341,0.12,0.0170,-3.0
6,1982,8,72.2,0.07,0.02,0.05,0.03,-3.000,0.263,4.17,2.95,1.828,0.11,0.0320,-3.0
6,1982,9,114.3,0.03,0.01,0.03,0.02,-3.000,0.229,4.15,3.20,1.268,0.08,0.0150,-3.0
6,1982,10,51.7,0.07,0.12,0.18,0.03,-3.000,0.241,4.13,2.72,1.766,0.11,0.0190,-3.0
6,1982,11,149.9,0.06,0.04,0.05,0.23,-3.000,0.143,4.32,2.06,1.759,0.31,0.0080,-3.0
6,1982,12,72.3,0.07,0.02,0.05,0.08,-3.000,0.166,4.32,1.87,1.523,0.22,0.0270,-3.0
6,1983,1,134.3,0.04,0.02,0.03,0.07,-3.000,0.076,4.71,0.80,0.641,0.13,0.0100,-3.0
6,1983,2,95.2,0.04,0.02,0.02,0.18,-3.000,0.235,4.18,2.97,1.498,0.28,0.0090,-3.0
6,1983,3,152.8,0.04,0.01,0.01,0.08,-3.000,0.068,4.72,0.82,0.530,0.16,0.0060,-3.0
6,1983,4,128.1,0.10,0.03,0.04,0.15,-3.000,0.277,4.27,2.36,1.608,0.21,0.0200,-3.0
6,1983,5,199.3,0.13,0.03,0.06,0.07,-3.000,0.377,4.21,3.15,1.957,0.16,0.0380,-3.0
6,1983,6,34.2,0.16,0.03,0.13,0.01,-3.000,0.248,4.24,2.93,1.545,0.09,0.0370,-3.0
6,1983,7,76.7,0.12,0.03,0.04,0.02,-3.000,0.230,4.25,2.56,1.133,0.12,0.0190,-3.0
6,1983,8,155.3,0.04,0.01,0.02,0.01,-3.000,0.180,4.21,2.56,1.228,0.07,0.0080,-3.0
6,1983,9,47.0,0.08,0.03,0.05,0.13,-3.000,0.146,4.46,1.86,0.802,0.24,0.0130,-3.0
6,1983,10,97.8,0.16,0.04,0.10,0.25,-3.000,0.049,4.54,1.02,0.626,0.35,0.0070,-3.0
6,1983,11,217.0,0.02,0.01,0.02,0.05,-3.000,0.074,4.45,1.16,0.970,0.09,0.0100,-3.0
6,1983,12,221.2,0.05,0.02,0.02,0.08,-3.000,0.031,4.68,0.63,0.650,0.16,0.0040,-3.0
6,1984,1,59.8,0.07,0.01,0.02,0.07,-3.000,0.129,4.25,1.51,2.301,0.18,0.0120,-3.0
6,1984,2,130.3,0.12,0.03,0.03,0.15,-3.000,0.142,4.30,1.77,1.690,0.26,0.0080,-3.0
6,1984,3,135.4,0.09,0.02,0.03,0.05,-3.000,0.026,4.60,0.70,0.738,0.11,0.0090,-3.0
6,1984,4,149.4,0.08,0.03,0.03,0.11,-3.000,0.122,4.38,1.49,0.955,0.21,0.0220,-3.0
6,1984,5,313.6,0.03,0.01,0.09,0.01,-3.000,0.045,4.86,0.49,0.377,0.06,0.0290,-3.0
6,1984,6,179.1,0.08,0.02,0.07,0.04,-3.000,0.262,4.28,2.63,1.262,0.11,0.0160,-3.0
6,1984,7,142.8,0.07,0.02,0.02,0.03,-3.000,0.282,4.06,3.89,1.976,0.12,0.0100,-3.0
6,1984,8,37.1,0.10,0.02,0.04,0.04,-3.000,0.338,3.82,6.38,3.503,0.16,0.0140,-3.0
6,1984,9,38.7,0.12,0.02,0.06,0.08,-3.000,0.255,4.24,2.81,1.585,0.13,0.0190,-3.0
6,1984,10,87.6,0.12,0.03,0.16,0.06,-3.000,0.193,4.31,2.23,1.803,0.11,0.0230,-3.0
6,1984,11,120.3,0.02,0.02,0.03,0.14,-3.000,0.065,4.52,1.02,0.842,0.24,0.0070,-3.0
6,1984,12,121.7,0.03,0.01,0.02,0.06,-3.000,0.062,4.62,0.74,0.859,0.10,0.0080,-3.0
6,1985,1,74.5,0.04,0.02,0.05,0.10,-3.000,0.128,4.15,1.06,4.194,0.25,0.0120,-3.0
6,1985,2,93.1,0.04,0.02,0.04,0.10,-3.000,0.102,4.29,1.74,1.699,0.23,0.0200,-3.0
6,1985,3,124.6,0.08,0.01,0.02,0.04,-3.000,0.158,4.52,1.28,1.180,0.11,0.0140,-3.0
6,1985,4,74.3,0.22,0.05,0.04,0.11,-3.000,0.403,4.25,2.98,2.309,0.24,0.0230,-3.0
6,1985,5,106.3,0.20,0.04,0.05,0.07,-3.000,0.404,4.13,3.81,2.303,0.17,0.0170,-3.0
6,1985,6,129.0,0.10,0.02,0.04,0.04,-3.000,0.261,4.24,2.94,1.511,0.13,0.0150,-3.0
6,1985,7,56.7,0.11,0.03,0.03,0.08,-3.000,0.052,4.31,2.04,0.972,0.15,0.0160,-3.0
6,1985,8,89.9,0.05,0.01,0.02,0.05,-3.000,0.197,4.09,3.56,1.863,0.11,0.0140,-3.0
6,1985,9,155.8,0.03,0.01,0.02,0.04,-3.000,0.025,4.80,0.61,0.377,0.11,0.0090,-3.0
6,1985,10,115.6,0.05,0.01,0.05,0.04,-3.000,0.184,4.17,2.72,1.736,0.12,0.0130,-3.0
6,1985,11,144.7,0.07,0.02,0.01,0.05,-3.000,0.076,4.52,0.88,1.401,0.11,0.0060,-3.0
6,1985,12,93.4,0.06,0.02,0.02,0.12,-3.000,0.192,4.30,1.19,2.681,0.25,0.0170,-3.0
6,1986,1,224.4,0.02,0.02,0.01,0.04,-3.000,0.041,4.75,0.52,0.522,0.10,0.0110,-3.0
6,1986,2,82.6,0.02,0.01,0.01,0.07,-3.000,0.045,4.44,1.12,1.154,0.15,0.0110,-3.0
6,1986,3,135.2,0.09,0.02,0.02,0.06,-3.000,0.208,4.27,2.14,1.856,0.13,0.0150,-3.0
6,1986,4,64.6,0.10,0.03,0.03,0.12,-3.000,0.235,4.15,3.16,2.066,0.24,0.0150,-3.0
6,1986,5,132.9,0.12,0.03,0.07,0.08,-3.000,0.302,4.44,1.87,1.370,0.16,0.0310,-3.0
6,1986,6,88.7,0.16,0.04,0.11,0.02,-3.000,0.246,4.24,2.92,1.476,0.11,0.0290,-3.0
6,1986,7,151.2,0.03,0.01,0.02,0.01,-3.000,0.111,4.29,2.04,1.230,0.06,0.0510,-3.0
6,1986,8,176.0,0.03,0.01,0.01,0.02,-3.000,0.349,4.05,4.10,1.858,0.10,0.0210,-3.0
6,1986,9,97.3,0.04,0.01,0.02,0.04,-3.000,0.186,4.09,3.11,1.832,0.14,0.0160,-3.0
6,1986,10,65.0,0.05,0.01,0.03,0.04,-3.000,0.165,4.24,2.55,1.612,0.08,0.0140,-3.0
6,1986,11,141.9,0.03,0.01,0.01,0.05,-3.000,0.077,4.47,1.03,1.086,0.13,0.0120,-3.0
6,1986,12,118.5,0.01,0.02,0.01,0.09,-3.000,0.070,4.67,0.66,0.631,0.17,0.0080,-3.0
6,1987,1,107.6,0.02,0.01,0.01,0.04,-3.000,0.138,4.41,0.96,1.670,0.12,0.0140,-3.0
6,1987,2,14.6,0.13,0.03,0.02,0.34,-3.000,0.196,4.12,1.13,4.788,0.62,0.0120,-3.0
6,1987,3,177.9,0.03,0.02,0.01,0.08,-3.000,0.036,4.71,0.67,0.486,0.20,0.0110,-3.0
6,1987,4,80.5,0.04,0.02,0.02,0.11,-3.000,0.072,4.69,0.70,0.592,0.27,0.0220,-3.0
6,1987,5,91.4,0.09,0.03,0.07,0.04,-3.000,0.317,4.34,2.59,1.003,0.08,0.0150,-3.0
6,1987,6,203.6,0.10,0.02,0.05,0.04,-3.000,0.226,4.41,1.75,0.955,0.13,0.0210,-3.0
6,1987,7,74.7,0.06,0.02,0.03,0.02,-3.000,0.330,4.13,3.46,1.628,0.10,0.0390,-3.0
6,1987,8,114.0,0.04,0.01,0.02,0.02,-3.000,0.212,4.21,2.63,1.279,0.06,0.0210,-3.0
6,1987,9,165.6,0.04,0.03,0.04,0.18,-3.000,0.060,4.46,1.27,0.804,0.32,0.0180,-3.0
6,1987,10,112.8,0.13,0.04,0.19,0.15,-3.000,0.222,4.19,2.27,2.222,0.31,0.0460,-3.0
6,1987,11,123.2,0.08,0.04,0.05,0.19,-3.000,0.263,4.23,2.06,1.962,0.36,0.0240,-3.0
6,1987,12,72.5,0.07,0.01,0.02,0.07,-3.000,0.197,4.25,1.45,2.452,0.14,0.0280,-3.0
6,1988,1,68.2,0.10,0.02,0.02,0.07,-3.000,0.091,4.51,0.87,1.371,0.29,0.0140,-3.0
6,1988,2,94.4,0.06,0.02,0.01,0.09,-3.000,0.081,4.60,0.76,0.963,0.17,0.0300,-3.0
6,1988,3,52.8,0.19,0.06,0.04,0.25,-3.000,0.405,4.06,2.77,4.139,0.43,0.1000,-3.0
6,1988,4,107.6,0.12,0.04,0.02,0.10,-3.000,0.322,4.17,2.81,2.334,0.22,0.0370,-3.0
6,1988,5,101.0,0.11,0.04,0.17,0.04,-3.000,0.260,4.21,2.45,1.728,0.20,0.0540,-3.0
6,1988,6,68.0,0.30,0.05,0.05,0.03,-3.000,0.401,4.22,2.75,2.175,0.15,0.0300,-3.0
6,1988,7,114.7,0.09,0.02,0.03,0.01,-3.000,0.235,4.09,3.24,1.511,0.11,0.0240,-3.0
6,1988,8,146.7,0.08,0.02,0.03,0.03,-3.000,0.097,4.29,1.85,0.909,0.09,0.0140,-3.0
6,1988,9,74.6,0.05,0.01,0.03,0.04,-3.000,0.235,4.22,2.45,1.590,0.11,0.0150,-3.0
6,1988,10,58.4,0.15,0.04,0.08,0.15,-3.000,0.665,3.99,4.00,3.889,0.30,0.0420,-3.0
6,1988,11,152.9,0.03,0.03,0.07,0.14,-3.000,0.079,4.46,1.18,2.551,0.26,0.0070,-3.0
6,1988,12,67.3,0.11,0.03,0.04,0.16,-3.000,0.164,4.42,1.40,1.436,0.26,0.0060,-3.0
6,1989,1,75.1,0.11,0.04,0.03,0.29,-3.000,0.298,4.22,1.88,3.055,0.56,0.0060,-3.0
6,1989,2,70.7,0.04,0.01,0.01,0.07,-3.000,0.163,4.38,1.40,2.014,0.14,0.0060,-3.0
6,1989,3,90.0,0.18,0.04,0.03,0.14,-3.000,0.215,4.25,2.54,2.000,0.20,0.0070,-3.0
6,1989,4,106.5,0.06,0.01,0.01,0.05,-3.000,0.248,4.25,1.95,1.702,0.10,0.0060,-3.0
6,1989,5,209.3,0.06,0.02,0.05,0.06,-3.000,0.123,4.41,1.64,0.880,0.13,0.0130,-3.0
6,1989,6,161.2,0.06,0.01,0.05,0.02,-3.000,0.298,4.27,2.40,1.498,0.09,0.0310,-3.0
6,1989,7,71.6,0.19,0.03,0.04,0.02,-3.000,0.665,4.18,3.81,1.962,0.12,0.0110,-3.0
6,1989,8,137.4,0.02,0.01,0.03,0.04,-3.000,0.294,4.24,2.66,1.329,0.09,0.0070,-3.0
6,1989,9,129.9,0.08,0.06,0.05,0.19,-3.000,0.149,4.22,2.37,1.593,0.35,0.0260,-3.0
6,1989,10,198.2,0.09,0.04,0.17,0.08,-3.000,0.071,4.51,1.01,0.913,0.17,0.0160,-3.0
6,1989,11,166.8,0.10,0.03,0.05,0.17,-3.000,0.148,4.41,1.39,1.673,0.31,0.0140,-3.0
6,1989,12,74.9,0.09,0.01,0.04,0.08,-3.000,0.122,4.31,1.17,2.375,0.18,0.0160,-3.0
6,1990,1,159.2,0.05,0.01,0.03,0.06,-3.000,0.212,4.28,1.63,1.842,0.16,0.0110,-3.0
6,1990,2,98.1,0.06,0.01,0.02,0.07,-3.000,0.125,4.34,1.07,1.609,0.21,0.0100,-3.0
6,1990,3,85.7,0.10,0.03,0.02,0.10,-3.000,0.226,4.31,2.00,1.317,0.21,0.0130,-3.0
6,1990,4,106.1,0.19,0.05,0.07,0.12,-3.000,0.446,4.03,3.78,2.575,0.21,0.0670,-3.0
6,1990,5,164.1,0.12,0.03,0.05,0.07,-3.000,0.183,4.41,1.64,1.095,0.19,0.0410,-3.0
6,1990,6,202.0,0.11,0.03,0.08,0.02,-3.000,0.382,4.25,2.75,1.757,0.12,0.0510,-3.0
6,1990,7,78.9,0.27,0.05,0.06,0.05,-3.000,0.460,4.21,3.50,1.879,0.14,0.0330,-3.0
6,1990,8,328.7,0.01,0.01,0.04,0.03,-3.000,0.082,4.39,1.40,0.792,0.09,0.0090,-3.0
6,1990,9,116.7,0.06,0.02,0.03,0.09,-3.000,0.391,4.06,3.93,2.725,0.21,0.0080,-3.0
6,1990,10,198.0,0.05,0.03,0.06,0.16,-3.000,0.167,4.44,1.74,1.171,0.28,0.0120,-3.0
6,1990,11,107.4,0.05,0.01,0.02,0.07,-3.000,0.124,4.42,1.54,1.142,0.08,0.0080,-3.0
6,1990,12,173.9,0.04,0.01,0.02,0.08,-3.000,0.072,4.50,1.16,0.970,0.07,0.0070,-3.0
6,1991,1,95.3,0.07,0.02,0.01,0.12,-3.000,0.150,4.37,1.33,1.787,0.20,0.0150,-3.0
6,1991,2,54.1,0.08,0.02,0.01,0.08,-3.000,0.203,4.23,1.91,2.356,0.14,0.0140,-3.0
6,1991,3,122.2,0.10,0.03,0.02,0.09,-3.000,0.175,4.35,1.66,1.528,0.10,0.0170,-3.0
6,1991,4,100.2,0.14,0.04,0.10,0.07,-3.000,0.353,4.13,3.14,2.106,0.16,0.0280,-3.0
6,1991,5,92.1,0.13,0.06,0.16,0.05,-3.000,0.613,4.27,2.88,1.860,0.17,0.1100,-3.0
6,1991,6,51.7,0.23,0.05,0.07,0.03,-3.000,0.433,4.33,2.95,1.870,0.10,0.0060,-3.0
6,1991,7,109.7,0.11,0.01,0.04,0.03,-3.000,0.348,4.23,2.78,1.760,0.09,0.0140,-3.0
6,1991,8,285.6,0.05,0.01,0.01,0.01,-3.000,0.112,4.46,1.47,0.793,0.02,0.0080,-3.0
6,1991,9,117.4,0.05,0.01,0.03,0.04,-3.000,0.186,4.30,1.95,1.137,0.07,0.0170,-3.0
6,1991,10,159.5,0.09,0.03,0.07,0.12,-3.000,0.266,4.18,2.66,1.603,0.20,0.0130,-3.0
6,1991,11,89.8,0.07,0.01,0.03,0.04,-3.000,0.082,4.54,0.91,0.949,0.07,0.0050,-3.0
6,1991,12,121.7,0.04,0.01,0.06,0.05,-3.000,0.152,4.32,1.09,2.213,0.10,0.0040,-3.0
6,1992,1,94.8,0.04,0.02,0.05,0.11,-3.000,0.064,4.50,1.02,1.012,0.20,0.0060,-3.0
6,1992,2,107.0,0.03,0.02,0.01,0.12,-3.000,0.228,4.29,1.40,2.568,0.25,0.0100,-3.0
6,1992,3,125.4,0.07,0.06,0.02,0.33,-3.000,0.182,4.21,2.31,1.646,0.53,0.0080,-3.0
6,1992,4,97.5,0.14,0.04,0.03,0.09,-3.000,0.380,4.12,2.89,2.038,0.26,0.0160,-3.0
6,1992,5,61.7,0.17,0.07,0.18,0.21,-3.000,0.302,4.40,2.15,1.814,0.38,0.0560,-3.0
6,1992,6,74.8,0.06,0.03,0.08,0.10,-3.000,0.133,4.25,2.31,1.519,0.19,0.0120,-3.0
6,1992,7,162.0,0.07,0.02,0.03,0.03,-3.000,0.228,4.25,2.41,1.553,0.08,0.0090,-3.0
6,1992,8,149.1,0.05,0.02,0.03,0.07,-3.000,0.281,4.08,3.49,1.846,0.15,0.0080,-3.0
6,1992,9,137.6,0.02,0.01,0.03,0.06,-3.000,0.116,4.46,1.38,0.979,0.12,0.0080,-3.0
6,1992,10,74.8,0.13,0.05,0.21,0.19,-3.000,0.338,4.13,2.69,2.944,0.38,0.0150,-3.0
6,1992,11,167.2,0.02,0.01,0.01,0.05,-3.000,0.108,4.43,1.19,0.998,0.10,0.0020,-3.0
6,1992,12,61.0,0.10,0.02,0.05,0.15,-3.000,0.294,4.26,1.88,2.374,0.24,0.0020,-3.0
6,1993,1,106.3,0.03,0.01,0.01,0.08,-3.000,0.115,4.45,0.87,1.441,0.12,0.0010,-3.0
6,1993,2,95.2,0.06,0.01,0.02,0.08,-3.000,0.132,4.56,0.70,1.506,0.20,0.0030,-3.0
6,1993,3,143.1,0.06,0.03,0.02,0.20,-3.000,0.129,4.32,1.11,1.843,0.35,0.0040,-3.0
6,1993,4,132.6,0.08,0.04,0.03,0.27,-3.000,0.128,4.43,1.36,0.947,0.43,0.0060,-3.0
6,1993,5,68.3,0.26,0.05,0.15,0.06,-3.000,1.021,3.94,5.64,3.334,0.21,0.0320,-3.0
6,1993,6,94.2,0.07,0.02,0.11,0.05,-3.000,0.238,4.15,2.75,1.920,0.15,0.0140,-3.0
6,1993,7,120.6,0.10,0.02,0.03,0.04,-3.000,0.232,4.19,2.52,1.695,0.11,0.0050,-3.0
6,1993,8,127.1,0.05,0.01,0.03,0.06,-3.000,0.335,4.06,3.99,1.790,0.10,0.0010,-3.0
6,1993,9,134.0,0.04,0.01,0.02,0.04,-3.000,0.171,4.16,2.79,1.368,0.09,0.0020,-3.0
6,1993,10,101.3,0.09,0.02,0.08,0.07,-3.000,0.219,4.33,1.85,1.677,0.14,0.0060,-3.0
6,1993,11,151.2,0.07,0.08,0.05,0.63,-3.000,0.144,4.43,1.54,1.729,1.17,0.0030,-3.0
6,1993,12,103.7,0.04,0.01,0.02,0.11,-3.000,0.198,4.32,1.35,2.272,0.19,0.0040,-3.0
6,1994,1,149.3,0.02,0.01,0.01,0.04,-3.000,0.040,4.62,0.36,1.168,0.13,0.0030,-3.0
6,1994,2,50.8,0.24,0.03,0.03,0.24,-3.000,0.080,4.34,0.97,2.299,0.39,0.0060,-3.0
6,1994,3,155.6,0.05,0.01,0.01,0.05,-3.000,0.138,4.51,1.07,1.248,0.10,0.0060,-3.0
6,1994,4,117.8,0.19,0.03,0.06,0.09,-3.000,0.581,4.07,3.66,2.946,0.18,0.0430,-3.0
6,1994,5,99.1,0.21,0.05,0.11,0.04,-3.000,0.648,4.14,3.40,3.005,0.15,0.0580,-3.0
6,1994,6,107.4,0.14,0.04,0.18,0.10,-3.000,0.431,4.17,3.32,2.236,0.23,0.0220,-3.0
6,1994,7,127.9,0.03,0.01,0.02,0.03,-3.000,0.238,4.14,3.20,1.590,0.08,0.0050,-3.0
6,1994,8,101.3,0.04,0.01,0.02,0.01,-3.000,0.169,4.37,1.93,0.927,0.06,0.0060,-3.0
6,1994,9,139.2,0.03,0.01,0.02,0.02,-3.000,0.189,4.44,1.60,0.964,0.10,0.0030,-3.0
6,1994,10,30.0,0.09,0.02,0.08,0.08,-3.000,0.464,3.82,3.74,5.685,0.22,0.0050,-3.0
6,1994,11,93.6,0.06,0.02,0.05,0.09,-3.000,0.123,4.42,1.29,1.185,0.16,0.0050,-3.0
6,1994,12,90.8,0.04,0.02,0.03,0.09,-3.000,0.079,4.44,1.11,1.292,0.16,0.0010,-3.0
6,1995,1,126.4,0.03,0.03,0.02,0.20,-3.000,0.078,4.39,0.97,1.631,0.36,0.0020,-3.0
6,1995,2,91.5,0.10,0.02,0.03,0.13,-3.000,0.181,4.31,1.18,2.379,0.21,0.0020,-3.0
6,1995,3,85.1,0.12,0.03,0.03,0.16,-3.000,0.375,4.11,2.34,3.224,0.25,0.0050,-3.0
6,1995,4,66.1,0.35,0.04,0.05,0.10,-3.000,0.673,4.03,3.95,3.983,0.21,0.0140,-3.0
6,1995,5,96.9,0.11,0.02,0.11,0.04,-3.000,0.205,4.51,1.23,1.007,0.09,0.1410,-3.0
6,1995,6,45.9,0.07,0.02,0.09,0.03,-3.000,0.329,4.34,1.77,1.429,0.15,0.0360,-3.0
6,1995,7,171.6,0.05,0.01,0.03,0.02,-3.000,0.359,4.17,2.87,1.892,0.12,0.0050,-3.0
6,1995,8,151.1,0.04,0.01,0.02,0.03,-3.000,0.139,4.42,1.30,0.770,0.07,0.0050,-3.0
6,1995,9,93.6,0.08,0.02,0.03,0.11,-3.000,0.358,4.07,3.17,2.101,0.22,0.0050,-3.0
6,1995,10,267.5,0.03,0.02,0.02,0.10,-3.000,0.081,4.60,0.74,0.525,0.25,0.0040,-3.0
6,1995,11,178.9,0.05,0.04,0.03,0.33,-3.000,0.103,4.45,1.00,1.123,0.62,0.0020,-3.0
6,1995,12,109.4,0.09,0.02,0.04,0.07,-3.000,0.188,4.41,0.99,1.911,0.13,0.0030,-3.0
6,1996,1,223.3,0.03,0.05,0.03,0.37,-3.000,0.066,4.52,0.95,0.926,0.63,0.0020,-3.0
6,1996,2,120.8,0.10,0.05,0.12,0.36,-3.000,0.195,4.29,1.54,1.998,0.60,0.0030,-3.0
6,1996,3,58.7,0.25,0.07,0.06,0.40,-3.000,0.165,4.31,1.51,2.831,0.65,0.0070,-3.0
6,1996,4,263.6,0.14,0.04,0.04,0.15,-3.000,0.270,4.25,2.10,2.129,0.31,0.0090,-3.0
6,1996,5,121.7,0.07,0.02,0.04,0.04,-3.000,0.169,4.51,1.12,1.219,0.10,0.0090,-3.0
6,1996,6,174.3,0.04,0.02,0.04,0.05,-3.000,0.330,4.40,2.17,1.470,0.11,0.0070,-3.0
6,1996,7,242.2,0.04,0.01,0.06,0.02,-3.000,0.187,4.45,1.97,1.070,0.06,0.0050,-3.0
6,1996,8,21.4,0.08,0.01,0.06,0.05,-3.000,0.245,4.12,3.55,2.372,0.17,0.0120,-3.0
6,1996,9,80.4,0.05,0.04,0.03,0.29,-3.000,0.136,4.26,2.02,1.615,0.50,0.0070,-3.0
6,1996,10,162.5,0.05,0.02,0.07,0.04,-3.000,0.096,4.54,0.89,0.794,0.09,0.0070,-3.0
6,1996,11,135.7,0.07,0.08,0.04,0.61,-3.000,0.150,4.42,1.57,1.078,1.09,0.0010,-3.0
6,1996,12,219.8,0.03,0.01,0.01,0.07,-3.000,0.102,4.39,0.97,1.293,0.15,0.0010,-3.0
6,1997,1,136.7,0.04,0.01,0.01,0.06,-3.000,0.094,4.42,0.92,1.430,0.13,0.0010,-3.0
6,1997,2,91.4,0.09,0.02,0.02,0.13,-3.000,0.167,4.29,1.38,1.693,0.22,0.0020,-3.0
6,1997,3,159.6,0.08,0.02,0.01,0.08,-3.000,0.205,4.29,1.55,1.886,0.14,0.0020,-3.0
6,1997,4,70.4,0.16,0.06,0.02,0.04,-3.000,0.248,4.42,1.58,1.434,0.08,0.0050,-3.0
6,1997,5,113.9,0.25,0.05,0.08,0.11,-3.000,0.501,4.10,3.30,2.806,0.22,0.0090,-3.0
6,1997,6,79.6,0.21,0.05,0.20,0.08,-3.000,0.630,4.08,3.93,3.138,0.20,0.0790,-3.0
6,1997,7,173.3,0.06,0.01,0.06,0.04,-3.000,0.250,4.43,1.79,1.132,0.09,0.0020,-3.0
6,1997,8,121.3,0.06,0.02,0.09,0.05,-3.000,0.300,4.29,2.31,1.711,0.12,0.0060,-3.0
6,1997,9,74.0,0.09,0.02,0.08,0.06,-3.000,0.297,4.32,2.21,1.532,0.16,0.0300,-3.0
6,1997,10,46.3,0.19,0.04,0.22,0.14,-3.000,0.533,4.18,2.82,3.679,0.32,0.0170,-3.0
6,1997,11,178.2,0.04,0.02,0.03,0.09,-3.000,0.117,4.59,0.80,1.078,0.19,0.0050,-3.0
6,1997,12,83.3,0.04,0.01,0.02,0.08,-3.000,0.153,4.43,1.13,1.752,0.16,0.0020,-3.0
6,1998,1,177.7,0.03,0.01,0.01,0.06,-3.000,0.060,4.66,0.70,0.983,0.13,0.0010,-3.0
6,1998,2,73.4,0.06,0.01,0.01,0.04,-3.000,0.033,4.66,0.68,0.863,0.06,0.0050,-3.0
6,1998,3,121.5,0.06,0.01,0.02,0.07,-3.000,0.086,4.48,0.76,1.484,0.13,0.0010,-3.0
6,1998,4,67.0,0.22,0.03,0.07,0.11,-3.000,0.389,4.35,2.04,2.118,0.21,0.0110,-3.0
6,1998,5,94.6,0.14,0.05,0.13,0.11,-3.000,0.400,4.44,2.00,1.438,0.26,0.0260,-3.0
6,1998,6,325.2,0.04,0.01,0.02,0.03,-3.000,0.128,4.56,1.08,0.797,0.06,0.0070,-3.0
6,1998,7,107.9,0.07,0.01,0.02,0.01,-3.000,0.124,4.43,1.43,0.820,0.05,0.0040,-3.0
6,1998,8,102.7,0.15,0.02,0.09,0.04,-3.000,0.352,4.03,3.56,2.648,0.11,0.0060,-3.0
6,1998,9,87.7,0.18,0.03,0.11,0.03,-3.000,0.490,4.10,3.75,2.070,0.08,0.0120,-3.0
6,1998,10,123.4,0.05,0.01,0.03,0.05,-3.000,0.178,4.28,1.73,1.661,0.11,0.0040,-3.0
6,1998,11,132.1,0.07,0.02,0.04,0.08,-3.000,0.273,4.30,1.58,2.049,0.18,0.0050,-3.0
6,1998,12,62.2,0.20,0.06,0.18,0.10,-3.000,0.558,4.08,2.68,3.986,0.25,0.0420,-3.0
6,1999,1,193.1,0.07,0.01,0.01,0.05,-3.000,0.036,4.52,0.61,1.286,0.10,0.0020,-3.0
6,1999,2,58.5,0.16,0.04,0.06,0.16,-3.000,0.256,4.28,1.97,2.127,0.27,0.0060,-3.0
6,1999,3,149.0,0.12,0.06,0.03,0.37,-3.000,0.085,4.65,1.05,0.845,0.66,0.0040,-3.0
6,1999,4,23.4,0.96,0.13,0.18,0.16,-3.000,1.488,3.95,6.18,6.681,0.26,0.0890,-3.0
6,1999,5,143.1,0.07,0.01,0.05,0.06,-3.000,0.081,4.68,0.86,0.653,0.12,0.0090,-3.0
6,1999,6,78.7,0.19,0.05,0.21,0.09,-3.000,0.352,4.30,2.38,1.882,0.19,0.0400,-3.0
6,1999,7,120.8,0.09,0.02,0.05,0.04,-3.000,0.223,4.35,1.73,1.182,0.07,0.0140,-3.0
6,1999,8,113.7,0.08,0.02,0.04,0.05,-3.000,0.453,4.10,3.34,2.034,0.13,0.0110,-3.0
6,1999,9,357.3,0.05,0.01,0.03,0.04,-3.000,0.073,4.77,0.69,0.444,0.07,0.0030,-3.0
6,1999,10,82.7,0.06,0.05,0.18,0.14,-3.000,0.091,4.50,1.19,1.141,0.24,0.0080,-3.0
6,1999,11,116.1,0.20,0.08,0.10,0.38,-3.000,0.436,4.28,2.17,2.213,0.66,0.0070,-3.0
6,1999,12,59.3,0.14,0.04,0.02,0.21,-3.000,0.259,4.17,1.95,2.373,0.40,0.0040,-3.0
6,2000,1,115.1,0.12,0.02,0.01,0.14,-3.000,0.257,4.28,1.52,2.008,0.28,0.0030,-3.0
6,2000,2,113.5,0.11,0.02,0.01,0.08,-3.000,0.254,4.30,1.34,1.643,0.18,0.0050,-3.0
6,2000,3,114.4,0.12,0.02,0.02,0.08,-3.000,0.255,4.33,1.68,1.450,0.26,0.0070,-3.0
6,2000,4,239.1,0.12,0.03,0.04,0.14,-3.000,0.219,4.49,1.31,1.020,0.25,0.0280,-3.0
6,2000,5,157.2,0.04,0.01,0.09,0.03,-3.000,0.094,4.31,1.50,1.328,0.09,0.0090,-3.0
6,2000,6,91.9,0.12,0.04,0.07,0.14,-3.000,0.404,4.21,2.59,1.791,0.25,0.0080,-3.0
6,2000,7,102.6,0.04,0.01,0.04,0.05,-3.000,0.098,4.55,0.89,0.903,0.12,0.0060,-3.0
6,2000,8,114.8,0.05,0.01,0.08,0.03,-3.000,0.333,4.32,2.21,1.538,0.08,0.0050,-3.0
6,2000,9,102.3,0.03,0.01,0.02,0.04,-3.000,0.182,4.39,1.79,1.170,0.07,0.0050,-3.0
6,2000,10,78.5,0.05,0.02,0.10,0.02,-3.000,0.136,4.48,1.29,0.963,0.09,0.0050,-3.0
6,2000,11,110.8,0.06,0.01,0.02,0.04,-3.000,0.143,4.42,1.13,1.695,0.16,0.0020,-3.0
6,2000,12,159.0,0.02,0.01,0.03,0.08,-3.000,0.056,4.72,0.61,0.852,0.17,0.0030,-3.0
6,2001,1,56.9,0.01,0.01,0.02,0.07,-3.000,0.183,4.28,1.29,2.590,0.20,0.0030,-3.0
6,2001,2,115.9,0.06,0.01,0.02,0.06,-3.000,0.187,4.42,1.18,1.988,0.13,0.0040,-3.0
6,2001,3,118.4,0.07,0.01,0.02,0.09,-3.000,0.082,4.57,0.66,1.487,0.16,0.0040,-3.0
6,2001,4,48.0,0.40,0.06,0.05,0.13,-3.000,0.468,4.20,3.43,2.790,0.20,0.0090,-3.0
6,2001,5,66.0,0.11,0.03,0.09,0.05,-3.000,0.360,4.35,1.97,1.585,0.11,0.0130,-3.0
6,2001,6,118.9,0.05,0.01,0.06,0.03,-3.000,0.138,4.55,1.11,0.867,0.07,0.0120,-3.0
6,2001,7,83.0,0.08,0.02,0.02,0.01,-3.000,0.183,4.45,1.56,1.035,0.05,0.0100,-3.0
6,2001,8,41.7,0.13,0.02,0.05,0.05,-3.000,0.236,4.25,2.48,1.712,0.10,0.0060,-3.0
6,2001,9,158.3,0.02,0.02,0.02,0.11,-3.000,0.129,4.58,0.99,0.727,0.19,0.0020,-3.0
6,2001,10,72.3,0.14,0.03,0.12,0.14,-3.000,0.373,4.26,2.34,2.205,0.23,0.0150,-3.0
6,2001,11,81.8,0.16,0.04,0.04,0.24,-3.000,0.344,4.22,2.17,2.856,0.44,0.0040,-3.0
6,2001,12,81.4,0.04,0.01,0.01,0.06,-3.000,0.179,4.36,1.28,1.844,0.12,0.0010,-3.0
6,2002,1,99.7,0.12,0.01,0.02,0.09,-3.000,0.246,4.43,1.03,2.190,0.17,0.0020,-3.0
6,2002,2,88.3,0.07,0.02,0.02,0.15,-3.000,0.182,4.43,1.31,1.517,0.24,0.0030,-3.0
6,2002,3,147.7,0.12,0.03,0.02,0.22,-3.000,0.230,4.49,1.37,1.540,0.36,0.0040,-3.0
6,2002,4,164.2,0.15,0.03,0.05,0.08,-3.000,0.289,4.40,1.77,1.786,0.14,0.0230,-3.0
6,2002,5,134.2,0.10,0.03,0.13,0.04,-3.000,0.294,4.60,1.35,1.112,0.07,0.0350,-3.0
6,2002,6,134.1,0.09,0.01,0.05,0.03,-3.000,0.504,4.29,2.69,1.755,0.08,0.0150,-3.0
6,2002,7,49.6,0.51,0.07,0.11,0.07,-3.000,0.493,4.45,2.57,2.164,0.13,0.0170,-3.0
6,2002,8,85.4,0.08,0.02,0.02,0.08,-3.000,0.119,4.69,0.76,0.728,0.16,0.0060,-3.0
6,2002,9,128.1,0.02,0.01,0.02,0.02,-3.000,0.107,4.75,0.76,0.427,0.04,0.0030,-3.0
6,2002,10,107.4,0.08,0.03,0.09,0.16,-3.000,0.240,4.33,1.72,1.681,0.30,0.0040,-3.0
6,2002,11,148.9,0.05,0.01,0.09,0.05,-3.000,0.198,4.55,0.87,1.369,0.11,0.0070,-3.0
6,2002,12,106.6,0.04,0.01,0.04,0.04,-3.000,0.109,4.69,0.61,0.902,0.08,0.0030,-3.0
6,2003,1,45.9,0.04,0.01,0.05,0.12,-3.000,0.108,4.39,0.82,1.884,0.22,0.0030,-3.0
6,2003,2,65.3,0.08,0.02,0.06,0.16,-3.000,0.127,4.60,0.86,1.316,0.22,0.0050,-3.0
6,2003,3,100.1,0.09,0.03,0.03,0.22,-3.000,0.237,4.34,1.70,1.782,0.38,0.0040,-3.0
6,2003,4,71.9,0.13,0.02,0.02,0.05,-3.000,0.209,4.40,1.52,1.485,0.10,0.0050,-3.0
6,2003,5,135.9,0.11,0.03,0.07,0.03,-3.000,0.244,4.47,1.65,1.146,0.07,0.0160,-3.0
6,2003,6,60.6,0.09,0.02,0.13,0.02,-3.000,0.248,4.36,2.15,1.143,0.06,0.0700,-3.0
6,2003,7,127.0,0.05,0.01,0.03,0.02,-3.000,0.259,4.37,1.98,1.248,0.06,0.0030,-3.0
6,2003,8,245.0,0.04,0.01,0.02,0.02,-3.000,0.118,4.61,1.10,0.677,0.06,0.0050,-3.0
6,2003,9,200.0,0.03,0.02,0.05,0.15,-3.000,0.145,4.58,1.23,0.650,0.25,0.0250,-3.0
6,2003,10,196.5,0.09,0.02,0.02,0.09,-3.000,0.201,4.59,0.99,1.228,0.17,0.0040,-3.0
6,2003,11,180.8,0.05,0.05,0.03,0.35,-3.000,0.135,4.44,1.30,1.069,0.66,0.0020,-3.0
6,2003,12,246.0,0.03,0.02,0.01,0.15,-3.000,0.040,4.72,0.64,0.712,0.28,0.0020,-3.0
6,2004,1,39.8,0.06,0.01,0.01,0.09,-3.000,0.196,4.30,1.42,2.297,0.18,0.0040,-3.0
6,2004,2,43.3,0.32,0.04,0.02,0.14,-3.000,0.164,4.52,1.42,2.018,0.24,0.0050,-3.0
6,2004,3,82.2,0.18,0.04,0.04,0.16,-3.000,0.787,4.02,3.64,4.634,0.24,0.0070,-3.0
6,2004,4,115.1,0.10,0.02,0.02,0.04,-3.000,0.196,4.71,0.97,0.769,0.09,0.0040,-3.0
6,2004,5,154.2,0.08,0.02,0.09,0.03,-3.000,0.219,4.52,1.39,1.124,0.05,0.0170,-3.0
6,2004,6,75.2,0.11,0.02,0.10,0.04,-3.000,0.227,4.31,2.25,1.337,0.11,0.0130,-3.0
6,2004,7,140.1,0.04,0.01,0.06,0.02,-3.000,0.172,4.35,1.76,1.088,0.07,0.0140,-3.0
6,2004,8,193.2,0.05,0.01,0.03,0.04,-3.000,0.127,4.54,1.76,0.795,0.08,0.0050,-3.0
6,2004,9,93.0,0.03,0.02,0.02,0.13,-3.000,0.048,4.68,0.62,0.511,0.21,0.0050,-3.0
6,2004,10,60.5,0.05,0.01,0.07,0.02,-3.000,0.067,4.55,0.81,0.683,0.06,0.0050,-3.0
6,2004,11,154.1,0.04,0.03,0.05,0.06,-3.000,0.088,4.63,0.90,0.830,0.12,0.0020,-3.0
6,2004,12,163.0,0.03,0.02,0.02,0.15,-3.000,0.094,4.55,0.87,1.182,0.29,0.0090,-3.0
6,2005,1,79.6,0.05,0.02,0.02,0.18,-3.000,0.140,4.43,1.10,1.695,0.28,0.0010,-3.0
6,2005,2,99.0,0.03,0.01,0.01,0.07,-3.000,0.058,4.56,0.91,1.042,0.11,0.0010,-3.0
6,2005,3,92.9,0.10,0.02,0.01,0.10,-3.000,0.156,4.63,0.93,1.289,0.17,0.0010,-3.0
6,2005,4,191.8,0.09,0.04,0.03,0.23,-3.000,0.225,4.51,1.58,1.009,0.42,0.0010,-3.0
6,2005,5,92.6,0.10,0.02,0.07,0.05,-3.000,0.237,4.55,1.31,1.088,0.08,0.0010,-3.0
6,2005,6,190.9,0.05,0.01,0.05,0.01,-3.000,0.255,4.50,1.77,1.008,0.05,0.0010,-3.0
6,2005,7,78.8,0.05,0.01,0.04,0.02,-3.000,0.213,4.45,1.97,0.865,0.06,0.0010,-3.0
6,2005,8,220.6,0.06,0.02,0.02,0.07,-3.000,0.167,4.51,1.63,0.779,0.14,0.0010,-3.0
6,2005,9,76.4,0.06,0.02,0.07,0.12,-3.000,0.150,4.51,1.60,0.945,0.22,0.0010,-3.0
6,2005,10,322.3,0.01,0.01,0.01,0.03,-3.000,0.005,5.25,0.14,0.079,0.06,0.0010,-3.0
6,2005,11,183.6,0.05,0.02,0.03,0.13,-3.000,0.115,4.48,1.25,1.062,0.26,0.0010,-3.0
6,2005,12,107.5,0.03,0.01,0.01,0.12,-3.000,0.100,4.62,0.78,1.048,0.23,0.0010,-3.0
6,2006,1,159.9,0.07,0.03,0.02,0.22,-3.000,0.091,4.56,0.99,1.164,0.40,0.0010,-3.0
6,2006,2,69.9,0.18,0.02,0.01,0.16,-3.000,0.113,4.49,1.03,1.922,0.27,0.0010,-3.0
6,2006,3,53.6,0.23,0.04,0.04,0.24,-3.000,0.634,4.10,3.55,3.286,0.45,0.0740,-3.0
6,2006,4,75.1,0.26,0.06,0.05,0.13,-3.000,0.335,4.43,2.22,1.532,0.23,0.0380,-3.0
6,2006,5,252.4,0.05,0.02,0.14,0.06,-3.000,0.022,5.00,0.53,0.102,0.12,0.0090,-3.0
6,2006,6,203.5,0.06,0.02,0.07,0.07,-3.000,0.090,4.74,0.93,0.599,0.11,0.0010,-3.0
6,2006,7,122.0,0.03,0.01,0.02,0.01,-3.000,0.078,4.73,1.75,0.316,0.02,0.0010,-3.0
6,2006,8,77.1,0.08,0.01,0.03,0.02,-3.000,0.121,4.39,1.85,0.758,0.06,0.0010,-3.0
6,2006,9,69.5,0.07,0.03,0.22,0.14,-3.000,0.142,4.52,1.47,0.967,0.27,0.0010,-3.0
6,2006,10,266.6,0.01,0.01,0.05,0.03,-3.000,0.078,4.71,0.69,0.683,0.06,0.0010,-3.0
6,2006,11,144.5,0.03,0.02,0.03,0.11,-3.000,0.027,4.84,0.65,0.388,0.21,0.0010,-3.0
6,2006,12,130.3,0.05,0.02,0.03,0.09,-3.000,0.136,4.47,1.09,1.453,0.17,0.0010,-3.0
6,2007,1,98.8,0.03,0.01,0.05,0.05,-3.000,0.070,4.68,0.70,0.976,0.08,0.0010,-3.0
6,2007,2,77.2,0.03,0.01,0.01,0.09,-3.000,0.026,4.82,0.29,0.745,0.16,0.0010,-3.0
6,2007,3,95.8,0.15,0.03,0.04,0.13,-3.000,0.289,4.51,1.69,1.462,0.19,0.0010,-3.0
6,2007,4,188.1,0.06,0.01,0.02,0.03,-3.000,0.113,4.76,0.74,0.666,0.06,0.0010,-3.0
6,2007,5,81.2,0.13,0.02,0.06,0.02,-3.000,0.351,4.68,1.64,0.840,0.06,0.0010,-3.0
6,2007,6,88.9,0.17,0.03,0.11,0.03,-3.000,0.470,4.48,2.28,1.423,0.08,0.0010,-3.0
6,2007,7,164.8,0.08,0.02,0.03,0.02,-3.000,0.313,4.58,1.66,0.893,0.04,0.0010,-3.0
6,2007,8,129.2,0.10,0.02,0.05,0.04,-3.000,0.417,4.28,2.99,1.154,0.08,0.0010,-3.0
6,2007,9,99.1,0.05,0.01,0.02,0.02,-3.000,0.278,4.51,1.63,0.777,0.06,0.0010,-3.0
6,2007,10,189.5,0.03,0.01,0.03,0.06,-3.000,0.091,4.65,0.90,0.635,0.12,0.0010,-3.0
6,2007,11,142.3,0.07,0.02,0.02,0.08,-3.000,0.356,4.33,1.91,1.713,0.17,0.0010,-3.0
6,2007,12,168.2,0.03,0.02,0.01,0.17,-3.000,0.067,4.66,0.68,0.905,0.31,0.0010,-3.0
6,2008,1,81.5,0.07,0.01,0.01,0.14,-3.000,0.101,4.54,0.78,1.426,0.24,0.0010,-3.0
6,2008,2,213.8,0.05,0.01,0.01,0.05,-3.000,0.086,4.58,0.81,0.987,0.11,0.0010,-3.0
6,2008,3,172.3,0.09,0.02,0.01,0.09,-3.000,0.157,4.65,0.84,1.137,0.13,0.0010,-3.0
6,2008,4,112.8,0.16,0.02,0.02,0.05,-3.000,0.260,4.50,1.55,1.194,0.09,0.0010,-3.0
6,2008,5,47.3,0.27,0.06,0.15,0.05,-3.000,0.394,4.63,2.07,1.234,0.11,0.0070,-3.0
6,2008,6,146.0,0.11,0.03,0.11,0.03,-3.000,0.199,4.44,2.18,1.215,0.09,0.0010,-3.0
6,2008,7,160.7,0.06,0.01,0.02,0.05,-3.000,0.223,4.51,1.55,0.886,0.10,0.0010,-3.0
6,2008,8,170.4,0.03,0.01,0.01,0.01,-3.000,0.084,4.65,0.90,0.666,0.04,0.0010,-3.0
6,2008,9,160.7,0.03,0.01,0.01,0.02,-3.000,0.063,4.81,0.60,0.297,0.05,0.0010,-3.0
6,2008,10,163.6,0.04,0.03,0.06,0.17,-3.000,0.095,4.66,1.04,0.737,0.34,0.0010,-3.0
6,2008,11,162.4,0.02,0.01,0.01,0.04,-3.000,0.079,4.71,0.66,0.702,0.09,0.0010,-3.0
6,2008,12,164.7,0.02,0.01,0.01,0.05,-3.000,0.046,4.88,0.38,0.589,0.10,0.0010,-3.0
6,2009,1,83.6,0.03,0.01,0.01,0.06,-3.000,0.042,4.78,0.29,0.862,0.09,0.0010,-3.0
6,2009,2,92.2,0.10,0.02,0.02,0.14,-3.000,0.212,4.52,1.08,1.525,0.24,0.0010,-3.0
6,2009,3,89.2,0.12,0.02,0.02,0.12,-3.000,0.221,4.61,1.22,1.154,0.16,0.0010,-3.0
6,2009,4,93.4,0.14,0.05,0.06,0.20,-3.000,0.175,4.58,1.38,1.243,0.30,0.0010,-3.0
6,2009,5,166.6,0.09,0.03,0.10,0.04,-3.000,0.046,4.99,0.74,0.268,0.10,0.0090,-3.0
6,2009,6,152.8,0.03,0.01,0.02,0.04,-3.000,0.046,5.02,0.43,0.323,0.08,0.0010,-3.0
6,2009,7,258.4,0.03,0.01,0.01,0.01,-3.000,0.082,4.78,0.79,0.577,0.04,0.0010,-3.0
6,2009,8,156.0,0.05,0.01,0.01,0.01,-3.000,0.042,4.85,0.60,0.420,0.04,0.0010,-3.0
6,2009,9,60.5,0.05,0.03,0.05,0.10,-3.000,0.020,5.12,0.36,0.300,0.21,0.0010,-3.0
6,2009,10,184.6,0.04,0.01,0.04,0.03,-3.000,0.097,4.78,0.68,0.735,0.08,0.0010,-3.0
6,2009,11,119.3,0.03,0.03,0.04,0.16,-3.000,0.005,5.10,0.28,0.260,0.32,0.0010,-3.0
6,2009,12,143.3,0.05,0.01,0.05,0.06,-3.000,0.044,4.89,0.39,0.546,0.13,0.0010,-3.0
6,2010,1,93.5,0.04,0.03,0.03,0.19,-3.000,0.035,4.80,0.56,0.679,0.37,0.0010,-3.0
6,2010,2,71.0,0.05,0.03,0.04,0.22,-3.000,0.022,5.08,0.29,0.480,0.42,0.0010,-3.0
6,2010,3,120.8,0.06,0.02,0.03,0.11,-3.000,0.046,4.95,0.45,0.375,0.23,0.0010,-3.0
6,2010,4,101.2,0.32,0.07,0.07,0.08,-3.000,0.457,4.98,1.91,1.502,0.11,0.0010,-3.0
6,2010,5,65.5,0.16,0.03,0.09,0.03,-3.000,0.224,4.98,0.90,0.957,0.06,0.0010,-3.0
6,2010,6,183.1,0.04,0.01,0.03,0.01,-3.000,0.158,4.71,1.11,0.697,0.04,0.0010,-3.0
6,2010,7,120.5,0.05,0.01,0.01,0.02,-3.000,0.090,4.73,0.84,0.642,0.05,0.0010,-3.0
6,2010,8,94.3,0.06,0.02,0.03,0.03,-3.000,0.131,4.67,0.95,0.830,0.09,0.0010,-3.0
6,2010,9,172.6,0.11,0.04,0.04,0.19,-3.000,0.150,4.69,1.18,0.948,0.40,0.0010,-3.0
6,2010,10,170.5,0.12,0.03,0.10,0.09,-3.000,0.093,5.09,0.50,0.625,0.20,0.0010,-3.0
6,2010,11,100.3,0.06,0.02,0.06,0.12,-3.000,0.093,4.73,0.82,0.746,0.19,0.0010,-3.0
6,2010,12,163.7,0.03,0.02,0.01,0.11,-3.000,0.005,5.03,0.25,0.362,0.23,0.0010,-3.0
6,2011,1,79.6,0.03,0.01,0.01,0.07,-3.000,0.037,4.77,0.24,0.947,0.12,0.0010,-3.0
6,2011,2,132.5,0.10,0.01,0.01,0.07,-3.000,0.083,4.78,0.57,1.008,0.11,0.0010,-3.0
6,2011,3,167.3,0.07,0.03,0.02,0.21,-3.000,0.063,4.99,0.50,0.521,0.41,0.0010,-3.0
6,2011,4,197.2,0.21,0.03,0.04,0.09,-3.000,0.245,4.84,1.03,0.813,0.16,0.0010,-3.0
6,2011,5,143.9,0.08,0.04,0.17,0.10,-3.000,0.073,4.75,0.87,0.612,0.23,0.0040,-3.0
6,2011,6,117.0,0.14,0.02,0.10,0.03,-3.000,0.191,4.87,0.82,0.930,0.08,0.0010,-3.0
6,2011,7,65.0,0.26,0.05,0.06,0.08,-3.000,0.267,4.48,2.06,1.698,0.20,0.0010,-3.0
6,2011,8,340.2,0.02,0.01,0.03,0.05,-3.000,0.036,5.02,0.38,0.117,0.11,0.0010,-3.0
6,2011,9,188.9,0.03,0.01,0.02,0.03,-3.000,0.021,4.94,0.26,0.134,0.07,0.0010,-3.0
6,2011,10,159.0,0.04,0.01,0.02,0.03,-3.000,0.042,5.05,0.31,0.359,0.08,0.0010,-3.0
6,2011,11,102.5,0.04,0.02,0.03,0.13,-3.000,0.024,5.04,0.32,0.382,0.25,0.0010,-3.0
6,2011,12,128.5,0.05,0.02,0.06,0.07,-3.000,0.098,4.70,0.65,1.073,0.12,0.0010,-3.0
6,2012,1,130.4,0.07,0.02,0.03,0.14,-3.000,0.099,4.74,0.58,1.066,0.24,0.0010,-3.0
6,2012,2,34.2,0.21,0.03,0.04,0.11,-3.000,0.242,4.75,1.04,1.806,0.15,0.0010,-3.0
6,2012,3,72.1,0.55,0.10,0.05,0.17,-3.000,0.637,4.84,2.06,2.535,0.22,0.0010,-3.0
6,2012,4,99.3,0.13,0.03,0.06,0.07,-3.000,0.097,4.90,0.63,0.709,0.13,0.0010,-3.0
6,2012,5,243.1,0.06,0.01,0.04,0.05,-3.000,0.088,4.96,0.56,0.590,0.11,0.0010,-3.0
6,2012,6,181.9,0.06,0.01,0.04,0.01,-3.000,0.009,5.15,0.35,0.180,0.05,0.0010,-3.0
6,2012,7,107.4,0.14,0.02,0.04,0.01,-3.000,0.127,5.06,0.60,0.731,0.04,0.0010,-3.0
6,2012,8,200.2,0.05,0.01,0.03,0.02,-3.000,0.033,4.95,0.58,0.550,0.04,0.0010,-3.0
6,2012,9,174.2,0.04,0.02,0.02,0.11,-3.000,0.053,5.02,0.51,0.466,0.20,0.0010,-3.0
6,2012,10,176.4,0.07,0.04,0.18,0.30,-3.000,0.017,5.18,0.36,0.270,0.54,0.0010,-3.0
6,2012,11,26.2,0.08,0.02,0.02,0.16,-3.000,0.144,4.86,0.61,0.748,0.29,0.0010,-3.0
6,2012,12,163.8,0.05,0.01,0.01,0.05,-3.000,0.094,4.86,0.46,0.767,0.09,0.0010,-3.0
6,2013,1,89.6,0.07,0.01,0.01,0.06,-3.000,0.112,4.77,0.55,1.285,0.13,-3.0000,-3.0
6,2013,2,81.6,0.06,0.02,0.01,0.17,-3.000,0.057,4.80,0.37,1.047,0.28,-3.0000,-3.0
6,2013,3,87.7,0.09,0.03,0.01,0.18,-3.000,0.077,4.99,0.44,0.664,0.30,-3.0000,-3.0
6,2013,4,70.1,0.15,0.03,0.05,0.11,-3.000,0.398,4.83,1.14,1.381,0.16,-3.0000,-3.0
6,2013,5,113.9,0.09,0.04,0.14,0.18,-3.000,0.157,5.13,0.56,0.713,0.22,-3.0000,-3.0
6,2013,6,183.8,0.10,0.02,0.13,0.27,-3.000,0.172,4.89,0.67,0.905,0.13,-3.0000,-3.0
6,2013,7,159.3,0.05,0.04,0.10,0.28,-3.000,0.082,4.96,0.40,0.534,0.14,-3.0000,-3.0
6,2013,8,97.4,0.05,0.04,0.05,0.06,-3.000,0.137,4.86,0.55,0.638,0.11,-3.0000,-3.0
6,2013,9,140.2,0.06,0.01,0.04,0.04,-3.000,0.134,5.04,0.51,0.560,0.08,-3.0000,-3.0
6,2013,10,72.9,0.06,0.02,0.07,0.05,-3.000,0.184,4.77,0.57,0.852,0.14,-3.0000,-3.0
6,2013,11,140.1,0.04,0.01,0.04,0.08,-3.000,0.104,4.90,0.37,0.713,0.09,-3.0000,-3.0
6,2013,12,100.6,0.05,0.01,0.03,0.11,-3.000,0.103,4.75,0.51,0.874,0.14,-3.0000,-3.0
6,2014,1,113.1,0.07,0.02,0.05,0.17,-3.000,0.088,4.77,0.44,0.943,0.26,-3.0000,-3.0
6,2014,2,87.0,0.08,0.01,0.04,0.16,-3.000,0.098,4.95,0.41,0.782,0.23,-3.0000,-3.0
6,2014,3,120.3,0.06,0.01,0.04,0.12,-3.000,0.204,4.99,0.55,0.704,0.15,-3.0000,-3.0
6,2014,4,92.9,0.09,0.02,0.04,0.13,-3.000,0.153,4.95,0.52,0.560,0.14,-3.0000,-3.0
6,2014,5,128.5,0.13,0.05,0.12,0.39,-3.000,0.222,4.88,0.70,1.009,0.46,-3.0000,-3.0
