ws,year,mo,flow,Ca,Mg,K,Na,Al,NH4,pH,SO4,NO3,Cl,PO4,SiO2
6,1963,6,9.3,1.71,0.33,0.10,1.05,-3.000,-3.000,5.06,-3.00,-3.000,-3.00,-3.0000,-3.0
6,1963,7,2.0,1.71,0.35,0.12,1.20,-3.000,-3.000,4.83,-3.00,-3.000,-3.00,-3.0000,-3.0
6,1963,8,4.7,1.73,0.36,0.14,1.21,-3.000,-3.000,4.83,-3.00,-3.000,-3.00,-3.0000,-3.0
6,1963,9,0.7,1.66,0.40,0.23,1.43,-3.000,-3.000,4.83,-3.00,-3.000,-3.00,-3.0000,-3.0
6,1963,10,3.0,1.67,0.41,0.55,1.60,-3.000,-3.000,4.83,-3.00,-3.000,-3.00,-3.0000,-3.0
6,1963,11,99.6,1.90,0.40,0.45,0.84,-3.000,-3.000,4.83,-3.00,-3.000,-3.00,-3.0000,-3.0
6,1963,12,56.9,1.40,0.34,0.26,0.78,-3.000,-3.000,4.83,-3.00,-3.000,-3.00,-3.0000,-3.0
6,1964,1,57.5,1.44,0.35,0.19,0.89,-3.000,-3.000,4.83,-3.00,-3.000,-3.00,-3.0000,-3.0
6,1964,2,19.2,1.47,0.35,0.21,0.93,-3.000,-3.000,4.83,-3.00,-3.000,-3.00,-3.0000,-3.0
6,1964,3,97.8,1.84,0.37,0.25,0.75,-3.000,-3.000,4.80,-3.00,-3.000,-3.00,-3.0000,-3.0
6,1964,4,265.7,1.40,0.31,0.23,0.68,0.261,-3.000,4.90,5.80,0.510,0.45,-3.0000,3.2
6,1964,5,82.3,1.27,0.31,0.16,0.74,0.175,0.029,4.78,5.94,0.303,0.37,-3.0000,3.6
6,1964,6,3.8,1.21,0.35,0.09,1.15,0.130,0.063,4.89,5.96,0.094,0.36,-3.0000,4.8
6,1964,7,6.7,1.09,0.34,0.09,1.05,0.203,0.042,5.06,6.27,0.061,0.53,-3.0000,5.4
6,1964,8,20.5,0.98,0.34,0.10,0.92,0.250,0.165,4.79,6.38,0.081,0.56,-3.0000,4.8
6,1964,9,3.1,1.05,0.36,0.06,1.11,0.183,0.050,4.99,6.48,0.051,0.49,-3.0000,5.8
6,1964,10,7.4,0.82,0.37,0.37,1.38,0.151,0.113,4.50,6.67,0.066,0.62,-3.0000,6.4
6,1964,11,60.7,0.86,0.43,0.26,0.93,0.211,0.063,5.05,6.34,0.313,0.69,-3.0000,4.7
6,1964,12,80.0,0.97,0.36,0.20,0.79,0.256,0.049,5.03,6.18,0.922,0.54,-3.0000,4.3
6,1965,1,26.8,0.88,0.36,0.46,0.88,0.310,0.055,4.44,6.19,1.039,0.77,-3.0000,4.6
6,1965,2,30.6,0.93,0.40,0.24,0.83,0.236,0.055,4.78,5.84,0.881,0.57,-3.0000,4.6
6,1965,3,37.9,1.03,0.41,0.19,0.95,0.231,0.037,4.72,5.97,0.908,0.77,-3.0000,4.5
6,1965,4,179.1,1.00,0.34,0.20,0.75,0.335,0.058,4.84,5.65,1.528,0.51,-3.0000,3.7
6,1965,5,39.9,1.04,0.31,0.20,0.81,0.316,0.032,4.85,6.01,0.443,0.52,-3.0000,4.0
6,1965,6,15.4,0.99,0.37,0.10,1.01,0.235,0.048,4.94,6.03,0.201,0.59,-3.0000,5.3
6,1965,7,5.0,1.13,0.36,0.08,1.11,0.225,0.026,4.96,6.23,0.061,0.43,-3.0000,5.4
6,1965,8,1.3,1.18,0.39,0.14,1.35,0.201,0.071,5.10,6.85,0.135,0.48,-3.0000,6.8
6,1965,9,46.2,1.41,0.38,0.08,1.12,0.231,0.079,5.02,6.93,0.070,0.52,-3.0000,6.2
6,1965,10,76.8,1.43,0.36,0.19,0.84,0.301,0.099,4.96,6.60,0.083,0.49,-3.0000,4.4
6,1965,11,91.8,1.42,0.38,0.18,0.87,0.254,0.479,4.89,6.79,0.226,0.74,-3.0000,4.3
6,1965,12,30.6,1.47,0.38,0.17,1.01,0.281,0.133,5.10,6.37,0.496,0.55,-3.0000,4.8
6,1966,1,33.9,1.49,0.41,0.17,0.97,0.284,0.082,4.83,6.62,0.722,0.63,-3.0000,4.6
6,1966,2,21.6,1.40,0.41,0.21,1.04,0.188,0.342,5.16,6.05,0.692,0.58,-3.0000,4.9
6,1966,3,114.7,1.44,0.41,0.22,0.85,0.264,0.111,5.02,5.83,1.227,0.62,-3.0000,3.9
6,1966,4,198.9,1.34,0.34,0.17,0.71,0.406,0.027,4.88,5.91,1.680,0.46,-3.0000,3.5
6,1966,5,120.2,1.27,0.31,0.19,0.71,0.382,0.049,4.84,6.12,0.729,0.62,-3.0000,3.6
6,1966,6,41.3,1.21,0.34,0.11,0.94,0.252,0.103,4.96,6.16,0.240,0.61,-3.0000,4.2
6,1966,7,8.8,1.29,0.39,0.08,1.09,0.253,0.029,5.10,6.45,0.200,0.69,-3.0000,5.6
6,1966,8,31.8,1.30,0.39,0.16,0.84,0.373,0.311,4.79,6.60,0.244,0.54,-3.0000,5.2
6,1966,9,26.8,1.16,0.36,0.04,0.98,0.141,0.093,4.94,6.49,0.133,0.52,-3.0000,6.1
6,1966,10,51.7,1.13,0.39,0.25,0.92,0.181,0.076,5.00,6.52,0.082,0.53,-3.0000,5.2
6,1966,11,137.7,1.23,0.33,0.17,0.80,0.262,0.026,4.97,6.24,0.147,0.54,-3.0000,5.2
6,1966,12,57.6,1.24,0.34,0.15,0.86,0.292,0.032,4.94,5.89,0.351,0.53,-3.0000,4.9
6,1967,1,25.7,1.35,0.39,0.17,0.99,0.234,0.044,5.03,5.59,0.831,0.52,-3.0000,4.9
6,1967,2,16.0,1.30,0.41,0.19,1.05,0.240,0.056,4.73,6.33,0.861,0.58,-3.0000,5.2
6,1967,3,42.9,1.34,0.40,0.25,0.92,0.293,0.056,5.03,5.64,1.305,0.52,-3.0000,4.4
6,1967,4,269.6,1.35,0.33,0.27,0.66,0.437,0.020,4.79,5.85,1.485,0.54,-3.0000,3.4
6,1967,5,136.3,1.22,0.31,0.20,0.73,0.353,0.005,4.88,6.23,0.358,0.55,-3.0000,3.7
6,1967,6,24.2,1.25,0.35,0.15,0.99,0.284,0.027,4.94,6.88,0.138,0.60,-3.0000,4.5
6,1967,7,12.7,1.27,0.35,0.09,1.16,0.152,0.050,4.83,6.74,0.095,0.59,-3.0000,5.4
6,1967,8,13.6,1.41,0.34,0.11,1.02,0.258,0.027,4.95,6.84,0.385,0.49,-3.0000,4.8
6,1967,9,36.1,1.29,0.34,0.11,1.12,0.235,0.038,5.05,6.88,0.124,0.54,-3.0000,4.6
6,1967,10,101.1,1.45,0.36,0.22,0.91,0.290,0.075,5.03,6.83,0.110,0.57,-3.0000,4.1
6,1967,11,77.1,1.43,0.37,0.19,0.88,0.320,0.063,5.02,6.98,0.493,0.64,-3.0000,3.9
6,1967,12,79.1,1.36,0.37,0.18,0.88,0.310,0.030,4.90,6.92,1.047,0.60,-3.0000,4.1
6,1968,1,18.0,1.17,0.38,0.18,1.09,0.243,0.010,5.02,7.08,1.033,0.57,-3.0000,5.0
6,1968,2,39.5,1.21,0.41,0.21,1.06,0.241,0.007,5.04,6.27,1.318,0.58,-3.0000,4.8
6,1968,3,189.4,1.33,0.38,0.29,0.96,0.373,0.006,4.93,5.60,2.721,0.56,-3.0000,3.7
6,1968,4,210.0,1.23,0.35,0.34,0.84,0.338,0.017,4.83,5.31,1.951,0.53,-3.0000,3.4
6,1968,5,149.2,1.11,0.36,0.30,0.90,0.299,0.006,4.91,6.03,0.647,0.54,-3.0000,3.4
6,1968,6,112.9,1.16,0.35,0.20,0.83,0.294,0.008,4.89,6.15,0.309,0.48,-3.0000,3.8
6,1968,7,15.8,1.09,0.33,0.12,0.99,0.278,0.005,4.91,6.21,0.210,0.47,-3.0000,4.4
6,1968,8,1.8,1.32,0.39,0.15,1.41,0.190,0.013,5.09,6.45,0.459,0.60,-3.0000,6.2
6,1968,9,3.8,1.23,0.39,0.19,1.47,0.083,0.065,5.13,6.20,0.398,0.62,-3.0000,6.2
6,1968,10,8.0,1.19,0.39,0.40,1.57,0.188,0.055,5.14,6.24,0.119,0.63,-3.0000,6.1
6,1968,11,33.4,1.37,0.45,0.35,1.24,0.213,0.037,4.95,6.29,0.744,0.72,-3.0000,5.2
6,1968,12,53.5,1.51,0.41,0.27,0.96,0.251,0.040,4.84,6.54,0.990,0.65,-3.0000,4.6
6,1969,1,26.1,1.37,0.38,0.23,1.03,0.208,0.026,4.96,6.01,0.999,0.51,-3.0000,4.9
6,1969,2,18.9,1.36,0.40,0.24,1.08,0.190,0.024,5.01,6.04,0.997,0.54,-3.0000,5.1
6,1969,3,31.8,1.42,0.42,0.24,0.98,0.116,0.010,5.02,5.93,1.353,0.60,-3.0000,4.8
6,1969,4,448.6,1.33,0.32,0.27,0.63,0.327,0.005,4.74,5.35,1.899,0.58,-3.0000,2.5
6,1969,5,142.5,1.24,0.29,0.25,0.78,0.378,0.032,4.77,6.00,0.713,0.54,-3.0000,2.9
6,1969,6,21.4,1.27,0.32,0.15,0.90,0.239,0.038,4.89,6.03,0.189,0.49,-3.0000,4.3
6,1969,7,68.0,1.43,0.29,0.17,0.54,0.026,0.083,4.78,5.99,0.391,0.46,-3.0000,3.8
6,1969,8,53.6,1.35,0.29,0.11,0.78,0.257,0.076,4.77,5.84,0.124,0.45,-3.0000,3.7
6,1969,9,6.9,1.22,0.34,0.12,1.18,0.208,0.036,5.00,6.63,0.131,0.45,-3.0000,5.5
6,1969,10,17.0,1.16,0.42,0.54,1.24,0.162,0.149,5.09,6.45,0.578,0.59,-3.0000,5.4
6,1969,11,119.1,1.60,0.40,0.29,0.91,0.309,0.035,4.82,5.52,1.711,0.61,-3.0000,4.5
6,1969,12,115.8,1.66,0.38,0.21,0.91,0.376,0.017,4.79,5.16,3.396,0.58,-3.0000,4.4
6,1970,1,24.5,1.66,0.41,0.23,1.01,0.322,0.019,4.83,5.58,3.339,0.54,-3.0000,5.0
6,1970,2,67.1,1.87,0.44,0.30,0.93,0.329,0.069,4.82,5.68,4.589,0.52,-3.0000,4.5
6,1970,3,28.0,1.71,0.44,0.26,0.98,0.265,0.018,4.90,5.39,3.835,0.46,-3.0000,4.9
6,1970,4,266.7,1.73,0.38,0.31,0.71,0.516,0.049,4.73,5.11,5.326,0.37,-3.0000,3.5
6,1970,5,81.6,1.61,0.35,0.31,0.78,0.430,0.013,4.73,5.08,3.126,0.40,-3.0000,3.9
6,1970,6,9.3,1.34,0.35,0.12,1.11,0.009,0.026,4.91,6.73,0.636,0.58,-3.0000,5.6
6,1970,7,10.1,1.31,0.35,0.10,1.07,-3.000,0.028,4.92,6.96,0.486,0.55,-3.0000,5.6
6,1970,8,15.0,1.45,0.41,0.49,1.14,-3.000,0.031,5.17,7.24,0.677,0.65,-3.0000,7.6
6,1970,9,35.5,1.39,0.40,0.14,1.07,-3.000,0.013,4.87,7.65,0.233,0.52,-3.0000,5.8
6,1970,10,76.8,1.33,0.37,0.22,0.81,-3.000,0.008,4.84,7.40,0.265,0.58,-3.0000,4.9
6,1970,11,80.0,1.57,0.36,0.20,0.87,-3.000,0.031,4.79,6.06,1.409,0.68,-3.0000,4.9
6,1970,12,40.6,1.64,0.39,0.18,0.93,-3.000,0.118,4.93,5.82,1.859,0.68,-3.0000,5.0
6,1971,1,22.8,1.58,0.42,0.20,1.01,-3.000,0.022,4.99,6.16,2.342,0.58,-3.0000,4.7
6,1971,2,35.9,1.56,0.43,0.20,0.93,-3.000,0.011,5.00,6.36,2.885,0.64,-3.0000,5.4
6,1971,3,33.5,1.61,0.43,0.22,0.96,-3.000,0.040,4.93,6.20,3.015,0.63,-3.0000,5.2
6,1971,4,266.6,1.53,0.33,0.22,0.66,-3.000,0.038,4.76,6.14,3.745,0.54,-3.0000,3.5
6,1971,5,202.2,1.30,0.27,0.21,0.58,-3.000,0.009,4.67,6.16,2.168,0.48,-3.0000,3.3
6,1971,6,10.8,1.34,0.33,0.12,0.94,-3.000,0.005,4.83,6.65,0.365,0.56,-3.0000,5.0
6,1971,7,8.5,1.35,0.37,0.11,1.09,-3.000,0.006,4.80,7.17,0.459,0.57,-3.0000,5.7
6,1971,8,14.8,1.28,0.35,0.09,1.01,-3.000,0.049,4.98,6.61,0.460,0.49,-3.0000,5.4
6,1971,9,10.5,1.20,0.36,0.11,1.16,-3.000,0.013,4.92,6.60,0.093,0.45,-3.0000,6.3
6,1971,10,41.4,1.31,0.39,0.22,1.02,-3.000,0.007,4.86,6.65,0.081,0.51,-3.0000,5.9
6,1971,11,22.1,1.37,0.40,0.17,1.00,-3.000,0.007,5.01,6.73,0.451,0.58,-3.0000,5.6
6,1971,12,48.8,1.51,0.41,0.19,0.91,-3.000,0.006,4.98,6.70,1.186,0.49,-3.0000,4.8
6,1972,1,32.6,1.53,0.41,0.17,0.91,-3.000,0.006,5.03,6.06,1.497,0.58,-3.0000,5.0
6,1972,2,22.1,1.51,0.42,0.22,0.99,-3.000,0.015,5.02,6.10,1.526,0.60,0.0010,5.4
6,1972,3,98.8,1.64,0.40,0.23,0.86,-3.000,0.005,4.91,6.00,2.685,0.56,0.0010,4.8
6,1972,4,213.3,1.51,0.34,0.25,0.68,-3.000,0.008,4.74,6.19,3.175,0.49,0.0010,3.9
6,1972,5,219.0,1.29,0.27,0.28,0.55,-3.000,0.013,4.68,5.96,2.616,0.36,0.0050,3.3
6,1972,6,56.1,1.26,0.29,0.13,0.79,-3.000,0.015,4.79,6.60,0.237,0.37,0.0020,4.6
6,1972,7,60.1,1.25,0.29,0.08,0.81,-3.000,0.034,4.80,6.47,0.197,0.50,0.0020,4.9
6,1972,8,48.4,1.31,0.29,0.10,0.78,-3.000,0.026,4.79,6.74,0.663,0.45,0.0030,4.5
6,1972,9,7.5,1.19,0.32,0.08,1.08,-3.000,0.015,4.89,7.69,0.266,0.50,0.0050,6.1
6,1972,10,28.2,1.25,0.38,0.43,1.08,-3.000,0.011,5.05,6.98,0.468,0.70,0.0010,5.5
6,1972,11,100.7,1.44,0.35,0.28,0.82,-3.000,0.005,4.87,6.70,1.224,0.69,0.0010,4.6
6,1972,12,61.0,1.44,0.33,0.18,0.86,-3.000,0.005,4.81,6.42,1.746,0.55,0.0010,4.6
6,1973,1,97.4,1.43,0.33,0.24,0.78,-3.000,0.006,4.70,6.00,2.406,0.73,0.0020,4.0
6,1973,2,84.0,1.46,0.32,0.23,0.78,-3.000,0.012,4.86,5.49,2.870,0.63,0.0010,4.3
6,1973,3,205.1,1.42,0.31,0.29,0.73,-3.000,0.030,4.69,5.49,3.030,0.92,0.0010,3.8
6,1973,4,138.0,1.28,0.28,0.24,0.68,-3.000,0.028,4.80,5.62,2.161,0.57,0.0030,3.2
6,1973,5,142.8,1.27,0.28,0.24,0.75,-3.000,0.025,4.77,6.20,1.150,0.51,0.0030,4.2
6,1973,6,276.9,1.24,0.25,0.21,0.58,-3.000,0.020,4.72,5.95,0.814,0.41,0.0030,3.5
6,1973,7,73.8,1.28,0.24,0.15,0.63,-3.000,0.034,4.72,6.07,0.537,0.38,0.0030,3.7
6,1973,8,10.7,1.29,0.32,0.08,1.09,-3.000,0.021,4.90,6.79,0.835,0.60,0.0020,5.6
6,1973,9,29.4,1.33,0.37,0.10,1.09,-3.000,0.029,4.99,7.20,0.901,0.46,0.0020,5.4
6,1973,10,41.8,1.34,0.39,0.23,0.97,-3.000,0.034,4.97,6.74,0.654,0.49,0.0030,5.3
6,1973,11,98.4,1.50,0.39,0.20,0.87,-3.000,0.037,4.94,6.22,2.246,0.50,0.0010,4.9
6,1973,12,271.9,1.43,0.31,0.22,0.62,-3.000,0.035,4.70,5.32,3.500,0.45,0.0030,3.0
6,1974,1,46.9,1.49,0.36,0.22,0.79,-3.000,0.022,4.86,5.97,3.325,0.43,0.0020,3.8
6,1974,2,39.9,1.54,0.40,0.23,0.82,-3.000,0.021,4.91,5.77,3.396,0.43,0.0020,4.5
6,1974,3,98.1,1.52,0.37,0.24,0.68,-3.000,0.032,4.93,5.47,3.800,0.43,0.0020,3.9
6,1974,4,265.4,1.33,0.29,0.26,0.54,-3.000,0.036,4.82,5.63,3.246,0.39,0.0020,3.1
6,1974,5,147.4,1.25,0.28,0.23,0.58,-3.000,0.036,4.89,6.06,1.658,0.36,0.0020,3.5
6,1974,6,52.2,1.25,0.30,0.21,0.72,-3.000,0.028,4.91,5.98,0.871,0.40,0.0020,3.8
6,1974,7,22.9,1.26,0.31,0.10,0.82,-3.000,0.025,4.91,5.98,0.416,0.41,0.0020,4.5
6,1974,8,16.4,1.26,0.33,0.08,0.92,-3.000,0.040,4.93,6.69,0.714,0.39,0.0020,5.1
6,1974,9,59.1,1.23,0.32,0.10,0.66,-3.000,0.032,4.93,7.19,0.253,0.31,0.0020,4.5
6,1974,10,37.7,1.22,0.34,0.24,0.78,-3.000,0.029,5.07,6.93,0.193,0.36,0.0020,4.7
6,1974,11,85.7,1.37,0.37,0.22,0.78,-3.000,0.010,5.06,6.34,1.212,0.39,0.0010,4.5
6,1974,12,80.6,1.40,0.35,0.23,0.71,-3.000,0.014,4.96,6.29,2.460,0.47,0.0020,4.3
6,1975,1,27.9,1.46,0.40,0.22,0.88,-3.000,0.010,5.01,5.60,2.557,0.46,0.0010,5.0
6,1975,2,21.8,1.49,0.43,0.23,0.97,-3.000,0.018,5.10,5.71,2.579,0.46,0.0020,5.1
6,1975,3,124.4,1.55,0.37,0.50,0.74,-3.000,0.022,4.97,5.68,4.418,0.84,0.0040,3.4
6,1975,4,208.2,1.43,0.33,0.25,0.69,-3.000,0.019,4.88,5.59,3.585,0.56,0.0020,3.5
6,1975,5,72.9,1.31,0.30,0.24,0.64,-3.000,0.020,4.78,5.84,2.340,0.49,0.0010,3.6
6,1975,6,94.3,1.23,0.31,0.11,0.71,-3.000,0.014,4.90,6.16,0.690,0.49,0.0030,4.4
6,1975,7,59.8,1.22,0.29,0.09,0.71,-3.000,0.017,4.83,6.50,0.462,0.46,0.0030,4.2
6,1975,8,6.5,1.20,0.32,0.09,1.12,-3.000,0.010,4.89,6.83,0.581,0.45,0.0030,5.8
6,1975,9,60.1,1.30,0.32,0.12,0.74,-3.000,0.010,4.89,6.62,0.138,0.32,0.0010,4.8
6,1975,10,119.8,1.31,0.29,0.18,0.64,-3.000,0.010,4.92,6.43,0.308,0.39,0.0030,4.2
6,1975,11,111.8,1.24,0.29,0.16,0.76,-3.000,0.020,4.97,6.10,1.225,0.44,0.0040,4.2
6,1975,12,55.4,1.39,0.32,0.13,0.78,-3.000,0.020,5.00,5.85,1.996,0.43,0.0030,4.2
6,1976,1,61.8,1.39,0.36,0.21,0.75,-3.000,0.014,4.95,5.64,3.423,0.46,0.0030,4.0
6,1976,2,84.9,1.37,0.34,0.20,0.74,-3.000,0.018,4.96,5.77,3.784,0.43,0.0030,4.1
6,1976,3,185.2,1.36,0.32,0.23,0.64,-3.000,0.014,4.90,5.49,4.326,0.37,0.0010,3.7
6,1976,4,191.2,1.28,0.29,0.26,0.58,-3.000,0.020,4.86,5.62,3.546,0.32,0.0030,3.5
6,1976,5,157.1,1.10,0.26,0.22,0.59,0.009,0.020,4.93,6.06,1.476,0.33,0.0030,3.7
6,1976,6,16.4,1.16,0.30,0.12,0.89,0.229,0.012,4.99,6.54,0.473,0.44,0.0040,4.8
6,1976,7,14.4,1.16,0.30,0.08,0.96,0.246,0.012,4.99,6.59,0.499,0.41,0.0030,5.2
6,1976,8,47.6,1.12,0.36,0.12,0.83,0.246,0.009,4.99,6.46,0.416,0.32,0.0020,4.7
6,1976,9,41.2,1.18,0.31,0.18,0.78,0.355,0.011,4.93,7.11,0.505,0.35,0.0030,4.5
6,1976,10,156.7,1.14,0.27,0.26,0.63,0.349,0.010,5.01,5.84,0.697,0.39,0.0020,4.1
6,1976,11,71.8,1.20,0.28,0.15,0.69,0.372,0.011,5.00,5.45,1.181,0.53,0.0010,4.2
6,1976,12,45.9,1.38,0.34,0.19,0.84,0.340,0.008,5.02,5.61,2.294,0.42,0.0020,4.0
6,1977,1,12.9,1.23,0.38,0.15,1.04,0.251,0.009,5.11,5.33,2.055,0.50,0.0020,5.6
6,1977,2,10.6,1.29,0.38,0.17,1.15,0.210,0.006,5.07,5.85,2.400,0.46,0.0040,6.2
6,1977,3,253.2,1.25,0.30,0.30,0.66,0.302,0.005,4.85,4.95,4.634,0.40,0.0040,4.1
6,1977,4,155.4,1.11,0.25,0.21,0.59,0.428,0.006,4.90,4.85,2.570,0.29,0.0040,3.6
6,1977,5,23.8,1.10,0.28,0.21,0.82,0.447,0.006,5.02,5.75,1.145,0.40,0.0020,4.5
6,1977,6,28.0,1.10,0.31,0.12,0.94,0.284,0.007,5.01,6.04,0.331,0.44,0.0030,5.4
6,1977,7,4.7,1.18,0.34,0.09,1.11,0.346,0.005,5.02,6.54,0.605,0.34,0.0020,5.9
6,1977,8,5.8,1.11,0.34,0.08,1.29,0.174,0.006,5.02,6.48,0.483,0.32,0.0030,7.8
6,1977,9,50.2,1.23,0.32,0.17,0.79,0.291,0.010,4.96,6.15,0.324,0.28,0.0050,4.9
6,1977,10,174.8,1.13,0.25,0.17,0.56,0.383,0.007,4.88,5.72,0.029,0.37,0.0090,4.0
6,1977,11,80.8,1.17,0.28,0.14,0.75,0.373,0.012,4.99,5.83,0.340,0.37,0.0050,4.5
6,1977,12,78.9,1.14,0.29,0.11,0.70,0.381,0.007,5.00,5.95,0.640,0.33,0.0040,4.4
6,1978,1,163.3,1.05,0.24,0.34,0.53,0.397,0.005,4.85,5.11,1.312,0.37,0.0070,3.1
6,1978,2,23.7,1.13,0.28,0.16,0.76,0.267,0.017,5.02,5.72,0.948,0.30,0.0020,4.5
6,1978,3,28.0,1.22,0.35,0.19,0.93,0.200,0.007,5.07,5.68,1.391,0.45,0.0030,5.0
6,1978,4,220.3,1.12,0.26,0.17,0.62,0.489,0.012,4.93,5.34,1.292,0.36,0.0020,3.5
6,1978,5,124.7,0.99,0.22,0.17,0.60,0.380,0.017,4.85,5.54,0.589,0.34,0.0020,3.5
6,1978,6,84.0,1.11,0.26,0.10,0.71,0.313,0.010,4.90,5.69,0.180,0.37,0.0050,4.3
6,1978,7,1.7,1.23,0.34,0.09,1.14,0.275,0.010,4.99,6.30,0.511,0.49,0.0040,5.6
6,1978,8,2.3,1.18,0.35,0.10,1.28,0.301,0.010,4.94,6.84,0.553,0.48,0.0030,6.1
6,1978,9,1.6,1.19,0.37,0.33,1.43,0.295,0.015,4.90,6.90,0.850,0.68,0.0030,5.8
6,1978,10,8.0,1.02,0.38,0.63,1.35,0.224,0.011,5.00,6.88,0.214,0.71,0.0040,6.0
6,1978,11,11.4,1.12,0.44,0.60,1.27,0.201,0.010,4.99,6.64,0.802,0.70,0.0030,6.0
6,1978,12,15.4,1.24,0.45,0.28,1.09,0.243,0.010,5.09,6.65,1.066,0.69,0.0030,6.0
6,1979,1,77.1,1.21,0.34,0.31,0.65,0.374,0.011,4.97,5.61,1.538,0.47,0.0050,4.0
6,1979,2,20.4,1.18,0.36,0.18,0.93,0.230,0.009,5.12,5.90,0.895,0.36,0.0030,5.4
6,1979,3,310.0,1.04,0.25,0.24,0.62,0.496,0.010,4.79,5.22,1.110,0.58,0.0040,3.1
6,1979,4,199.2,0.99,0.22,0.18,0.58,0.525,0.015,4.79,5.33,0.513,0.43,0.0050,2.8
6,1979,5,121.5,0.96,0.22,0.14,0.67,0.380,0.012,4.88,5.86,0.117,0.39,0.0030,3.8
6,1979,6,19.6,0.96,0.23,0.08,0.74,0.332,0.011,4.91,5.80,0.120,0.42,0.0030,3.7
6,1979,7,5.3,1.08,0.30,0.09,1.03,0.287,0.010,5.00,5.88,0.297,0.48,0.0030,5.2
6,1979,8,8.1,1.03,0.30,0.09,1.08,0.236,0.012,4.99,6.12,0.088,0.44,0.0020,6.2
6,1979,9,24.6,1.10,0.30,0.08,0.95,0.260,0.043,4.90,5.71,0.010,0.55,0.0050,4.7
6,1979,10,110.2,1.03,0.25,0.22,0.71,0.327,0.023,4.94,5.69,0.031,0.50,0.0040,4.5
6,1979,11,112.1,1.20,0.26,0.21,0.78,0.352,0.009,4.91,5.86,0.506,0.53,0.0030,4.3
6,1979,12,63.6,1.17,0.29,0.18,0.89,0.349,0.012,5.00,6.19,1.090,0.54,0.0020,5.0
6,1980,1,28.1,1.29,0.32,0.21,0.97,0.317,0.014,5.01,5.95,1.609,0.59,0.0030,5.3
6,1980,2,4.5,1.29,0.36,0.20,1.13,0.215,0.018,5.11,5.93,1.267,0.57,0.0010,6.7
6,1980,3,55.3,1.29,0.36,0.39,0.76,0.252,0.023,5.03,4.90,2.700,0.55,0.0040,3.9
6,1980,4,218.9,1.14,0.29,0.44,0.63,0.427,0.019,4.88,4.66,2.974,0.58,0.0080,3.2
6,1980,5,60.6,1.22,0.31,0.35,0.79,0.352,0.019,4.89,5.43,1.767,0.68,0.0050,4.4
6,1980,6,13.5,1.13,0.33,0.13,0.92,0.266,0.012,4.95,5.88,0.274,0.63,0.0030,5.3
6,1980,7,3.1,1.16,0.41,0.09,1.12,0.202,0.015,5.04,6.11,0.173,0.56,0.0040,6.0
6,1980,8,3.5,1.14,0.38,0.10,1.18,0.221,0.017,5.07,6.34,0.345,0.56,0.0040,6.8
6,1980,9,10.3,1.11,0.37,0.10,1.13,0.203,0.014,4.96,6.37,0.249,0.48,0.0020,5.5
6,1980,10,56.8,1.16,0.36,0.30,0.86,0.341,0.020,4.93,6.34,0.452,0.76,0.0020,4.6
6,1980,11,73.0,1.13,0.33,0.17,0.90,0.354,0.011,4.97,5.77,0.839,0.68,0.0020,5.1
6,1980,12,52.6,1.21,0.29,0.17,0.80,0.412,0.019,4.93,5.84,1.120,0.59,0.0020,4.5
6,1981,1,9.2,1.19,0.36,0.19,1.13,0.289,0.039,5.01,5.93,1.321,0.61,0.0020,5.5
6,1981,2,284.6,1.14,0.29,0.36,0.76,0.552,0.024,4.81,5.11,2.624,0.79,0.0040,3.5
6,1981,3,63.4,1.06,0.29,0.24,0.80,0.456,0.013,4.88,5.43,1.423,0.79,0.0010,4.3
6,1981,4,106.8,1.05,0.27,0.20,0.79,0.434,0.013,4.88,5.58,0.822,0.66,0.0010,4.2
6,1981,5,103.6,1.06,0.26,0.22,0.86,0.368,0.029,4.89,5.70,0.411,0.63,0.0010,4.3
6,1981,6,58.2,1.10,0.28,0.09,0.87,0.308,0.015,4.92,5.65,0.069,0.65,0.0010,4.4
6,1981,7,84.6,1.02,0.25,0.07,0.82,0.343,0.014,4.85,5.60,0.021,0.57,0.0040,4.7
6,1981,8,80.0,0.96,0.21,0.07,0.63,0.444,0.013,4.78,5.61,0.016,0.42,0.0040,4.1
6,1981,9,49.1,0.97,0.26,0.10,0.86,0.332,0.015,4.92,5.67,0.033,0.48,0.0020,5.0
6,1981,10,157.8,0.95,0.23,0.23,0.66,0.460,0.021,4.87,5.77,0.068,0.52,0.0020,4.0
6,1981,11,52.5,1.00,0.25,0.12,0.81,0.340,0.012,4.96,5.80,0.195,0.50,0.0010,4.8
6,1981,12,28.6,1.02,0.29,0.10,0.90,0.308,0.012,5.02,5.79,0.502,0.45,0.0010,5.6
6,1982,1,36.4,1.05,0.30,0.14,0.83,0.303,0.016,5.02,5.71,0.745,0.42,0.0020,5.3
6,1982,2,29.5,1.07,0.33,0.15,0.91,0.265,0.013,5.07,5.94,0.693,0.49,0.0020,5.9
6,1982,3,55.3,1.12,0.33,0.18,0.86,0.301,0.016,5.04,5.66,1.088,0.45,0.0020,5.5
6,1982,4,351.2,0.91,0.23,0.24,0.54,0.486,0.015,4.80,4.90,1.473,0.32,0.0050,3.4
6,1982,5,46.2,0.90,0.23,0.17,0.65,0.391,0.021,4.91,5.19,0.488,0.32,0.0020,4.1
6,1982,6,44.3,0.97,0.27,0.08,0.82,0.284,0.010,4.99,5.38,0.153,0.36,0.0040,4.7
6,1982,7,8.3,0.98,0.28,0.08,0.91,0.268,0.017,4.92,5.57,0.215,0.39,0.0040,4.9
6,1982,8,2.7,0.98,0.31,0.09,1.13,0.233,0.021,4.91,5.88,0.130,0.42,0.0060,5.8
6,1982,9,8.1,0.94,0.32,0.19,1.15,0.230,0.013,4.97,6.04,0.220,0.41,0.0050,5.6
6,1982,10,13.9,0.97,0.35,0.18,1.07,0.212,0.013,5.04,6.12,0.027,0.40,0.0030,5.7
6,1982,11,76.2,1.06,0.32,0.25,0.84,0.326,0.017,5.01,6.03,0.212,0.45,0.0010,4.8
6,1982,12,72.0,1.06,0.30,0.16,0.82,0.327,0.014,5.03,5.81,0.420,0.44,0.0030,4.8
6,1983,1,84.2,1.01,0.26,0.30,0.67,0.426,0.015,4.90,5.37,1.349,0.46,0.0050,3.8
6,1983,2,67.0,0.91,0.24,0.23,0.66,0.425,0.011,4.88,5.16,1.142,0.42,0.0060,3.6
6,1983,3,110.8,0.99,0.27,0.20,0.75,0.367,0.014,4.98,5.49,0.920,0.45,0.0020,4.0
6,1983,4,168.1,0.88,0.22,0.21,0.66,0.443,0.016,4.93,5.11,0.601,0.48,0.0030,3.5
6,1983,5,158.4,0.87,0.22,0.20,0.69,0.416,0.019,4.89,5.28,0.233,0.48,0.0030,3.5
6,1983,6,35.4,0.89,0.22,0.17,0.75,0.352,0.020,4.89,5.28,0.158,0.46,0.0010,3.9
6,1983,7,1.1,1.05,0.34,0.13,1.21,0.271,0.020,4.94,6.21,0.310,0.62,0.0040,5.9
6,1983,8,4.6,0.98,0.30,0.16,1.09,0.255,0.017,4.95,5.89,0.294,0.48,0.0050,5.3
6,1983,9,0.8,0.96,0.31,0.26,1.19,0.275,0.018,4.90,5.83,0.593,0.56,0.0050,5.5
6,1983,10,8.7,0.93,0.33,0.39,1.19,0.247,0.014,5.00,5.78,0.101,0.69,0.0020,5.3
6,1983,11,101.3,1.04,0.31,0.24,0.83,0.338,0.015,4.99,5.48,0.013,0.73,0.0030,4.4
6,1983,12,153.7,0.87,0.20,0.21,0.57,0.399,0.019,4.87,4.79,0.190,0.54,0.0030,3.2
6,1984,1,15.9,0.95,0.28,0.14,0.89,0.275,0.015,5.04,5.37,0.214,0.51,0.0040,4.9
6,1984,2,109.8,0.97,0.25,0.16,0.77,0.321,0.014,4.96,5.28,0.462,0.51,0.0020,3.8
6,1984,3,60.1,0.94,0.25,0.15,0.79,0.280,0.011,5.02,5.18,0.259,0.47,0.0030,4.2
6,1984,4,284.6,0.80,0.19,0.34,0.56,0.383,0.020,4.89,4.86,0.347,0.38,0.0050,3.1
6,1984,5,226.6,0.80,0.19,0.17,0.58,0.372,0.014,4.87,4.96,0.038,0.34,0.0060,3.3
6,1984,6,99.1,0.86,0.21,0.10,0.67,0.318,0.014,4.91,4.96,0.017,0.34,0.0050,3.9
6,1984,7,63.0,0.86,0.21,0.05,0.64,0.316,0.012,4.88,4.98,0.010,0.36,0.0050,3.8
6,1984,8,1.1,0.96,0.27,0.07,1.12,0.238,0.015,4.95,5.88,0.084,0.50,0.0060,5.8
6,1984,9,0.6,0.93,0.31,0.11,1.31,0.232,0.020,5.01,6.28,0.128,0.56,0.0060,6.1
6,1984,10,5.1,0.79,0.33,0.58,1.38,0.207,0.020,5.05,6.24,0.085,0.59,0.0080,6.2
6,1984,11,43.5,0.95,0.33,0.47,0.99,0.247,0.020,5.05,5.75,0.297,0.68,0.0050,5.1
6,1984,12,67.8,0.99,0.28,0.26,0.78,0.297,0.021,4.98,5.25,0.503,0.56,0.0030,4.2
6,1985,1,21.4,0.99,0.28,0.23,0.85,0.292,0.017,5.00,5.41,0.618,0.55,0.0020,4.7
6,1985,2,65.5,1.04,0.30,0.34,0.81,0.304,0.015,4.96,5.33,1.639,0.55,0.0030,4.3
6,1985,3,103.7,0.95,0.26,0.25,0.78,0.303,0.016,4.97,5.05,0.997,0.50,0.0030,4.0
6,1985,4,135.1,0.89,0.23,0.24,0.71,0.366,0.011,4.89,5.09,0.865,0.49,0.0050,3.6
6,1985,5,64.7,0.93,0.25,0.20,0.80,0.291,0.015,4.92,5.37,0.259,0.47,0.0040,3.9
6,1985,6,31.3,0.97,0.27,0.07,0.88,0.248,0.020,4.94,5.50,0.059,0.49,0.0060,4.3
6,1985,7,4.6,1.00,0.27,0.07,0.88,0.245,0.018,4.93,5.40,0.037,0.49,0.0070,4.5
6,1985,8,2.1,0.98,0.31,0.18,1.18,0.242,0.018,4.94,5.79,0.427,0.50,0.0090,5.3
6,1985,9,30.7,1.00,0.25,0.28,0.64,0.403,0.031,4.82,5.25,0.105,0.52,0.0150,3.9
6,1985,10,78.8,0.93,0.24,0.17,0.69,0.332,0.022,4.86,5.27,0.040,0.47,0.0040,3.9
6,1985,11,104.0,0.90,0.24,0.11,0.76,0.304,0.013,4.93,5.23,0.031,0.44,0.0040,4.2
6,1985,12,46.2,0.91,0.25,0.10,0.76,0.301,0.011,4.93,5.15,0.246,0.44,0.0050,4.2
6,1986,1,174.4,0.86,0.26,0.42,0.51,0.346,0.025,4.77,4.33,1.210,0.34,0.0150,2.8
6,1986,2,25.5,0.91,0.26,0.19,0.77,0.270,0.028,4.97,5.10,0.406,0.38,0.0060,4.4
6,1986,3,177.4,0.87,0.24,0.18,0.63,0.333,0.020,4.88,4.85,0.606,0.33,0.0060,3.5
6,1986,4,145.8,0.80,0.21,0.16,0.59,0.347,0.019,4.87,4.78,0.337,0.33,0.0050,3.4
6,1986,5,92.2,0.85,0.24,0.13,0.80,0.264,0.023,4.93,5.11,0.028,0.40,0.0050,4.2
6,1986,6,19.7,0.88,0.26,0.07,0.85,0.246,0.023,4.97,5.16,0.033,0.43,0.0040,4.7
6,1986,7,28.2,0.89,0.27,0.05,0.85,0.219,0.027,5.05,5.26,0.050,0.38,0.0070,4.6
6,1986,8,87.4,0.91,0.25,0.04,0.69,0.280,0.030,4.95,5.08,0.047,0.33,0.0080,4.1
6,1986,9,39.1,0.88,0.27,0.07,0.83,0.236,0.015,5.08,5.23,0.021,0.33,0.0050,4.3
6,1986,10,53.6,0.92,0.28,0.16,0.84,0.228,0.024,5.10,5.38,0.026,0.34,0.0050,4.4
6,1986,11,85.9,0.96,0.28,0.16,0.80,0.273,0.029,5.05,5.23,0.364,0.35,0.0050,4.4
6,1986,12,69.0,0.91,0.25,0.11,0.77,0.272,0.025,5.03,5.12,0.406,0.35,0.0050,4.3
6,1987,1,23.1,0.95,0.28,0.12,0.91,0.214,0.021,5.17,5.29,0.336,0.34,0.0040,4.9
6,1987,2,13.0,0.94,0.33,0.13,1.03,0.197,0.020,5.22,5.48,0.347,0.37,0.0040,5.4
6,1987,3,251.5,0.92,0.24,0.49,0.56,0.439,0.030,4.81,4.09,1.888,0.39,0.0130,3.1
6,1987,4,107.5,0.89,0.23,0.34,0.56,0.383,0.029,4.84,4.31,1.332,0.39,0.0090,3.1
6,1987,5,55.7,0.94,0.29,0.18,0.81,0.216,0.025,5.17,4.95,0.206,0.42,0.0060,4.1
6,1987,6,103.8,0.90,0.25,0.07,0.75,0.272,0.023,5.06,4.87,0.047,0.39,0.0070,4.0
6,1987,7,21.9,0.88,0.24,0.05,0.82,0.242,0.021,5.07,4.73,0.037,0.39,0.0070,4.2
6,1987,8,9.4,0.91,0.30,0.05,1.13,0.193,0.013,5.20,5.48,0.051,0.41,0.0060,5.6
6,1987,9,54.4,0.86,0.26,0.14,0.82,0.234,0.032,5.12,4.81,0.022,0.40,0.0060,4.1
6,1987,10,69.1,0.88,0.27,0.23,0.81,0.253,0.027,5.14,4.94,0.019,0.46,0.0050,4.2
6,1987,11,78.5,0.92,0.28,0.25,0.74,0.355,0.017,4.93,4.96,0.485,0.51,0.0100,4.1
6,1987,12,51.6,0.92,0.27,0.18,0.78,0.307,0.020,5.04,5.02,0.416,0.45,0.0070,4.3
6,1988,1,19.0,0.96,0.33,0.14,0.99,0.201,0.021,5.27,5.39,0.371,0.52,0.0080,5.3
6,1988,2,29.8,1.04,0.35,0.16,0.95,0.186,0.033,5.31,5.27,0.400,0.46,0.0060,4.9
6,1988,3,78.9,0.99,0.32,0.28,0.76,0.397,0.029,4.98,4.78,1.565,0.48,0.0110,3.7
6,1988,4,175.1,0.92,0.27,0.21,0.71,0.339,0.017,5.01,4.86,0.833,0.44,0.0110,3.5
6,1988,5,78.1,0.91,0.26,0.20,0.81,0.243,0.020,5.04,5.11,0.121,0.46,0.0110,3.9
6,1988,6,8.9,0.96,0.31,0.12,1.03,0.198,0.016,5.10,5.32,0.051,0.50,0.0090,4.7
6,1988,7,9.5,1.03,0.34,0.14,1.14,0.207,0.019,5.20,5.82,0.343,0.50,0.0120,5.0
6,1988,8,11.8,0.96,0.31,0.11,0.98,0.213,0.018,5.06,5.56,0.015,0.41,0.0090,4.9
6,1988,9,16.7,0.96,0.29,0.09,0.80,0.244,0.018,4.98,5.59,0.010,0.35,0.0060,4.3
6,1988,10,14.3,0.89,0.38,0.37,1.23,0.162,0.017,5.24,5.96,0.027,0.55,0.0030,5.2
6,1988,11,109.4,1.03,0.33,0.34,0.81,0.291,0.025,5.01,5.36,0.340,0.67,0.0020,3.6
6,1988,12,23.6,1.03,0.33,0.17,1.01,0.227,0.020,5.17,5.52,0.524,0.56,0.0020,4.7
6,1989,1,12.6,1.04,0.37,0.18,1.13,0.179,0.015,5.29,5.60,0.653,0.49,0.0020,5.4
6,1989,2,17.2,1.12,0.42,0.23,1.11,0.164,0.031,5.28,5.65,0.875,0.53,0.0020,5.0
6,1989,3,84.9,1.08,0.33,0.38,0.81,0.334,0.024,5.02,4.78,2.188,0.54,0.0030,3.6
6,1989,4,216.5,0.99,0.27,0.25,0.75,0.349,0.020,4.95,4.84,1.401,0.47,0.0020,3.4
6,1989,5,180.2,0.84,0.23,0.26,0.69,0.339,0.022,4.88,4.90,0.588,0.44,0.0030,3.4
6,1989,6,89.1,0.90,0.26,0.12,0.79,0.259,0.029,5.02,5.17,0.094,0.48,0.0020,3.8
6,1989,7,7.4,0.91,0.27,0.12,0.98,0.212,0.014,5.06,5.31,0.199,0.49,0.0030,4.6
6,1989,8,15.4,0.92,0.29,0.07,1.01,0.201,0.020,5.16,5.43,0.010,0.42,0.0020,5.0
6,1989,9,19.9,0.92,0.29,0.17,0.94,0.264,0.024,5.09,5.33,0.010,0.43,0.0060,4.5
6,1989,10,143.9,0.96,0.27,0.27,0.74,0.338,0.025,5.04,5.22,0.097,0.52,0.0050,4.0
6,1989,11,141.8,0.92,0.19,0.16,0.80,0.347,0.012,5.08,5.05,0.502,0.49,0.0050,4.1
6,1989,12,20.5,0.94,0.28,0.13,0.96,0.291,0.020,5.15,5.19,0.751,0.46,0.0070,4.8
6,1990,1,67.7,1.03,0.33,0.17,0.93,0.319,0.028,5.14,4.91,1.709,0.47,0.0050,4.5
6,1990,2,67.0,1.03,0.31,0.20,0.89,0.361,0.026,5.09,4.82,2.110,0.48,0.0050,4.2
6,1990,3,207.9,1.00,0.26,0.29,0.73,0.557,0.028,4.84,4.17,3.679,0.41,0.0040,3.5
6,1990,4,141.4,0.94,0.25,0.26,0.71,0.459,0.014,4.86,4.46,2.498,0.40,0.0070,3.6
6,1990,5,132.6,0.93,0.26,0.27,0.73,0.393,0.031,4.89,4.72,1.449,0.43,0.0040,3.6
6,1990,6,92.6,0.90,0.24,0.15,0.66,0.353,0.029,4.89,4.67,0.404,0.41,0.0110,3.5
6,1990,7,24.7,0.86,0.24,0.06,0.80,0.295,0.026,4.92,5.14,0.038,0.42,0.0100,4.1
6,1990,8,199.4,0.85,0.21,0.12,0.56,0.444,0.041,4.76,4.65,0.141,0.32,0.0120,3.3
6,1990,9,16.2,0.83,0.28,0.06,1.00,0.258,0.020,5.03,5.41,0.010,0.44,0.0040,5.0
6,1990,10,166.2,0.88,0.25,0.17,0.71,0.353,0.029,4.92,5.16,0.057,0.50,0.0020,4.0
6,1990,11,93.8,0.89,0.24,0.12,0.73,0.382,0.013,4.96,4.91,0.527,0.50,0.0080,4.1
6,1990,12,148.1,0.81,0.22,0.13,0.62,0.459,0.020,4.86,4.51,1.277,0.40,0.0090,3.5
6,1991,1,32.7,0.86,0.26,0.12,0.83,0.349,0.012,4.97,4.95,1.157,0.40,0.0070,4.5
6,1991,2,24.3,0.98,0.32,0.14,0.89,0.267,0.019,5.05,5.00,1.305,0.42,0.0070,4.5
6,1991,3,123.2,0.95,0.27,0.16,0.72,0.393,0.021,4.92,4.61,1.938,0.38,0.0080,3.8
6,1991,4,147.9,0.85,0.24,0.17,0.64,0.399,0.028,4.89,4.62,1.239,0.37,0.0030,3.5
6,1991,5,55.0,0.88,0.28,0.15,0.79,0.277,0.025,5.00,5.04,0.323,0.43,0.0030,4.3
6,1991,6,7.6,0.91,0.31,0.09,0.96,0.226,0.033,5.07,5.30,0.067,0.49,0.0030,4.9
6,1991,7,5.5,0.95,0.31,0.24,0.89,0.264,0.022,5.04,4.97,0.567,0.47,0.0120,4.3
6,1991,8,85.5,0.89,0.22,0.08,0.56,0.476,0.030,4.84,5.17,0.012,0.35,0.0050,3.6
6,1991,9,23.0,0.84,0.27,0.09,0.80,0.289,0.027,4.97,5.05,0.010,0.34,0.0030,4.4
6,1991,10,135.0,0.84,0.24,0.11,0.66,0.346,0.026,4.93,4.97,0.010,0.34,0.0030,4.1
6,1991,11,63.2,0.87,0.25,0.15,0.76,0.223,0.014,5.04,5.17,0.052,0.38,0.0030,4.4
6,1991,12,73.0,0.92,0.26,0.13,0.72,0.260,0.029,4.95,5.08,0.438,0.36,0.0020,4.1
6,1992,1,73.4,0.89,0.25,0.13,0.71,0.141,0.019,5.05,5.02,0.364,0.35,0.0030,4.0
6,1992,2,17.6,0.94,0.31,0.14,0.90,0.085,0.015,5.18,5.17,0.485,0.35,0.0030,4.8
6,1992,3,121.4,0.88,0.26,0.31,0.63,0.085,0.037,4.92,4.71,0.997,0.38,0.0030,3.4
6,1992,4,201.3,0.79,0.22,0.19,0.60,0.085,0.020,4.96,4.67,0.384,0.40,0.0070,3.2
6,1992,5,56.9,0.80,0.23,0.17,0.68,0.085,0.013,4.96,4.79,0.083,0.40,0.0040,3.7
6,1992,6,22.0,0.86,0.27,0.11,0.80,0.290,0.021,5.00,4.90,0.010,0.45,0.0010,4.1
6,1992,7,24.0,0.89,0.28,0.05,0.85,0.290,0.042,5.07,4.95,0.010,0.41,0.0030,4.2
6,1992,8,42.9,0.89,0.27,0.07,0.80,0.290,0.035,5.02,4.99,0.056,0.36,0.0040,4.2
6,1992,9,61.3,0.85,0.24,0.05,0.72,0.290,0.035,5.00,4.85,0.010,0.35,0.0030,4.2
6,1992,10,52.9,0.86,0.28,0.19,0.81,0.290,0.039,5.17,5.04,0.010,0.40,0.0030,4.4
6,1992,11,146.9,0.80,0.23,0.13,0.67,0.290,0.047,4.97,4.81,0.010,0.37,0.0020,3.9
6,1992,12,42.6,0.81,0.24,0.10,0.79,0.290,0.048,5.01,5.00,0.142,0.37,0.0010,4.5
6,1993,1,45.1,0.86,0.27,0.12,0.84,0.290,0.047,5.13,5.09,0.232,0.37,0.0010,4.4
6,1993,2,15.3,0.87,0.29,0.13,0.94,0.290,0.038,5.16,5.18,0.210,0.37,0.0010,4.9
6,1993,3,119.3,0.81,0.23,0.25,0.63,0.290,0.046,4.87,4.44,0.863,0.36,0.0040,3.3
6,1993,4,285.7,0.70,0.18,0.22,0.53,0.290,0.020,4.80,4.32,0.255,0.37,0.0030,3.0
6,1993,5,31.6,0.81,0.24,0.14,0.80,0.290,0.011,5.03,4.82,0.010,0.41,0.0010,4.3
6,1993,6,32.5,0.85,0.25,0.10,0.78,0.206,0.010,5.15,4.83,0.010,0.40,0.0020,4.0
6,1993,7,6.9,0.82,0.27,0.13,1.00,0.221,0.012,5.09,5.15,0.092,0.45,0.0060,4.6
6,1993,8,19.1,0.91,0.28,0.07,0.89,0.243,0.008,5.10,5.28,0.010,0.42,0.0020,4.7
6,1993,9,31.1,0.89,0.28,0.06,0.82,0.240,0.016,5.09,5.19,0.010,0.38,0.0010,4.4
6,1993,10,56.8,0.86,0.28,0.20,0.77,0.253,0.014,5.11,5.15,0.010,0.42,0.0010,4.1
6,1993,11,143.2,0.83,0.24,0.20,0.69,0.344,0.015,4.98,4.88,0.035,0.59,0.0020,3.7
6,1993,12,85.9,0.85,0.23,0.13,0.74,0.352,0.023,4.94,4.84,0.068,0.69,0.0020,3.8
6,1994,1,23.2,0.85,0.28,0.13,0.94,0.249,0.034,5.13,5.11,0.177,0.55,0.0020,4.8
6,1994,2,28.5,0.90,0.30,0.13,0.88,0.222,0.027,5.25,4.91,0.197,0.49,0.0010,4.3
6,1994,3,50.6,0.91,0.28,0.15,0.85,0.220,0.005,5.19,4.97,0.152,0.51,0.0010,4.2
6,1994,4,342.6,0.73,0.18,0.16,0.61,0.387,0.005,4.97,4.62,0.266,0.40,0.0010,3.0
6,1994,5,88.5,0.75,0.20,0.14,0.68,0.321,0.016,4.95,4.65,0.011,0.37,0.0010,3.5
6,1994,6,19.6,0.83,0.25,0.11,0.91,0.246,0.015,5.08,4.96,0.010,0.45,0.0010,4.3
6,1994,7,11.6,0.83,0.27,0.05,1.07,0.217,0.008,5.12,5.12,0.010,0.48,0.0020,5.0
6,1994,8,13.0,0.79,0.25,0.12,0.91,0.234,0.005,5.09,4.62,0.010,0.41,0.0020,4.3
6,1994,9,31.1,0.83,0.28,0.09,0.96,0.221,0.014,5.10,5.04,0.010,0.44,0.0020,4.6
6,1994,10,20.6,0.84,0.31,0.19,1.02,0.217,0.008,5.16,5.22,0.010,0.46,0.0020,4.9
6,1994,11,43.5,0.92,0.32,0.18,1.00,0.179,0.006,5.18,5.20,0.019,0.47,0.0020,4.8
6,1994,12,90.6,0.94,0.28,0.16,0.83,0.244,0.020,5.10,4.85,0.287,0.45,0.0010,4.3
6,1995,1,111.8,0.87,0.23,0.16,0.75,0.313,0.024,4.99,4.63,0.536,0.47,0.0020,4.0
6,1995,2,17.7,0.87,0.27,0.15,0.95,0.226,0.018,5.10,4.99,0.330,0.44,0.0010,5.0
6,1995,3,128.4,0.85,0.24,0.20,0.75,0.301,0.009,4.95,4.60,0.702,0.46,0.0010,3.9
6,1995,4,67.5,0.82,0.23,0.15,0.78,0.273,0.005,4.99,4.76,0.237,0.43,0.0010,4.1
6,1995,5,70.0,0.83,0.25,0.18,0.85,0.239,0.014,5.07,4.82,0.024,0.42,0.0020,4.2
6,1995,6,17.0,0.86,0.26,0.12,0.95,0.204,0.014,5.09,4.88,0.010,0.46,0.0030,4.5
6,1995,7,17.5,0.85,0.27,0.11,0.99,0.210,0.007,5.10,4.98,0.037,0.49,0.0040,5.0
6,1995,8,64.0,0.83,0.22,0.06,0.77,0.268,0.006,4.93,4.69,0.010,0.41,0.0020,4.2
6,1995,9,7.4,0.80,0.28,0.07,1.21,0.199,0.016,5.10,5.52,0.010,0.48,0.0010,5.8
6,1995,10,196.2,0.80,0.24,0.25,0.75,0.306,0.017,4.89,4.68,0.010,0.68,0.0020,3.8
6,1995,11,188.9,0.72,0.19,0.14,0.73,0.358,0.011,4.80,4.47,0.034,0.68,0.0010,3.8
6,1995,12,24.0,0.77,0.25,0.10,0.94,0.246,0.005,5.04,4.81,0.175,0.58,0.0010,4.7
6,1996,1,234.0,0.66,0.18,0.30,0.64,0.377,0.012,4.83,3.86,0.736,0.64,0.0030,2.9
6,1996,2,103.9,0.72,0.21,0.17,0.79,0.364,0.006,4.92,4.37,0.568,0.76,0.0010,3.4
6,1996,3,74.7,0.75,0.23,0.16,0.83,0.264,0.005,5.00,4.52,0.226,0.65,0.0010,4.0
6,1996,4,302.2,0.61,0.17,0.17,0.63,0.374,0.005,4.92,4.05,0.239,0.54,0.0020,2.9
6,1996,5,165.2,0.60,0.16,0.16,0.65,0.350,0.007,4.93,4.08,0.033,0.48,0.0020,3.1
6,1996,6,74.3,0.71,0.21,0.08,0.79,0.272,0.005,5.01,4.28,0.010,0.47,0.0010,3.7
6,1996,7,137.5,0.66,0.17,0.05,0.66,0.332,0.005,4.95,4.02,0.010,0.38,0.0010,3.5
6,1996,8,7.7,0.73,0.22,0.05,0.93,0.244,0.005,5.06,4.52,0.010,0.46,0.0020,4.7
6,1996,9,4.2,0.73,0.28,0.18,1.24,0.228,0.005,5.08,5.26,0.048,0.59,0.0020,5.5
6,1996,10,51.0,0.70,0.24,0.48,0.73,0.381,0.015,4.81,4.25,0.010,0.65,0.0030,3.6
6,1996,11,133.0,0.73,0.23,0.21,0.79,0.294,0.005,4.99,4.43,0.018,0.70,0.0010,3.7
6,1996,12,191.7,0.64,0.17,0.17,0.66,0.362,0.005,4.85,3.98,0.168,0.55,0.0010,3.2
6,1997,1,34.6,0.73,0.22,0.14,0.80,0.254,0.006,5.03,4.36,0.224,0.50,0.0010,3.7
6,1997,2,42.3,0.77,0.25,0.16,0.82,0.218,0.016,5.04,4.32,0.295,0.47,0.0010,3.9
6,1997,3,67.7,0.74,0.23,0.16,0.78,0.244,0.008,5.02,4.32,0.288,0.47,0.0010,3.7
6,1997,4,298.7,0.61,0.17,0.16,0.60,0.355,0.008,4.91,3.92,0.329,0.34,0.0010,2.9
6,1997,5,147.6,0.59,0.16,0.15,0.61,0.345,0.005,4.92,3.98,0.082,0.32,0.0010,3.1
6,1997,6,20.7,0.74,0.24,0.12,0.93,0.228,0.005,5.08,4.57,0.021,0.45,0.0020,4.6
6,1997,7,42.9,0.72,0.21,0.10,0.64,0.374,0.015,4.89,3.99,0.005,0.36,0.0040,3.4
6,1997,8,7.3,0.77,0.28,0.12,1.08,0.245,0.009,5.10,4.74,0.183,0.48,0.0020,5.3
6,1997,9,8.1,0.71,0.26,0.08,1.14,0.211,0.013,5.16,4.89,0.005,0.45,0.0010,5.6
6,1997,10,19.4,0.71,0.32,0.55,1.15,0.218,0.032,5.29,5.01,0.005,0.50,0.0030,5.3
6,1997,11,92.2,0.76,0.26,0.36,0.72,0.316,0.022,5.08,4.47,0.010,0.50,0.0030,4.0
6,1997,12,21.5,0.80,0.29,0.11,0.96,0.193,0.009,5.22,4.77,0.138,0.43,0.0010,5.0
6,1998,1,94.3,0.75,0.24,0.20,0.65,0.335,0.010,5.11,4.06,0.485,0.36,0.0020,3.7
6,1998,2,51.4,0.82,0.26,0.16,0.79,0.206,0.005,5.13,4.28,0.338,0.39,0.0020,4.1
6,1998,3,228.7,0.70,0.19,0.17,0.62,0.295,0.018,4.97,3.96,0.314,0.29,0.0010,3.5
6,1998,4,123.4,0.66,0.18,0.15,0.59,0.292,0.014,4.98,3.93,0.129,0.27,0.0010,3.5
6,1998,5,61.7,0.72,0.21,0.18,0.68,0.256,0.005,5.01,4.08,0.010,0.34,0.0010,4.0
6,1998,6,225.3,0.71,0.18,0.13,0.54,0.387,0.005,4.88,3.56,0.010,0.26,0.0020,3.2
6,1998,7,41.0,0.70,0.18,0.08,0.66,0.274,0.005,4.97,3.82,0.017,0.29,0.0010,3.8
6,1998,8,10.9,0.72,0.23,0.10,1.04,0.197,0.005,5.11,4.49,0.010,0.41,0.0010,5.6
6,1998,9,12.8,0.74,0.25,0.26,1.06,0.150,0.005,5.16,4.64,0.124,0.41,0.0030,5.4
6,1998,10,63.7,0.82,0.28,0.24,0.89,0.212,0.005,5.07,4.18,0.865,0.41,0.0020,4.7
6,1998,11,81.0,0.94,0.28,0.16,0.91,0.224,0.005,5.13,4.19,1.252,0.41,0.0020,4.8
6,1998,12,60.4,0.88,0.26,0.16,0.87,0.251,0.005,5.02,4.12,1.484,0.41,0.0030,4.7
6,1999,1,103.9,0.93,0.28,0.22,0.72,0.349,0.005,4.93,3.75,2.358,0.36,0.0020,3.9
6,1999,2,39.5,0.89,0.27,0.18,0.83,0.263,0.005,5.07,4.06,1.695,0.37,0.0020,4.5
6,1999,3,177.2,0.81,0.23,0.26,0.68,0.427,0.005,4.94,3.54,2.363,0.51,0.0030,3.4
6,1999,4,134.2,0.70,0.20,0.21,0.66,0.411,0.005,4.93,3.64,1.750,0.42,0.0020,3.8
6,1999,5,91.0,0.76,0.22,0.27,0.73,0.318,0.014,4.99,3.78,0.839,0.45,0.0040,3.8
6,1999,6,15.8,0.73,0.23,0.26,0.92,0.207,0.005,5.06,4.44,0.136,0.48,0.0030,4.7
6,1999,7,12.7,0.73,0.24,0.10,1.06,0.196,0.005,5.11,4.51,0.048,0.46,0.0040,5.1
6,1999,8,9.0,0.71,0.25,0.08,1.17,0.192,0.005,5.20,4.69,0.051,0.44,0.0020,5.4
6,1999,9,198.9,0.78,0.20,0.21,0.56,0.488,0.005,4.83,3.51,0.384,0.34,0.0110,3.5
6,1999,10,78.7,0.69,0.22,0.18,0.76,0.230,0.005,5.17,4.18,0.010,0.42,0.0020,4.3
6,1999,11,107.2,0.79,0.23,0.17,0.80,0.279,0.005,5.04,4.11,0.332,0.52,0.0050,4.2
6,1999,12,48.4,0.80,0.24,0.13,0.84,0.232,0.005,5.05,4.18,0.495,0.54,0.0020,4.5
6,2000,1,37.8,0.80,0.26,0.15,0.90,0.216,0.005,5.11,4.30,0.758,0.52,0.0020,4.7
6,2000,2,38.0,0.86,0.29,0.21,0.81,0.234,0.006,5.07,4.13,1.515,0.50,0.0020,4.1
6,2000,3,200.7,0.70,0.21,0.27,0.62,0.340,0.006,4.90,3.75,1.371,0.46,0.0020,3.5
6,2000,4,267.9,0.59,0.16,0.38,0.50,0.360,0.005,4.80,3.57,0.632,0.41,0.0030,2.9
6,2000,5,135.9,0.63,0.17,0.22,0.66,0.290,0.005,4.93,3.99,0.066,0.37,0.0010,3.6
6,2000,6,23.2,0.69,0.22,0.10,0.88,0.217,0.005,5.00,4.32,0.010,0.42,0.0020,4.4
6,2000,7,9.3,0.66,0.22,0.15,0.93,0.225,0.010,5.09,4.22,0.010,0.39,0.0050,4.7
6,2000,8,25.5,0.69,0.23,0.06,0.89,0.194,0.005,5.11,4.39,0.010,0.36,0.0020,4.7
6,2000,9,27.8,0.68,0.21,0.23,0.69,0.239,0.017,5.10,3.69,0.019,0.30,0.0030,3.8
6,2000,10,32.9,0.69,0.27,0.40,0.88,0.194,0.005,5.25,4.52,0.010,0.43,0.0030,4.5
6,2000,11,65.9,0.74,0.27,0.19,0.82,0.181,0.005,5.21,4.39,0.045,0.41,0.0010,4.5
6,2000,12,132.7,0.73,0.22,0.29,0.64,0.286,0.005,5.05,3.94,0.738,0.37,0.0020,3.7
6,2001,1,19.6,0.74,0.24,0.14,0.90,0.171,0.005,5.22,4.46,0.325,0.36,0.0010,5.1
6,2001,2,18.2,0.83,0.30,0.18,1.00,0.146,0.005,5.30,4.62,0.484,0.40,0.0020,5.4
6,2001,3,21.0,0.84,0.32,0.19,1.00,0.134,0.008,5.36,4.64,0.469,0.39,0.0020,5.3
6,2001,4,281.3,0.67,0.19,0.23,0.56,0.308,0.006,4.97,3.72,0.738,0.29,0.0020,3.3
6,2001,5,40.0,0.71,0.21,0.13,0.73,0.222,0.007,5.11,4.10,0.072,0.31,0.0020,4.3
6,2001,6,62.7,0.67,0.18,0.12,0.59,0.330,0.005,4.98,3.67,0.089,0.29,0.0040,3.4
6,2001,7,5.1,0.71,0.24,0.09,1.07,0.176,0.005,5.26,4.55,0.017,0.42,0.0030,5.4
6,2001,8,0.0,0.75,0.27,0.17,1.16,0.190,0.007,5.25,4.71,0.010,0.54,0.0040,5.3
6,2001,9,19.0,0.76,0.23,0.37,0.70,0.372,0.005,4.98,3.73,0.269,0.53,0.0040,3.6
6,2001,10,15.8,0.73,0.29,0.22,1.09,0.200,0.005,5.12,4.90,0.011,0.57,0.0010,5.3
6,2001,11,43.2,0.78,0.28,0.21,0.89,0.199,0.005,5.10,4.51,0.010,0.61,0.0010,4.6
6,2001,12,46.6,0.78,0.25,0.13,0.85,0.197,0.005,5.13,4.41,0.029,0.58,0.0010,4.5
6,2002,1,22.7,0.82,0.27,0.11,1.00,0.156,0.005,5.25,4.67,0.043,0.49,0.0010,5.2
6,2002,2,51.6,0.79,0.27,0.16,0.86,0.156,0.005,5.27,4.31,0.157,0.52,0.0010,4.2
6,2002,3,116.0,0.72,0.22,0.18,0.76,0.199,0.005,5.10,4.08,0.338,0.55,0.0010,3.7
6,2002,4,272.8,0.63,0.17,0.21,0.64,0.303,0.005,4.95,3.85,0.214,0.41,0.0030,3.3
6,2002,5,109.0,0.63,0.18,0.16,0.69,0.256,0.005,5.02,3.93,0.016,0.37,0.0010,3.6
6,2002,6,64.4,0.67,0.19,0.10,0.70,0.259,0.005,5.01,3.91,0.011,0.34,0.0020,3.6
6,2002,7,4.7,0.75,0.24,0.05,1.01,0.177,0.005,5.15,4.54,0.010,0.47,0.0010,5.2
6,2002,8,1.7,0.77,0.25,0.09,1.13,0.172,0.005,5.21,4.89,0.022,0.48,0.0010,5.8
6,2002,9,4.9,0.63,0.22,0.26,1.05,0.217,0.005,5.02,4.48,0.043,0.45,0.0020,4.5
6,2002,10,23.7,0.69,0.27,0.14,0.97,0.189,0.005,5.12,4.53,0.016,0.56,0.0010,4.6
6,2002,11,91.0,0.67,0.22,0.23,0.72,0.242,0.005,5.05,4.09,0.013,0.52,0.0010,3.7
6,2002,12,35.7,0.68,0.23,0.13,0.86,0.204,0.005,5.13,4.32,0.010,0.44,0.0010,4.4
6,2003,1,19.8,0.72,0.25,0.12,0.96,0.175,0.005,5.20,4.48,0.023,0.44,0.0010,4.7
6,2003,2,9.1,0.75,0.29,0.15,1.12,0.152,0.005,5.27,4.87,0.149,0.45,0.0010,5.5
6,2003,3,166.9,0.72,0.22,0.24,0.73,0.258,0.005,5.08,3.92,0.460,0.47,0.0020,3.6
6,2003,4,115.8,0.67,0.19,0.19,0.68,0.262,0.005,5.03,3.90,0.185,0.40,0.0030,3.5
6,2003,5,105.2,0.68,0.19,0.18,0.74,0.234,0.005,5.07,4.11,0.027,0.39,0.0010,3.8
6,2003,6,29.8,0.71,0.21,0.11,0.83,0.215,0.005,5.08,4.19,0.010,0.40,0.0010,4.1
6,2003,7,6.7,0.71,0.24,0.10,1.01,0.192,0.006,5.13,4.45,0.011,0.44,0.0010,4.6
6,2003,8,127.5,0.66,0.17,0.09,0.56,0.390,0.005,4.85,3.58,0.016,0.27,0.0020,3.4
6,2003,9,92.8,0.66,0.18,0.14,0.67,0.269,0.005,4.98,3.66,0.010,0.39,0.0020,3.5
6,2003,10,166.2,0.62,0.18,0.23,0.70,0.345,0.005,5.00,3.76,0.049,0.49,0.0020,3.4
6,2003,11,175.4,0.62,0.17,0.17,0.71,0.374,0.005,4.97,3.72,0.121,0.63,0.0020,3.4
6,2003,12,228.1,0.57,0.16,0.13,0.67,0.358,0.005,4.96,3.66,0.437,0.54,0.0010,3.3
6,2004,1,37.9,0.60,0.19,0.11,0.77,0.295,0.005,5.04,4.05,0.116,0.50,0.0010,3.9
6,2004,2,10.4,0.68,0.27,0.13,1.01,0.218,0.005,5.15,4.58,0.292,0.49,0.0010,5.0
6,2004,3,84.6,0.68,0.24,0.18,0.80,0.272,0.005,5.08,3.98,0.615,0.50,0.0010,3.8
6,2004,4,161.7,0.60,0.19,0.17,0.69,0.306,0.005,5.02,3.75,0.311,0.44,0.0010,3.3
6,2004,5,118.3,0.62,0.19,0.16,0.74,0.277,0.005,5.02,3.85,0.021,0.42,0.0010,3.7
6,2004,6,27.6,0.63,0.19,0.07,0.83,0.240,0.005,5.03,4.03,0.014,0.44,0.0010,4.0
6,2004,7,32.1,0.68,0.23,0.08,0.93,0.221,0.005,5.09,4.26,0.012,0.46,0.0030,4.5
6,2004,8,55.5,0.66,0.21,0.05,0.82,0.253,0.005,5.03,3.98,0.010,0.38,0.0010,4.2
6,2004,9,53.4,0.65,0.20,0.04,0.81,0.242,0.005,5.06,3.90,0.010,0.39,0.0020,4.1
6,2004,10,21.1,0.64,0.25,0.20,1.05,0.192,0.005,5.25,4.37,0.010,0.46,0.0020,5.0
6,2004,11,118.1,0.67,0.22,0.21,0.75,0.276,0.005,5.12,3.89,0.180,0.44,0.0010,3.7
6,2004,12,135.7,0.64,0.19,0.14,0.73,0.260,0.005,5.14,3.80,0.049,0.44,0.0010,3.7
6,2005,1,45.3,0.68,0.22,0.13,0.82,0.218,0.005,5.16,4.09,0.147,0.46,0.0010,4.2
6,2005,2,25.4,0.70,0.25,0.14,0.92,0.182,0.005,5.27,4.20,0.135,0.44,0.0010,4.6
6,2005,3,55.0,0.70,0.24,0.18,0.80,0.215,0.005,5.24,3.88,0.399,0.45,0.0010,3.9
6,2005,4,330.5,0.57,0.17,0.21,0.59,0.334,0.005,5.00,3.47,0.326,0.42,0.0010,2.9
6,2005,5,84.2,0.61,0.18,0.18,0.73,0.239,0.005,5.11,3.77,0.018,0.43,0.0010,3.5
6,2005,6,95.5,0.67,0.19,0.08,0.79,0.208,0.005,5.13,3.82,0.010,0.42,0.0010,3.7
6,2005,7,30.4,0.65,0.20,0.04,0.89,0.204,0.005,5.16,4.12,0.010,0.44,0.0010,4.1
6,2005,8,38.8,0.63,0.21,0.07,0.98,0.175,0.005,5.17,4.08,0.010,0.43,0.0010,4.4
6,2005,9,31.1,0.64,0.22,0.06,0.99,0.182,0.005,5.18,4.15,0.010,0.44,0.0010,4.5
6,2005,10,238.6,0.58,0.16,0.10,0.68,0.297,0.005,5.04,3.60,0.010,0.42,0.0010,3.3
6,2005,11,159.8,0.60,0.19,0.14,0.73,0.233,0.005,5.15,3.74,0.010,0.40,0.0010,3.6
6,2005,12,77.9,0.62,0.19,0.12,0.73,0.235,0.005,5.14,3.66,0.151,0.43,0.0010,3.6
6,2006,1,164.5,0.59,0.18,0.15,0.67,0.248,0.005,5.09,3.59,0.094,0.40,0.0010,3.2
6,2006,2,67.6,0.60,0.19,0.15,0.70,0.261,0.005,5.09,3.66,0.160,0.42,0.0010,3.5
6,2006,3,75.1,0.63,0.22,0.21,0.71,0.251,0.005,5.13,3.55,0.349,0.44,0.0010,3.5
6,2006,4,81.8,0.62,0.21,0.18,0.71,0.244,0.005,5.14,3.66,0.195,0.43,0.0010,3.6
6,2006,5,206.3,0.56,0.17,0.23,0.61,0.308,0.005,5.06,3.23,0.027,0.36,0.0010,3.3
6,2006,6,89.2,0.61,0.19,0.11,0.77,0.222,0.005,5.18,3.52,0.010,0.38,0.0010,3.8
6,2006,7,41.0,0.62,0.19,0.05,0.86,0.199,0.005,5.19,3.71,0.010,0.42,0.0010,4.3
6,2006,8,7.2,0.61,0.22,0.05,1.07,0.188,0.005,5.25,4.20,0.010,0.45,0.0010,5.2
6,2006,9,6.7,0.60,0.25,0.12,1.26,0.172,0.005,5.32,4.68,0.010,0.48,0.0010,5.7
6,2006,10,155.6,0.61,0.20,0.28,0.67,0.297,0.005,5.14,3.50,0.033,0.45,0.0010,3.6
6,2006,11,164.0,0.57,0.16,0.24,0.59,0.302,0.005,5.03,3.30,0.055,0.38,0.0010,3.3
6,2006,12,96.2,0.62,0.19,0.13,0.71,0.242,0.005,5.18,3.64,0.211,0.38,0.0010,3.9
6,2007,1,84.3,0.57,0.18,0.14,0.66,0.244,0.005,5.14,3.45,0.390,0.33,0.0010,3.6
6,2007,2,10.8,0.65,0.25,0.15,0.93,0.186,0.005,5.27,4.19,0.300,0.38,0.0010,5.1
6,2007,3,102.0,0.68,0.23,0.20,0.70,0.234,0.005,5.14,3.45,0.894,0.37,0.0010,3.4
6,2007,4,223.0,0.55,0.17,0.22,0.53,0.270,0.005,5.02,3.10,0.572,0.28,0.0010,2.9
6,2007,5,69.6,0.58,0.18,0.16,0.69,0.230,0.005,5.12,3.58,0.044,0.32,0.0010,3.7
6,2007,6,22.2,0.65,0.21,0.08,0.82,0.193,0.005,5.20,3.81,0.010,0.39,0.0010,4.2
6,2007,7,45.1,0.64,0.20,0.06,0.82,0.189,0.005,5.22,3.71,0.010,0.33,0.0010,4.3
6,2007,8,19.4,0.65,0.21,0.04,0.88,0.179,0.005,5.25,3.98,0.010,0.37,0.0010,5.0
6,2007,9,18.5,0.65,0.24,0.11,1.01,0.178,0.005,5.32,4.13,0.010,0.33,0.0010,5.0
6,2007,10,102.4,0.64,0.21,0.35,0.69,0.303,0.005,5.17,3.46,0.010,0.36,0.0010,3.8
6,2007,11,124.5,0.64,0.21,0.12,0.76,0.214,0.005,5.25,3.70,0.010,0.33,0.0010,4.2
6,2007,12,57.5,0.68,0.22,0.12,0.77,0.242,0.005,5.19,3.60,0.307,0.49,0.0010,3.8
6,2008,1,85.3,0.64,0.21,0.12,0.77,0.212,0.005,5.24,3.70,0.094,0.41,0.0010,4.0
6,2008,2,64.8,0.66,0.23,0.14,0.80,0.190,0.005,5.30,3.83,0.064,0.39,0.0010,4.4
6,2008,3,91.5,0.64,0.21,0.16,0.72,0.213,0.005,5.23,3.63,0.191,0.35,0.0010,4.0
6,2008,4,394.0,0.54,0.17,0.18,0.54,0.276,0.005,5.11,3.23,0.201,0.25,0.0010,3.2
6,2008,5,51.4,0.56,0.18,0.16,0.64,0.235,0.005,5.13,3.39,0.010,0.27,0.0010,3.7
6,2008,6,30.9,0.64,0.22,0.09,0.76,0.037,0.005,5.18,3.61,0.010,0.31,0.0010,4.0
6,2008,7,48.6,0.62,0.20,0.06,0.75,0.018,0.005,5.20,3.51,0.010,0.32,0.0010,4.3
6,2008,8,123.3,0.62,0.17,0.09,0.54,0.086,0.005,5.05,2.98,0.010,0.23,0.0010,3.5
6,2008,9,44.7,0.60,0.19,0.10,0.70,0.077,0.005,5.26,3.45,0.010,0.29,0.0010,4.1
6,2008,10,122.3,0.59,0.20,0.13,0.68,0.068,0.005,5.24,3.42,0.010,0.34,0.0010,4.1
6,2008,11,138.3,0.58,0.18,0.10,0.65,0.083,0.005,5.20,3.38,0.010,0.35,0.0010,4.0
6,2008,12,135.7,0.53,0.17,0.12,0.56,0.106,0.005,5.11,3.13,0.107,0.26,0.0010,3.5
6,2009,1,33.1,0.59,0.21,0.09,0.74,0.073,0.005,5.25,3.62,0.051,0.29,0.0010,4.5
6,2009,2,40.7,0.63,0.24,0.12,0.79,0.062,0.005,5.38,3.74,0.126,0.32,0.0010,4.6
6,2009,3,135.2,0.58,0.20,0.15,0.62,0.086,0.005,5.25,3.32,0.192,0.30,0.0010,3.6
6,2009,4,196.7,0.52,0.16,0.16,0.54,0.108,0.005,5.14,3.11,0.126,0.24,0.0010,3.3
6,2009,5,101.6,0.56,0.18,0.12,0.63,0.084,0.005,5.33,3.18,0.010,0.26,0.0010,3.7
6,2009,6,92.2,0.58,0.18,0.07,0.67,0.074,0.005,5.26,3.22,0.010,0.27,0.0010,3.9
6,2009,7,148.7,0.56,0.16,0.08,0.56,0.095,0.005,5.21,2.88,0.010,0.22,0.0010,3.5
6,2009,8,82.2,0.55,0.16,0.04,0.61,0.088,0.005,5.18,2.99,0.010,0.22,0.0010,3.9
6,2009,9,12.4,0.58,0.21,0.07,0.91,0.047,0.005,5.45,3.53,0.010,0.32,0.0010,5.1
6,2009,10,115.2,0.57,0.19,0.30,0.61,0.090,0.005,5.31,3.13,0.010,0.33,0.0010,3.7
6,2009,11,104.3,0.58,0.19,0.13,0.64,0.056,0.005,5.28,3.16,0.010,0.31,0.0010,4.0
6,2009,12,115.4,0.59,0.19,0.10,0.65,0.062,0.005,5.30,3.15,0.010,0.30,0.0010,4.1
6,2010,1,130.5,0.61,0.21,0.18,0.70,0.063,0.005,5.31,3.14,0.176,0.41,0.0010,4.0
6,2010,2,26.3,0.62,0.22,0.14,0.75,0.103,0.005,5.40,3.42,0.040,0.32,0.0010,4.6
6,2010,3,187.7,0.56,0.19,0.17,0.60,0.097,0.005,5.28,2.88,0.048,0.35,0.0010,3.6
6,2010,4,120.9,0.55,0.17,0.15,0.62,0.106,0.005,5.27,3.03,0.012,0.31,0.0010,4.0
6,2010,5,55.0,0.57,0.18,0.12,0.67,0.107,0.005,5.30,3.19,0.010,0.30,0.0010,4.0
6,2010,6,52.5,0.61,0.19,0.10,0.65,0.079,0.005,5.26,2.91,0.010,0.28,0.0010,3.9
6,2010,7,31.4,0.61,0.21,0.04,0.85,0.046,0.005,5.42,3.36,0.010,0.34,0.0010,5.0
6,2010,8,13.1,0.58,0.22,0.06,1.02,0.040,0.005,5.49,3.58,0.010,0.35,0.0010,5.5
6,2010,9,46.2,0.63,0.19,0.20,0.66,0.120,0.005,5.15,2.76,0.010,0.35,0.0010,4.0
6,2010,10,166.8,0.61,0.19,0.21,0.65,0.078,0.005,5.21,2.84,0.010,0.49,0.0010,3.8
6,2010,11,88.9,0.60,0.21,0.12,0.74,0.048,0.005,5.34,3.32,0.010,0.41,0.0010,4.4
6,2010,12,156.2,0.56,0.18,0.15,0.62,0.079,0.005,5.15,3.02,0.079,0.38,0.0010,3.8
6,2011,1,32.6,0.61,0.21,0.12,0.75,0.051,0.005,5.41,3.39,0.056,0.34,0.0010,4.6
6,2011,2,18.6,0.62,0.25,0.13,0.90,0.040,0.005,5.51,3.71,0.093,0.34,0.0010,5.4
6,2011,3,158.2,0.57,0.19,0.18,0.60,0.100,0.005,5.21,2.84,0.439,0.41,0.0010,3.5
6,2011,4,368.6,0.49,0.15,0.22,0.49,0.106,0.005,5.26,2.63,0.103,0.32,0.0010,3.0
6,2011,5,145.3,0.50,0.16,0.15,0.59,0.071,0.005,5.19,2.82,0.010,0.32,0.0010,3.6
6,2011,6,48.3,0.57,0.20,0.09,0.81,0.040,0.005,5.34,3.20,0.011,0.37,0.0010,4.7
6,2011,7,9.1,0.61,0.21,0.08,0.92,0.030,0.005,5.37,3.37,0.025,0.39,0.0010,5.3
6,2011,8,166.0,0.52,0.15,0.09,0.54,0.094,0.005,5.12,2.50,0.010,0.27,0.0010,3.5
6,2011,9,88.0,0.53,0.15,0.07,0.63,0.089,0.005,5.20,2.73,0.010,0.28,0.0010,4.1
6,2011,10,140.9,0.52,0.16,0.12,0.63,0.080,0.005,5.23,2.75,0.010,0.29,0.0010,4.1
6,2011,11,78.0,0.55,0.19,0.19,0.68,0.086,0.005,5.38,2.82,0.138,0.32,0.0010,4.3
6,2011,12,123.0,0.57,0.18,0.14,0.68,0.073,0.005,5.39,2.90,0.088,0.32,0.0010,4.2
6,2012,1,61.2,0.59,0.19,0.13,0.72,0.064,0.005,5.40,3.09,0.220,0.30,0.0010,4.4
6,2012,2,27.2,0.60,0.22,0.15,0.77,0.062,0.005,5.47,3.25,0.210,0.32,0.0010,4.6
6,2012,3,147.1,0.56,0.19,0.20,0.63,0.086,0.005,5.28,2.72,0.652,0.31,0.0010,3.7
6,2012,4,77.1,0.58,0.19,0.26,0.66,0.088,0.005,5.31,2.69,0.212,0.33,0.0010,3.9
6,2012,5,193.7,0.53,0.17,0.18,0.68,0.069,0.005,5.35,2.87,0.036,0.31,0.0010,4.0
6,2012,6,102.0,0.52,0.16,0.10,0.67,0.080,0.005,5.27,2.75,0.010,0.30,0.0010,3.9
6,2012,7,10.0,0.58,0.20,0.11,1.00,0.045,0.005,5.62,3.24,0.037,0.39,0.0010,5.5
6,2012,8,89.4,0.61,0.16,0.22,0.45,0.160,0.005,5.07,1.95,0.118,0.21,0.0010,3.3
6,2012,9,87.4,0.58,0.17,0.19,0.63,0.115,0.005,5.18,2.36,0.010,0.36,0.0010,3.7
6,2012,10,160.3,0.54,0.18,0.29,0.68,0.089,0.005,5.37,2.61,0.010,0.45,0.0010,4.0
6,2012,11,53.6,0.56,0.19,0.21,0.77,0.079,0.005,5.42,2.83,0.018,0.49,0.0010,4.5
6,2012,12,92.1,0.59,0.20,0.12,0.74,0.062,0.005,5.50,2.83,0.216,0.41,0.0010,4.1
6,2013,1,85.0,0.56,0.19,0.23,0.64,-3.000,0.005,5.29,2.44,0.682,0.36,-3.0000,-3.0
6,2013,2,34.0,0.60,0.21,0.19,0.74,-3.000,0.005,5.38,2.81,0.614,0.37,-3.0000,-3.0
6,2013,3,78.0,0.62,0.22,0.18,0.82,-3.000,0.005,5.52,3.04,0.435,0.40,-3.0000,-3.0
6,2013,4,164.3,0.55,0.18,0.17,0.65,-3.000,0.005,5.37,2.62,0.441,0.38,-3.0000,-3.0
6,2013,5,69.4,0.55,0.18,0.14,0.75,-3.000,0.005,5.49,2.87,0.010,0.41,-3.0000,-3.0
6,2013,6,82.8,0.55,0.18,0.14,0.79,-3.000,0.006,5.50,2.52,0.014,0.41,-3.0000,-3.0
6,2013,7,84.3,0.57,0.17,0.09,0.87,-3.000,0.005,5.48,2.77,0.010,0.40,-3.0000,-3.0
6,2013,8,23.6,0.57,0.19,0.10,0.96,-3.000,0.005,5.63,2.90,0.016,0.38,-3.0000,-3.0
6,2013,9,31.7,0.60,0.20,0.09,0.96,-3.000,0.003,5.71,2.92,0.017,0.37,-3.0000,-3.0
6,2013,10,25.1,0.54,0.23,0.40,1.06,-3.000,0.004,5.80,3.30,0.021,0.41,-3.0000,-3.0
6,2013,11,103.7,0.62,0.24,0.33,0.75,-3.000,0.004,5.58,2.50,0.930,0.39,-3.0000,-3.0
6,2013,12,66.1,0.66,0.23,0.20,0.89,-3.000,0.004,5.53,2.61,1.010,0.39,-3.0000,-3.0
6,2014,1,95.9,0.73,0.20,0.22,0.77,-3.000,0.004,5.30,2.38,2.010,0.32,-3.0000,-3.0
6,2014,2,16.7,0.66,0.30,0.21,0.90,-3.000,0.007,5.58,3.16,0.809,0.41,-3.0000,-3.0
6,2014,3,20.8,0.66,0.30,0.22,0.89,-3.000,0.007,5.63,3.13,0.873,0.40,-3.0000,-3.0
6,2014,4,305.6,0.63,0.20,0.40,0.56,-3.000,0.010,5.13,1.94,2.176,0.33,-3.0000,-3.0
6,2014,5,116.2,0.60,0.20,0.27,0.74,-3.000,0.013,5.28,2.32,0.778,0.42,-3.0000,-3.0
