ws,year,mo,flow,Ca,Mg,K,Na,Al,NH4,pH,SO4,NO3,Cl,PO4,SiO2
9,1995,6,15.8,0.71,0.22,0.11,0.67,0.402,0.020,4.38,4.61,0.010,0.53,0.0080,4.8
9,1995,7,24.3,0.79,0.28,0.12,0.84,0.377,0.022,4.43,5.24,0.010,0.56,0.0080,6.8
9,1995,8,90.6,0.71,0.23,0.07,0.63,0.448,0.025,4.29,4.96,0.010,0.49,0.0080,6.0
9,1995,9,9.8,0.96,0.34,0.23,1.19,0.206,0.028,4.82,5.59,0.010,0.59,0.0060,9.2
9,1995,10,196.5,0.72,0.25,0.16,0.70,0.483,0.017,4.33,5.10,0.010,0.83,0.0050,6.3
9,1995,11,153.8,0.64,0.20,0.11,0.61,0.455,0.020,4.40,4.44,0.012,0.84,0.0050,4.8
9,1995,12,9.9,0.80,0.27,0.17,0.85,0.236,0.014,4.74,4.65,0.142,0.65,0.0040,6.4
9,1996,1,170.2,0.71,0.24,0.15,0.70,0.339,0.012,4.54,4.44,0.421,0.66,0.0040,5.0
9,1996,2,83.1,0.78,0.25,0.27,1.11,0.282,0.012,4.66,4.58,0.565,1.23,0.0040,5.3
9,1996,3,18.9,0.75,0.25,0.16,0.75,0.289,0.005,4.65,4.60,0.320,0.70,0.0030,5.6
9,1996,4,251.5,0.54,0.18,0.13,0.53,0.362,0.005,4.46,3.83,0.294,0.65,0.0060,3.1
9,1996,5,273.9,0.47,0.14,0.09,0.42,0.392,0.011,4.49,3.32,0.082,0.53,0.0060,2.5
9,1996,6,68.7,0.60,0.19,0.10,0.63,0.367,0.013,4.46,3.76,0.010,0.49,0.0070,4.5
9,1996,7,170.5,0.57,0.16,0.05,0.54,0.452,0.005,4.35,3.72,0.010,0.23,0.0080,4.6
9,1996,8,5.0,0.73,0.22,0.12,0.90,0.257,0.005,4.63,4.36,0.010,0.34,0.0050,6.9
9,1996,9,2.9,1.01,0.36,0.38,1.40,0.165,0.015,4.91,5.41,0.010,0.59,0.0070,10.1
9,1996,10,95.2,0.58,0.22,0.33,0.63,0.401,0.006,4.18,4.27,0.010,0.68,0.0080,4.9
9,1996,11,107.6,0.67,0.22,0.15,0.69,0.335,0.006,4.41,4.47,0.014,0.72,0.0050,5.4
9,1996,12,157.0,0.55,0.18,0.13,0.57,0.426,0.020,4.38,3.79,0.136,0.52,0.0090,3.8
9,1997,1,21.2,0.67,0.23,0.14,0.67,0.336,0.012,4.38,4.57,0.313,0.45,0.0020,5.0
9,1997,2,27.0,0.70,0.24,0.16,0.72,0.327,0.007,4.39,4.59,0.424,0.44,0.0030,5.5
9,1997,3,42.4,0.69,0.23,0.16,0.70,0.356,0.008,4.29,4.72,0.478,0.42,0.0030,5.2
9,1997,4,143.1,0.56,0.19,0.13,0.57,0.426,0.008,4.27,4.37,0.406,0.31,0.0030,4.0
9,1997,5,275.2,0.47,0.15,0.10,0.45,0.358,0.005,4.33,3.61,0.144,0.21,0.0040,2.9
9,1997,6,29.1,0.65,0.21,0.15,0.69,0.258,0.029,4.63,3.89,0.010,0.29,0.0040,4.7
9,1997,7,81.2,0.68,0.22,0.11,0.72,0.290,0.017,4.49,4.06,0.010,0.29,0.0050,6.0
9,1997,8,27.5,0.73,0.23,0.12,0.81,0.321,0.006,4.45,4.67,0.014,0.32,0.0070,7.2
9,1997,9,14.3,0.73,0.24,0.17,0.84,0.288,0.018,4.57,4.50,0.010,0.37,0.0050,7.4
9,1997,10,19.9,0.71,0.26,0.21,0.82,0.376,0.027,4.52,4.87,0.010,0.44,0.0050,7.4
9,1997,11,107.8,0.67,0.23,0.16,0.67,0.446,0.013,4.40,4.81,0.015,0.53,0.0060,5.8
9,1997,12,9.7,0.81,0.27,0.16,0.91,0.262,0.012,4.73,4.72,0.157,0.47,0.0030,7.3
9,1998,1,67.7,0.67,0.24,0.12,0.64,0.392,0.005,4.37,4.82,0.536,0.42,0.0050,5.4
9,1998,2,30.0,0.75,0.25,0.17,0.79,0.286,0.005,4.62,4.79,0.302,0.43,0.0030,6.6
9,1998,3,169.9,0.58,0.20,0.13,0.57,0.352,0.018,4.43,4.04,0.371,0.27,0.0050,4.4
9,1998,4,180.0,0.48,0.16,0.10,0.45,0.384,0.007,4.37,3.57,0.172,0.22,0.0070,3.5
9,1998,5,69.5,0.53,0.17,0.10,0.49,0.328,0.005,4.36,3.63,0.010,0.24,0.0080,3.9
9,1998,6,239.3,0.59,0.18,0.11,0.54,0.331,0.005,4.40,3.43,0.010,0.22,0.0070,4.4
9,1998,7,63.2,0.62,0.18,0.10,0.57,0.378,0.005,4.31,3.53,0.010,0.25,0.0060,5.2
9,1998,8,14.9,0.78,0.24,0.19,0.82,0.437,0.007,4.34,4.26,0.012,0.44,0.0120,7.9
9,1998,9,15.9,0.74,0.26,0.27,1.05,0.235,0.005,4.65,4.23,0.010,0.46,0.0080,8.7
9,1998,10,83.4,0.67,0.23,0.21,0.69,0.432,0.005,4.25,4.53,0.010,0.53,0.0110,6.8
9,1998,11,55.7,0.65,0.23,0.14,0.76,0.376,0.005,4.46,4.62,0.126,0.52,0.0040,7.0
9,1998,12,69.1,0.65,0.23,0.14,0.71,0.393,0.005,4.30,4.63,0.191,0.47,0.0060,6.4
9,1999,1,88.4,0.54,0.23,0.22,0.53,0.440,0.005,4.30,4.15,0.788,0.36,0.0090,4.1
9,1999,2,21.1,0.73,0.25,0.18,0.70,0.340,0.005,4.55,4.43,0.568,0.37,0.0040,5.8
9,1999,3,111.1,0.57,0.21,0.22,0.55,0.436,0.005,4.32,3.86,0.829,0.54,0.0100,3.7
9,1999,4,162.9,0.61,0.19,0.16,0.55,0.400,0.005,4.36,3.78,0.461,0.39,0.0070,3.8
9,1999,5,153.2,0.51,0.17,0.24,0.55,0.397,0.019,4.34,3.11,0.067,0.33,0.0190,2.9
9,1999,6,9.5,0.74,0.23,0.20,0.89,0.180,0.005,4.70,4.06,0.010,0.38,0.0060,5.4
9,1999,7,17.8,0.77,0.27,0.25,1.02,0.242,0.005,4.67,3.99,0.011,0.41,0.0090,6.7
9,1999,8,5.2,0.91,0.35,0.32,1.15,0.215,0.005,4.73,4.24,0.013,0.46,0.0130,8.3
9,1999,9,175.0,0.61,0.21,0.17,0.37,0.497,0.015,4.12,3.55,0.020,0.33,0.0270,4.6
9,1999,10,65.3,0.66,0.18,0.17,0.59,0.367,0.005,4.40,4.22,0.010,0.49,0.0070,6.2
9,1999,11,96.8,0.66,0.23,0.12,0.71,0.376,0.009,4.35,4.41,0.135,0.61,0.0060,6.0
9,1999,12,26.9,0.71,0.24,0.14,0.80,0.298,0.006,4.52,4.54,0.309,0.58,0.0040,6.6
9,2000,1,20.3,0.77,0.28,0.19,0.87,0.183,0.005,4.67,4.53,0.692,0.55,0.0040,6.7
9,2000,2,24.7,0.87,0.32,0.26,0.71,0.420,0.018,4.38,5.04,1.918,0.61,0.0060,5.1
9,2000,3,100.2,0.65,0.24,0.24,0.60,0.477,0.007,4.32,4.39,1.466,0.54,0.0050,4.6
9,2000,4,322.8,0.49,0.18,0.20,0.42,0.427,0.006,4.30,3.68,0.737,0.38,0.0060,2.8
9,2000,5,148.8,0.50,0.17,0.15,0.49,0.395,0.005,4.34,3.57,0.158,0.34,0.0050,3.2
9,2000,6,16.3,0.65,0.22,0.17,0.78,0.240,0.005,4.55,4.14,0.010,0.35,0.0030,5.1
9,2000,7,8.1,0.74,0.26,0.23,0.90,0.266,0.005,4.58,4.03,0.017,0.46,0.0070,6.9
9,2000,8,30.1,0.69,0.24,0.12,0.81,0.328,0.005,4.43,4.27,0.010,0.40,0.0060,7.4
9,2000,9,39.1,0.64,0.22,0.23,0.50,0.506,0.072,4.15,4.18,0.035,0.41,0.0080,5.6
9,2000,10,39.2,0.69,0.28,0.39,0.75,0.359,0.012,4.41,4.62,0.010,0.60,0.0060,7.0
9,2000,11,55.3,0.71,0.25,0.15,0.78,0.314,0.005,4.54,4.60,0.065,0.56,0.0050,7.0
9,2000,12,107.6,0.66,0.23,0.17,0.68,0.263,0.005,4.57,4.08,0.301,0.45,0.0050,5.6
9,2001,1,7.1,0.75,0.26,0.20,0.97,0.069,0.005,4.97,4.35,0.367,0.44,0.0020,7.4
9,2001,2,7.9,0.93,0.32,0.26,0.97,0.149,0.006,4.83,4.77,0.939,0.49,0.0030,7.6
9,2001,3,4.2,0.89,0.33,0.26,1.05,0.089,0.013,5.03,4.56,0.726,0.45,0.0040,7.8
9,2001,4,189.7,0.62,0.23,0.22,0.56,0.417,0.006,4.34,4.15,1.239,0.33,0.0070,4.2
9,2001,5,137.2,0.48,0.17,0.12,0.47,0.352,0.005,4.39,3.31,0.317,0.25,0.0070,3.4
9,2001,6,76.4,0.49,0.17,0.12,0.47,0.386,0.014,4.31,3.16,0.057,0.25,0.0110,3.4
9,2001,7,12.6,0.71,0.25,0.14,0.80,0.208,0.005,4.52,3.81,0.011,0.32,0.0110,6.9
9,2001,8,0.3,0.70,0.24,0.26,1.58,0.186,0.005,4.87,3.94,0.010,0.53,0.0130,10.0
9,2001,9,47.8,0.65,0.26,0.24,0.56,0.545,0.038,4.14,4.46,0.014,0.68,0.0160,5.7
9,2001,10,16.6,0.81,0.31,0.34,0.93,0.193,0.005,4.64,4.87,0.012,0.67,0.0040,8.4
9,2001,11,46.4,0.78,0.29,0.14,0.83,0.446,0.005,4.34,5.42,0.074,0.85,0.0070,7.4
9,2001,12,36.5,0.74,0.26,0.12,0.82,0.365,0.006,4.47,5.00,0.051,0.77,0.0040,7.0
9,2002,1,9.8,0.94,0.32,0.19,1.02,0.183,0.006,4.78,5.08,0.410,0.63,0.0030,8.2
9,2002,2,25.9,0.84,0.31,0.17,0.85,0.366,0.005,4.48,5.39,0.678,0.66,0.0040,7.0
9,2002,3,64.3,0.72,0.27,0.16,0.76,0.426,0.005,4.39,5.17,0.654,0.66,0.0030,5.9
9,2002,4,292.5,0.54,0.20,0.17,0.55,0.386,0.008,4.38,4.02,0.329,0.40,0.0130,3.7
9,2002,5,102.8,0.51,0.17,0.11,0.53,0.398,0.005,4.40,3.67,0.068,0.31,0.0060,3.8
9,2002,6,57.6,0.55,0.19,0.11,0.57,0.488,0.005,4.32,3.81,0.011,0.27,0.0100,4.5
9,2002,7,5.1,0.71,0.24,0.16,1.11,0.163,0.005,4.78,4.36,0.011,0.43,0.0050,8.3
9,2002,8,0.2,0.68,0.23,0.27,1.69,0.150,0.009,5.02,4.24,0.010,0.54,0.0090,10.9
9,2002,9,19.9,0.74,0.28,0.23,0.78,0.507,0.029,4.21,5.27,0.052,0.68,0.0120,7.8
9,2002,10,47.7,0.71,0.25,0.13,0.80,0.499,0.005,4.41,5.13,0.013,0.71,0.0050,7.9
9,2002,11,106.1,0.63,0.21,0.13,0.71,0.489,0.005,4.45,4.47,0.038,0.59,0.0050,5.9
9,2002,12,21.6,0.72,0.24,0.15,0.84,0.336,0.005,4.64,4.64,0.210,0.51,0.0030,6.8
9,2003,1,9.5,0.76,0.27,0.17,0.95,0.254,0.005,4.72,4.67,0.297,0.49,0.0030,7.2
9,2003,2,2.4,0.88,0.32,0.25,1.19,0.070,0.005,5.18,4.60,0.557,0.49,0.0030,8.5
9,2003,3,88.1,0.72,0.27,0.23,0.75,0.501,0.005,4.41,4.74,1.510,0.57,0.0050,5.6
9,2003,4,170.2,0.54,0.20,0.17,0.58,0.449,0.005,4.40,3.93,0.543,0.40,0.0070,4.0
9,2003,5,128.6,0.52,0.19,0.14,0.54,0.422,0.005,4.40,3.77,0.116,0.35,0.0070,3.6
9,2003,6,31.8,0.59,0.21,0.13,0.67,0.327,0.005,4.51,4.02,0.010,0.34,0.0050,5.2
9,2003,7,11.9,0.68,0.23,0.17,0.89,0.273,0.005,4.54,4.25,0.052,0.39,0.0050,7.3
9,2003,8,147.6,0.50,0.17,0.07,0.48,0.514,0.005,4.24,3.41,0.016,0.22,0.0110,4.4
9,2003,9,116.6,0.57,0.19,0.16,0.54,0.567,0.022,4.21,3.67,0.010,0.44,0.0070,4.9
9,2003,10,161.3,0.53,0.19,0.19,0.56,0.544,0.011,4.22,3.56,0.060,0.59,0.0140,4.1
9,2003,11,145.3,0.53,0.19,0.14,0.61,0.427,0.005,4.39,3.78,0.052,0.72,0.0070,4.2
9,2003,12,162.9,0.50,0.18,0.11,0.56,0.374,0.005,4.47,3.54,0.365,0.53,0.0050,3.9
9,2004,1,14.9,0.60,0.21,0.13,0.69,0.324,0.005,4.58,4.00,0.187,0.49,0.0040,5.0
9,2004,2,1.9,0.79,0.30,0.22,1.10,0.085,0.005,5.17,4.30,0.192,0.49,0.0030,7.8
9,2004,3,45.8,0.69,0.27,0.21,0.75,0.375,0.005,4.53,4.40,1.335,0.54,0.0050,5.2
9,2004,4,206.0,0.50,0.19,0.16,0.54,0.414,0.010,4.45,3.61,0.665,0.39,0.0050,3.5
9,2004,5,109.6,0.49,0.17,0.12,0.53,0.411,0.005,4.42,3.34,0.046,0.33,0.0070,3.6
9,2004,6,21.0,0.58,0.19,0.11,0.72,0.221,0.005,4.60,3.84,0.018,0.34,0.0030,5.2
9,2004,7,50.4,0.64,0.21,0.10,0.86,0.232,0.005,4.61,4.03,0.016,0.33,0.0050,6.7
9,2004,8,82.3,0.62,0.21,0.08,0.71,0.396,0.009,4.40,3.89,0.010,0.31,0.0090,6.5
9,2004,9,62.2,0.63,0.20,0.09,0.76,0.321,0.006,4.54,3.88,0.010,0.34,0.0060,6.6
9,2004,10,21.6,0.69,0.26,0.28,0.94,0.214,0.005,4.74,4.08,0.010,0.52,0.0060,7.5
9,2004,11,124.3,0.59,0.22,0.18,0.65,0.416,0.005,4.35,3.83,0.648,0.51,0.0020,5.1
9,2004,12,101.0,0.59,0.21,0.15,0.69,0.265,0.005,4.55,3.69,0.555,0.46,0.0010,5.1
9,2005,1,28.4,0.70,0.25,0.18,0.82,0.174,0.005,4.70,4.10,0.832,0.47,0.0010,6.1
9,2005,2,6.7,0.80,0.29,0.23,0.99,0.083,0.005,4.99,4.13,0.595,0.47,0.0010,7.1
9,2005,3,20.8,0.69,0.27,0.25,0.74,0.341,0.005,4.49,4.04,1.437,0.53,0.0010,5.3
9,2005,4,414.7,0.47,0.18,0.22,0.47,0.405,0.005,4.40,3.12,0.916,0.40,0.0010,2.9
9,2005,5,79.0,0.48,0.17,0.17,0.51,0.407,0.005,4.47,3.29,0.214,0.32,0.0010,3.3
9,2005,6,107.5,0.51,0.18,0.11,0.59,0.432,0.005,4.44,3.25,0.010,0.27,0.0010,3.9
9,2005,7,46.5,0.60,0.20,0.10,0.77,0.332,0.005,4.55,3.78,0.010,0.31,0.0010,5.6
9,2005,8,81.6,0.61,0.22,0.11,0.71,0.409,0.005,4.43,4.14,0.010,0.33,0.0010,6.4
9,2005,9,45.2,0.66,0.23,0.16,0.81,0.311,0.005,4.55,4.18,0.010,0.39,0.0010,6.9
9,2005,10,283.4,0.49,0.17,0.11,0.55,0.435,0.005,4.39,3.19,0.010,0.43,0.0010,4.2
9,2005,11,147.8,0.55,0.19,0.12,0.63,0.325,0.005,4.56,3.46,0.285,0.41,0.0010,4.7
9,2005,12,53.4,0.56,0.21,0.14,0.61,0.362,0.005,4.47,3.79,0.816,0.41,0.0010,4.3
9,2006,1,135.2,0.59,0.21,0.15,0.61,0.363,0.005,4.58,3.56,1.073,0.37,0.0010,4.1
9,2006,2,47.6,0.60,0.21,0.16,0.63,0.338,0.005,4.58,3.51,0.837,0.38,0.0010,4.2
9,2006,3,45.8,0.60,0.23,0.21,0.61,0.374,0.005,4.48,3.56,1.330,0.48,0.0010,3.9
9,2006,4,114.2,0.58,0.21,0.19,0.59,0.350,0.005,4.55,3.32,1.032,0.42,0.0010,4.1
9,2006,5,224.9,0.43,0.15,0.16,0.43,0.383,0.005,4.44,2.52,0.079,0.29,0.0010,2.7
9,2006,6,87.4,0.52,0.18,0.16,0.61,0.256,0.014,4.56,2.99,0.010,0.29,0.0010,4.3
9,2006,7,39.6,0.63,0.21,0.13,0.85,0.189,0.006,4.71,3.59,0.018,0.37,0.0010,6.2
9,2006,8,4.3,0.75,0.25,0.19,1.06,0.153,0.005,4.91,3.76,0.010,0.42,0.0010,8.1
9,2006,9,6.9,0.82,0.32,0.26,0.94,0.295,0.005,4.56,4.25,0.010,0.61,0.0010,8.8
9,2006,10,213.0,0.52,0.20,0.16,0.59,0.343,0.005,4.36,3.38,0.145,0.53,0.0010,5.0
9,2006,11,145.6,0.45,0.16,0.16,0.47,0.305,0.005,4.38,2.85,0.143,0.36,0.0010,3.5
9,2006,12,76.9,0.55,0.20,0.14,0.61,0.257,0.005,4.57,3.46,0.477,0.36,0.0010,5.0
9,2007,1,53.1,0.56,0.20,0.13,0.60,0.239,0.005,4.58,3.39,0.859,0.31,0.0010,4.6
9,2007,2,2.7,0.81,0.29,0.25,1.08,0.066,0.005,5.43,3.86,0.575,0.39,0.0010,7.8
9,2007,3,37.0,0.70,0.26,0.22,0.69,0.250,0.005,4.63,3.60,1.433,0.39,0.0010,5.2
9,2007,4,198.2,0.43,0.17,0.19,0.42,0.309,0.005,4.42,2.98,0.855,0.28,0.0010,2.9
9,2007,5,123.5,0.44,0.16,0.13,0.44,0.267,0.005,4.49,2.93,0.490,0.26,0.0010,3.1
9,2007,6,22.6,0.57,0.20,0.13,0.63,0.244,0.005,4.58,3.22,0.010,0.26,0.0010,4.7
9,2007,7,58.9,0.65,0.21,0.13,0.74,0.197,0.005,4.68,3.44,0.010,0.26,0.0010,6.1
9,2007,8,15.8,0.70,0.23,0.19,1.08,0.140,0.005,4.90,4.04,0.019,0.43,0.0010,8.4
9,2007,9,23.4,0.71,0.26,0.22,0.92,0.200,0.005,4.79,4.09,0.010,0.34,0.0010,7.5
9,2007,10,113.4,0.61,0.23,0.20,0.71,0.265,0.005,4.50,3.85,0.010,0.44,0.0010,6.5
9,2007,11,100.1,0.63,0.22,0.13,0.73,0.217,0.005,4.65,3.85,0.089,0.40,0.0010,6.2
9,2007,12,37.4,0.60,0.24,0.16,0.64,0.310,0.005,4.41,3.96,0.416,0.56,0.0010,5.0
9,2008,1,67.4,0.61,0.22,0.13,0.70,0.236,0.005,4.63,3.77,0.396,0.39,0.0010,5.7
9,2008,2,63.0,0.62,0.23,0.14,0.70,0.211,0.005,4.66,3.83,0.393,0.36,0.0010,5.7
9,2008,3,65.6,0.59,0.22,0.15,0.64,0.233,0.005,4.60,3.63,0.488,0.31,0.0010,5.2
9,2008,4,373.9,0.43,0.16,0.12,0.44,0.274,0.005,4.46,2.85,0.310,0.20,0.0010,3.2
9,2008,5,84.2,0.42,0.15,0.11,0.41,0.245,0.005,4.50,2.68,0.103,0.18,0.0010,3.0
9,2008,6,46.5,0.51,0.19,0.11,0.54,0.329,0.005,4.43,3.18,0.010,0.23,0.0010,4.6
9,2008,7,64.6,0.59,0.20,0.08,0.59,0.374,0.005,4.44,3.36,0.010,0.26,0.0010,6.2
9,2008,8,164.3,0.49,0.16,0.06,0.44,0.366,0.005,4.34,2.87,0.010,0.16,0.0010,4.4
9,2008,9,58.1,0.51,0.18,0.10,0.56,0.316,0.005,4.35,3.00,0.010,0.30,0.0010,5.7
9,2008,10,90.5,0.54,0.20,0.13,0.61,0.232,0.005,4.56,3.23,0.010,0.38,0.0020,5.8
9,2008,11,93.2,0.51,0.19,0.11,0.60,0.236,0.005,4.52,3.23,0.036,0.39,0.0010,5.4
9,2008,12,91.1,0.42,0.16,0.10,0.46,0.245,0.005,4.47,2.76,0.146,0.25,0.0010,4.0
9,2009,1,9.2,0.58,0.21,0.14,0.69,0.173,0.005,4.73,3.39,0.250,0.29,0.0010,5.9
9,2009,2,26.0,0.64,0.24,0.16,0.73,0.185,0.005,4.78,3.56,0.444,0.34,0.0010,6.2
9,2009,3,55.8,0.50,0.20,0.14,0.56,0.275,0.005,4.50,3.31,0.559,0.29,0.0010,4.8
9,2009,4,240.6,0.40,0.15,0.11,0.42,0.279,0.005,4.50,2.65,0.233,0.19,0.0010,3.3
9,2009,5,90.6,0.41,0.15,0.10,0.43,0.278,0.005,4.50,2.45,0.012,0.19,0.0010,3.4
9,2009,6,80.2,0.50,0.17,0.10,0.56,0.243,0.005,4.60,2.71,0.010,0.19,0.0010,4.7
9,2009,7,116.6,0.44,0.15,0.08,0.45,0.332,0.005,4.42,2.31,0.010,0.15,0.0010,4.3
9,2009,8,63.1,0.49,0.16,0.08,0.54,0.301,0.005,4.47,2.70,0.010,0.18,0.0010,5.3
9,2009,9,13.5,0.60,0.22,0.16,0.72,0.283,0.005,4.54,3.17,0.010,0.42,0.0010,7.4
9,2009,10,129.0,0.46,0.19,0.22,0.52,0.322,0.005,4.41,2.76,0.010,0.39,0.0010,5.2
9,2009,11,95.0,0.50,0.18,0.12,0.58,0.238,0.005,4.57,2.80,0.010,0.37,0.0010,5.5
9,2009,12,89.7,0.52,0.19,0.12,0.59,0.219,0.005,4.65,2.84,0.038,0.33,0.0010,5.5
9,2010,1,69.5,0.62,0.22,0.20,0.68,0.172,0.005,4.78,3.00,0.199,0.37,0.0010,5.6
9,2010,2,10.1,0.68,0.24,0.19,0.79,0.123,0.005,5.08,3.29,0.277,0.37,0.0010,6.5
9,2010,3,144.9,0.48,0.18,0.16,0.53,0.306,0.005,4.63,2.48,0.272,0.38,0.0010,4.2
9,2010,4,137.9,0.44,0.16,0.13,0.49,0.294,0.005,4.65,2.46,0.060,0.30,0.0010,3.3
9,2010,5,36.6,0.49,0.17,0.12,0.58,0.243,0.005,4.70,2.72,0.010,0.25,0.0010,4.4
9,2010,6,70.1,0.49,0.18,0.09,0.55,0.255,0.005,4.44,2.42,0.010,0.20,0.0010,4.8
9,2010,7,53.4,0.57,0.19,0.09,0.68,0.241,0.005,4.54,2.83,0.010,0.26,0.0010,6.7
9,2010,8,11.2,0.70,0.24,0.14,0.87,0.277,0.005,4.72,3.09,0.010,0.34,0.0010,8.6
9,2010,9,53.2,0.51,0.19,0.24,0.62,0.369,0.005,4.34,2.51,0.010,0.38,0.0010,6.0
9,2010,10,139.0,0.47,0.17,0.15,0.54,0.348,0.005,4.35,2.39,0.010,0.47,0.0010,5.1
9,2010,11,75.8,0.54,0.19,0.12,0.67,0.205,0.005,4.66,3.05,0.010,0.40,0.0010,6.2
9,2010,12,128.1,0.47,0.17,0.11,0.56,0.228,0.005,4.56,2.69,0.045,0.36,0.0010,4.8
9,2011,1,12.2,0.66,0.24,0.17,0.83,0.143,0.005,4.99,3.29,0.088,0.36,0.0010,6.9
9,2011,2,2.9,0.76,0.29,0.22,1.02,0.084,0.005,5.53,3.50,0.256,0.37,0.0010,8.3
9,2011,3,136.4,0.47,0.18,0.20,0.50,0.253,0.005,4.52,2.42,0.764,0.46,0.0010,3.5
9,2011,4,307.4,0.37,0.14,0.13,0.41,0.300,0.005,4.53,2.16,0.230,0.30,0.0010,3.0
9,2011,5,179.5,0.35,0.13,0.13,0.39,0.304,0.005,4.52,1.92,0.010,0.23,0.0010,2.9
9,2011,6,37.6,0.53,0.19,0.14,0.66,0.241,0.005,4.62,2.39,0.010,0.27,0.0010,5.5
9,2011,7,4.9,0.60,0.21,0.16,0.84,0.180,0.005,4.75,2.78,0.010,0.31,0.0010,7.0
9,2011,8,186.8,0.45,0.16,0.08,0.47,0.393,0.005,4.38,2.15,0.010,0.22,0.0010,5.1
9,2011,9,93.5,0.47,0.16,0.09,0.57,0.357,0.005,4.44,2.32,0.016,0.26,0.0010,5.7
9,2011,10,132.9,0.45,0.16,0.11,0.56,0.324,0.005,4.49,2.28,0.010,0.32,0.0010,5.4
9,2011,11,73.0,0.44,0.17,0.13,0.56,0.360,0.005,4.46,2.20,0.051,0.39,0.0010,5.0
9,2011,12,81.4,0.51,0.18,0.12,0.63,0.253,0.005,4.67,2.62,0.187,0.36,0.0010,5.4
9,2012,1,48.0,0.59,0.21,0.16,0.75,0.182,0.005,4.91,2.94,0.329,0.34,0.0010,6.1
9,2012,2,11.8,0.60,0.22,0.16,0.75,0.183,0.005,4.83,2.94,0.439,0.36,0.0010,6.2
9,2012,3,140.6,0.43,0.17,0.15,0.51,0.270,0.005,4.56,2.23,0.710,0.31,0.0010,4.0
9,2012,4,73.0,0.41,0.17,0.23,0.49,0.295,0.005,4.49,1.96,0.300,0.31,0.0010,3.4
9,2012,5,159.6,0.46,0.16,0.13,0.58,0.230,0.005,4.68,2.43,0.095,0.25,0.0010,4.3
9,2012,6,126.0,0.47,0.17,0.14,0.63,0.239,0.005,4.64,2.35,0.010,0.22,0.0010,4.8
9,2012,7,8.1,0.62,0.21,0.17,0.92,0.194,0.005,4.89,2.89,0.010,0.31,0.0010,7.3
9,2012,8,74.9,0.48,0.17,0.21,0.38,0.332,0.044,4.38,1.74,0.045,0.16,0.0010,4.2
9,2012,9,62.8,0.50,0.18,0.17,0.55,0.368,0.005,4.39,2.15,0.020,0.37,0.0010,5.7
9,2012,10,126.5,0.47,0.18,0.16,0.62,0.428,0.005,4.41,2.19,0.010,0.55,0.0010,5.7
9,2012,11,26.5,0.54,0.20,0.16,0.73,0.254,0.005,4.68,2.53,0.015,0.60,0.0010,6.2
9,2012,12,82.3,0.52,0.19,0.12,0.69,0.242,0.005,4.71,2.60,0.309,0.46,0.0010,5.6
9,2013,1,70.4,0.37,0.15,0.14,0.47,-3.000,0.005,4.46,1.90,0.551,0.33,-3.0000,-3.0
9,2013,2,16.9,0.52,0.19,0.16,0.68,-3.000,0.005,4.72,2.51,0.573,0.35,-3.0000,-3.0
9,2013,3,45.5,0.53,0.20,0.18,0.67,-3.000,0.006,4.72,2.69,0.848,0.59,-3.0000,-3.0
9,2013,4,158.1,0.44,0.16,0.13,0.55,-3.000,0.005,4.63,2.20,0.542,0.33,-3.0000,-3.0
9,2013,5,121.1,0.41,0.15,0.10,0.53,-3.000,0.005,4.60,1.99,0.111,0.30,-3.0000,-3.0
9,2013,6,85.6,0.47,0.16,0.11,0.61,-3.000,0.006,4.66,2.22,0.020,0.29,-3.0000,-3.0
9,2013,7,117.2,0.52,0.18,0.12,0.79,-3.000,0.002,4.70,2.21,0.013,0.30,-3.0000,-3.0
9,2013,8,25.3,0.59,0.19,0.14,0.86,-3.000,0.004,4.70,2.44,0.020,0.31,-3.0000,-3.0
9,2013,9,44.7,0.57,0.19,0.15,0.75,-3.000,0.005,4.47,2.17,0.036,0.30,-3.0000,-3.0
9,2013,10,14.1,0.68,0.25,0.50,1.02,-3.000,0.006,5.07,2.66,0.019,0.45,-3.0000,-3.0
9,2013,11,95.7,0.49,0.20,0.19,0.67,-3.000,0.009,4.49,2.11,0.403,0.41,-3.0000,-3.0
9,2013,12,37.2,0.55,0.21,0.17,0.72,-3.000,0.007,4.64,2.51,0.652,0.34,-3.0000,-3.0
9,2014,1,72.6,0.50,0.19,0.16,0.60,-3.000,0.004,4.59,2.24,0.993,0.27,-3.0000,-3.0
9,2014,2,4.6,0.73,0.27,0.26,1.00,-3.000,0.018,5.51,3.14,0.717,0.40,-3.0000,-3.0
9,2014,3,11.3,0.66,0.27,0.30,0.94,-3.000,0.004,4.67,2.99,1.361,0.48,-3.0000,-3.0
9,2014,4,223.5,0.47,0.18,0.20,0.58,-3.000,0.008,4.59,2.06,1.013,0.35,-3.0000,-3.0
9,2014,5,193.7,0.53,0.18,0.20,0.62,-3.000,0.007,4.54,1.75,0.425,0.29,-3.0000,-3.0
